2025-04-23T17:04:00.077129 - Final transform:
[[ 0.04 -1.    0.07  0.03]
 [-0.7   0.02  0.71  0.02]
 [-0.71 -0.08 -0.7   0.73]
 [ 0.    0.    0.    1.  ]]
2025-04-23T17:04:00.077129 - Pose:
tensor([[[ 0.0441, -0.9963,  0.0741,  0.0333],
         [-0.6988,  0.0223,  0.7150,  0.0232],
         [-0.7140, -0.0833, -0.6952,  0.7220],
         [ 0.0000,  0.0000,  0.0000,  1.0000]]])
2025-04-23T17:04:00.142447 - Final transform:
[[ 0.04 -1.    0.07  0.03]
 [-0.7   0.02  0.71  0.02]
 [-0.71 -0.08 -0.7   0.73]
 [ 0.    0.    0.    1.  ]]
2025-04-23T17:04:00.142447 - Pose:
tensor([[[ 0.0402, -0.9965,  0.0736,  0.0332],
         [-0.7021,  0.0243,  0.7117,  0.0233],
         [-0.7109, -0.0803, -0.6987,  0.7211],
         [ 0.0000,  0.0000,  0.0000,  1.0000]]])
2025-04-23T17:04:00.208770 - Final transform:
[[ 0.04 -1.    0.07  0.03]
 [-0.71  0.02  0.71  0.02]
 [-0.71 -0.08 -0.7   0.73]
 [ 0.    0.    0.    1.  ]]
2025-04-23T17:04:00.208770 - Pose:
tensor([[[ 0.0412, -0.9966,  0.0718,  0.0332],
         [-0.7055,  0.0219,  0.7084,  0.0229],
         [-0.7075, -0.0799, -0.7022,  0.7210],
         [ 0.0000,  0.0000,  0.0000,  1.0000]]])
2025-04-23T17:04:00.275149 - Final transform:
[[ 0.05 -1.    0.08  0.03]
 [-0.71  0.02  0.71  0.02]
 [-0.71 -0.09 -0.7   0.73]
 [ 0.    0.    0.    1.  ]]
2025-04-23T17:04:00.275149 - Pose:
tensor([[[ 0.0524, -0.9958,  0.0754,  0.0330],
         [-0.7063,  0.0164,  0.7078,  0.0227],
         [-0.7060, -0.0903, -0.7024,  0.7211],
         [ 0.0000,  0.0000,  0.0000,  1.0000]]])
2025-04-23T17:04:00.344093 - Final transform:
[[ 0.04 -1.    0.07  0.03]
 [-0.7   0.02  0.71  0.02]
 [-0.71 -0.08 -0.7   0.73]
 [ 0.    0.    0.    1.  ]]
2025-04-23T17:04:00.344093 - Pose:
tensor([[[ 0.0441, -0.9962,  0.0745,  0.0332],
         [-0.6997,  0.0224,  0.7140,  0.0233],
         [-0.7130, -0.0836, -0.6961,  0.7214],
         [ 0.0000,  0.0000,  0.0000,  1.0000]]])
2025-04-23T17:04:00.411534 - Final transform:
[[ 0.04 -1.    0.07  0.03]
 [-0.71  0.02  0.71  0.02]
 [-0.7  -0.08 -0.71  0.73]
 [ 0.    0.    0.    1.  ]]
2025-04-23T17:04:00.411534 - Pose:
tensor([[[ 0.0421, -0.9966,  0.0704,  0.0332],
         [-0.7084,  0.0199,  0.7056,  0.0227],
         [-0.7046, -0.0796, -0.7052,  0.7223],
         [ 0.0000,  0.0000,  0.0000,  1.0000]]])
2025-04-23T17:04:00.479278 - Final transform:
[[ 0.04 -1.    0.07  0.03]
 [-0.71  0.02  0.71  0.02]
 [-0.71 -0.08 -0.7   0.73]
 [ 0.    0.    0.    1.  ]]
2025-04-23T17:04:00.479278 - Pose:
tensor([[[ 0.0384, -0.9967,  0.0719,  0.0332],
         [-0.7067,  0.0238,  0.7071,  0.0231],
         [-0.7065, -0.0779, -0.7034,  0.7200],
         [ 0.0000,  0.0000,  0.0000,  1.0000]]])
2025-04-23T17:04:00.547400 - Final transform:
[[ 0.04 -1.    0.07  0.03]
 [-0.7   0.03  0.71  0.02]
 [-0.71 -0.08 -0.7   0.73]
 [ 0.    0.    0.    1.  ]]
2025-04-23T17:04:00.547400 - Pose:
tensor([[[ 0.0382, -0.9965,  0.0740,  0.0330],
         [-0.7036,  0.0258,  0.7101,  0.0228],
         [-0.7096, -0.0792, -0.7002,  0.7219],
         [ 0.0000,  0.0000,  0.0000,  1.0000]]])
2025-04-23T17:04:00.614593 - Final transform:
[[ 0.05 -1.    0.07  0.03]
 [-0.7   0.02  0.71  0.02]
 [-0.71 -0.09 -0.7   0.73]
 [ 0.    0.    0.    1.  ]]
2025-04-23T17:04:00.614593 - Pose:
tensor([[[ 0.0465, -0.9961,  0.0748,  0.0333],
         [-0.7029,  0.0206,  0.7110,  0.0234],
         [-0.7098, -0.0856, -0.6992,  0.7216],
         [ 0.0000,  0.0000,  0.0000,  1.0000]]])
2025-04-23T17:04:00.680362 - Final transform:
[[ 0.04 -1.    0.07  0.03]
 [-0.7   0.02  0.71  0.02]
 [-0.71 -0.08 -0.7   0.73]
 [ 0.    0.    0.    1.  ]]
2025-04-23T17:04:00.680362 - Pose:
tensor([[[ 0.0444, -0.9965,  0.0712,  0.0331],
         [-0.7005,  0.0197,  0.7134,  0.0232],
         [-0.7122, -0.0816, -0.6972,  0.7218],
         [ 0.0000,  0.0000,  0.0000,  1.0000]]])
2025-04-23T17:04:00.747730 - Final transform:
[[ 0.04 -1.    0.07  0.03]
 [-0.7   0.02  0.71  0.02]
 [-0.71 -0.08 -0.7   0.73]
 [ 0.    0.    0.    1.  ]]
2025-04-23T17:04:00.747730 - Pose:
tensor([[[ 0.0437, -0.9964,  0.0722,  0.0331],
         [-0.7036,  0.0206,  0.7103,  0.0231],
         [-0.7092, -0.0819, -0.7002,  0.7215],
         [ 0.0000,  0.0000,  0.0000,  1.0000]]])
2025-04-23T17:04:00.814268 - Final transform:
[[ 0.04 -1.    0.07  0.03]
 [-0.7   0.02  0.71  0.02]
 [-0.71 -0.08 -0.7   0.73]
 [ 0.    0.    0.    1.  ]]
2025-04-23T17:04:00.814268 - Pose:
tensor([[[ 0.0441, -0.9965,  0.0716,  0.0330],
         [-0.7036,  0.0199,  0.7103,  0.0226],
         [-0.7092, -0.0817, -0.7003,  0.7216],
         [ 0.0000,  0.0000,  0.0000,  1.0000]]])
2025-04-23T17:04:00.884109 - Final transform:
[[ 0.04 -1.    0.07  0.03]
 [-0.7   0.02  0.71  0.02]
 [-0.71 -0.08 -0.7   0.73]
 [ 0.    0.    0.    1.  ]]
2025-04-23T17:04:00.884109 - Pose:
tensor([[[ 0.0434, -0.9964,  0.0728,  0.0332],
         [-0.7024,  0.0214,  0.7114,  0.0235],
         [-0.7104, -0.0820, -0.6990,  0.7213],
         [ 0.0000,  0.0000,  0.0000,  1.0000]]])
2025-04-23T17:04:00.950243 - Final transform:
[[ 0.05 -1.    0.07  0.03]
 [-0.7   0.02  0.71  0.02]
 [-0.71 -0.09 -0.7   0.73]
 [ 0.    0.    0.    1.  ]]
2025-04-23T17:04:00.950243 - Pose:
tensor([[[ 0.0465, -0.9961,  0.0746,  0.0332],
         [-0.7041,  0.0202,  0.7098,  0.0227],
         [-0.7086, -0.0855, -0.7004,  0.7219],
         [ 0.0000,  0.0000,  0.0000,  1.0000]]])
2025-04-23T17:04:01.016682 - Final transform:
[[ 0.04 -1.    0.07  0.03]
 [-0.7   0.02  0.71  0.02]
 [-0.71 -0.08 -0.7   0.73]
 [ 0.    0.    0.    1.  ]]
2025-04-23T17:04:01.016682 - Pose:
tensor([[[ 0.0414, -0.9965,  0.0726,  0.0330],
         [-0.7000,  0.0229,  0.7138,  0.0234],
         [-0.7129, -0.0804, -0.6966,  0.7215],
         [ 0.0000,  0.0000,  0.0000,  1.0000]]])
2025-04-23T17:04:01.083913 - Final transform:
[[ 0.05 -1.    0.08  0.03]
 [-0.7   0.02  0.71  0.02]
 [-0.71 -0.09 -0.7   0.73]
 [ 0.    0.    0.    1.  ]]
2025-04-23T17:04:01.083913 - Pose:
tensor([[[ 0.0498, -0.9959,  0.0750,  0.0332],
         [-0.7021,  0.0185,  0.7118,  0.0232],
         [-0.7103, -0.0881, -0.6984,  0.7207],
         [ 0.0000,  0.0000,  0.0000,  1.0000]]])
2025-04-23T17:04:01.152632 - Final transform:
[[ 0.06 -1.    0.07  0.03]
 [-0.7   0.01  0.71  0.02]
 [-0.71 -0.09 -0.7   0.73]
 [ 0.    0.    0.    1.  ]]
2025-04-23T17:04:01.152632 - Pose:
tensor([[[ 0.0577, -0.9957,  0.0729,  0.0331],
         [-0.7009,  0.0116,  0.7131,  0.0230],
         [-0.7109, -0.0922, -0.6972,  0.7213],
         [ 0.0000,  0.0000,  0.0000,  1.0000]]])
2025-04-23T17:04:01.218937 - Final transform:
[[ 0.04 -1.    0.07  0.03]
 [-0.7   0.02  0.71  0.02]
 [-0.71 -0.08 -0.7   0.73]
 [ 0.    0.    0.    1.  ]]
2025-04-23T17:04:01.218937 - Pose:
tensor([[[ 0.0437, -0.9965,  0.0718,  0.0330],
         [-0.7007,  0.0207,  0.7131,  0.0229],
         [-0.7121, -0.0814, -0.6974,  0.7220],
         [ 0.0000,  0.0000,  0.0000,  1.0000]]])
2025-04-23T17:04:01.286738 - Final transform:
[[ 0.05 -1.    0.07  0.03]
 [-0.7   0.02  0.71  0.02]
 [-0.71 -0.08 -0.7   0.73]
 [ 0.    0.    0.    1.  ]]
2025-04-23T17:04:01.286738 - Pose:
tensor([[[ 0.0456, -0.9963,  0.0723,  0.0331],
         [-0.7028,  0.0194,  0.7111,  0.0234],
         [-0.7099, -0.0832, -0.6993,  0.7211],
         [ 0.0000,  0.0000,  0.0000,  1.0000]]])
2025-04-23T17:04:01.353082 - Final transform:
[[ 0.03 -1.    0.07  0.03]
 [-0.7   0.03  0.71  0.02]
 [-0.71 -0.07 -0.7   0.73]
 [ 0.    0.    0.    1.  ]]
2025-04-23T17:04:01.353082 - Pose:
tensor([[[ 0.0305, -0.9968,  0.0744,  0.0332],
         [-0.7022,  0.0316,  0.7112,  0.0232],
         [-0.7113, -0.0739, -0.6990,  0.7210],
         [ 0.0000,  0.0000,  0.0000,  1.0000]]])
2025-04-23T17:04:01.419121 - Final transform:
[[ 0.05 -1.    0.07  0.03]
 [-0.7   0.02  0.71  0.02]
 [-0.71 -0.08 -0.7   0.73]
 [ 0.    0.    0.    1.  ]]
2025-04-23T17:04:01.419121 - Pose:
tensor([[[ 0.0475, -0.9962,  0.0729,  0.0332],
         [-0.7018,  0.0187,  0.7121,  0.0232],
         [-0.7108, -0.0849, -0.6983,  0.7212],
         [ 0.0000,  0.0000,  0.0000,  1.0000]]])
2025-04-23T17:04:01.486598 - Final transform:
[[ 0.05 -1.    0.07  0.03]
 [-0.7   0.02  0.71  0.02]
 [-0.71 -0.08 -0.7   0.73]
 [ 0.    0.    0.    1.  ]]
2025-04-23T17:04:01.486598 - Pose:
tensor([[[ 0.0450, -0.9962,  0.0749,  0.0330],
         [-0.6997,  0.0221,  0.7140,  0.0234],
         [-0.7130, -0.0846, -0.6961,  0.7206],
         [ 0.0000,  0.0000,  0.0000,  1.0000]]])
2025-04-23T17:04:01.556053 - Final transform:
[[ 0.04 -1.    0.07  0.03]
 [-0.7   0.02  0.71  0.02]
 [-0.71 -0.08 -0.7   0.73]
 [ 0.    0.    0.    1.  ]]
2025-04-23T17:04:01.556053 - Pose:
tensor([[[ 0.0397, -0.9966,  0.0717,  0.0330],
         [-0.6991,  0.0235,  0.7147,  0.0234],
         [-0.7140, -0.0785, -0.6958,  0.7207],
         [ 0.0000,  0.0000,  0.0000,  1.0000]]])
2025-04-23T17:04:01.623789 - Final transform:
[[ 0.04 -1.    0.07  0.03]
 [-0.7   0.03  0.71  0.02]
 [-0.71 -0.08 -0.7   0.73]
 [ 0.    0.    0.    1.  ]]
2025-04-23T17:04:01.623789 - Pose:
tensor([[[ 0.0386, -0.9965,  0.0734,  0.0332],
         [-0.7002,  0.0254,  0.7135,  0.0233],
         [-0.7129, -0.0789, -0.6968,  0.7212],
         [ 0.0000,  0.0000,  0.0000,  1.0000]]])
2025-04-23T17:04:01.690696 - Final transform:
[[ 0.05 -1.    0.07  0.03]
 [-0.7   0.02  0.71  0.02]
 [-0.71 -0.08 -0.7   0.73]
 [ 0.    0.    0.    1.  ]]
2025-04-23T17:04:01.690696 - Pose:
tensor([[[ 0.0453, -0.9964,  0.0721,  0.0331],
         [-0.7035,  0.0194,  0.7104,  0.0236],
         [-0.7092, -0.0829, -0.7001,  0.7205],
         [ 0.0000,  0.0000,  0.0000,  1.0000]]])
2025-04-23T17:04:01.754905 - Final transform:
[[ 0.05 -1.    0.07  0.03]
 [-0.7   0.02  0.71  0.02]
 [-0.71 -0.09 -0.7   0.73]
 [ 0.    0.    0.    1.  ]]
2025-04-23T17:04:01.754905 - Pose:
tensor([[[ 0.0486, -0.9962,  0.0722,  0.0331],
         [-0.6998,  0.0176,  0.7141,  0.0230],
         [-0.7127, -0.0852, -0.6963,  0.7218],
         [ 0.0000,  0.0000,  0.0000,  1.0000]]])
2025-04-23T17:04:01.819706 - Final transform:
[[ 0.05 -1.    0.07  0.03]
 [-0.7   0.02  0.71  0.02]
 [-0.71 -0.09 -0.7   0.73]
 [ 0.    0.    0.    1.  ]]
2025-04-23T17:04:01.819706 - Pose:
tensor([[[ 0.0541, -0.9957,  0.0746,  0.0331],
         [-0.7024,  0.0152,  0.7116,  0.0233],
         [-0.7097, -0.0909, -0.6986,  0.7217],
         [ 0.0000,  0.0000,  0.0000,  1.0000]]])
2025-04-23T17:04:01.883589 - Final transform:
[[ 0.06 -1.    0.07  0.03]
 [-0.7   0.01  0.71  0.02]
 [-0.71 -0.09 -0.7   0.73]
 [ 0.    0.    0.    1.  ]]
2025-04-23T17:04:01.883589 - Pose:
tensor([[[ 0.0555, -0.9957,  0.0739,  0.0332],
         [-0.7019,  0.0137,  0.7122,  0.0233],
         [-0.7101, -0.0914, -0.6981,  0.7213],
         [ 0.0000,  0.0000,  0.0000,  1.0000]]])
2025-04-23T17:04:01.948301 - Final transform:
[[ 0.04 -1.    0.07  0.03]
 [-0.7   0.02  0.71  0.02]
 [-0.71 -0.08 -0.7   0.73]
 [ 0.    0.    0.    1.  ]]
2025-04-23T17:04:01.948301 - Pose:
tensor([[[ 0.0445, -0.9964,  0.0722,  0.0331],
         [-0.7034,  0.0201,  0.7105,  0.0227],
         [-0.7094, -0.0824, -0.7000,  0.7217],
         [ 0.0000,  0.0000,  0.0000,  1.0000]]])
2025-04-23T17:04:02.014315 - Final transform:
[[ 0.05 -1.    0.07  0.03]
 [-0.7   0.02  0.71  0.02]
 [-0.71 -0.08 -0.7   0.73]
 [ 0.    0.    0.    1.  ]]
2025-04-23T17:04:02.014315 - Pose:
tensor([[[ 0.0466, -0.9963,  0.0724,  0.0330],
         [-0.6998,  0.0192,  0.7141,  0.0227],
         [-0.7128, -0.0840, -0.6963,  0.7221],
         [ 0.0000,  0.0000,  0.0000,  1.0000]]])
2025-04-23T17:04:02.079136 - Final transform:
[[ 0.04 -1.    0.07  0.03]
 [-0.7   0.02  0.71  0.02]
 [-0.71 -0.08 -0.7   0.73]
 [ 0.    0.    0.    1.  ]]
2025-04-23T17:04:02.079136 - Pose:
tensor([[[ 0.0447, -0.9965,  0.0706,  0.0331],
         [-0.7026,  0.0188,  0.7113,  0.0228],
         [-0.7102, -0.0814, -0.6993,  0.7214],
         [ 0.0000,  0.0000,  0.0000,  1.0000]]])
2025-04-23T17:04:02.142939 - Final transform:
[[ 0.04 -1.    0.07  0.03]
 [-0.7   0.02  0.71  0.02]
 [-0.71 -0.08 -0.7   0.73]
 [ 0.    0.    0.    1.  ]]
2025-04-23T17:04:02.142939 - Pose:
tensor([[[ 0.0403, -0.9964,  0.0745,  0.0332],
         [-0.7015,  0.0249,  0.7122,  0.0234],
         [-0.7115, -0.0809, -0.6980,  0.7216],
         [ 0.0000,  0.0000,  0.0000,  1.0000]]])
2025-04-23T17:04:02.207834 - Final transform:
[[ 0.04 -1.    0.07  0.03]
 [-0.7   0.02  0.72  0.02]
 [-0.71 -0.08 -0.7   0.73]
 [ 0.    0.    0.    1.  ]]
2025-04-23T17:04:02.207834 - Pose:
tensor([[[ 0.0431, -0.9964,  0.0735,  0.0334],
         [-0.6987,  0.0226,  0.7151,  0.0232],
         [-0.7141, -0.0822, -0.6952,  0.7217],
         [ 0.0000,  0.0000,  0.0000,  1.0000]]])
2025-04-23T17:04:02.273305 - Final transform:
[[ 0.05 -1.    0.07  0.03]
 [-0.7   0.02  0.71  0.02]
 [-0.71 -0.08 -0.7   0.73]
 [ 0.    0.    0.    1.  ]]
2025-04-23T17:04:02.273305 - Pose:
tensor([[[ 0.0456, -0.9963,  0.0723,  0.0331],
         [-0.7005,  0.0198,  0.7134,  0.0233],
         [-0.7122, -0.0832, -0.6970,  0.7208],
         [ 0.0000,  0.0000,  0.0000,  1.0000]]])
2025-04-23T17:04:02.337496 - Final transform:
[[ 0.05 -1.    0.07  0.03]
 [-0.7   0.02  0.71  0.02]
 [-0.71 -0.09 -0.7   0.73]
 [ 0.    0.    0.    1.  ]]
2025-04-23T17:04:02.337496 - Pose:
tensor([[[ 0.0472, -0.9961,  0.0749,  0.0331],
         [-0.7001,  0.0205,  0.7138,  0.0231],
         [-0.7125, -0.0861, -0.6964,  0.7214],
         [ 0.0000,  0.0000,  0.0000,  1.0000]]])
2025-04-23T17:04:02.403994 - Final transform:
[[ 0.04 -1.    0.07  0.03]
 [-0.7   0.02  0.71  0.02]
 [-0.71 -0.08 -0.7   0.73]
 [ 0.    0.    0.    1.  ]]
2025-04-23T17:04:02.403994 - Pose:
tensor([[[ 0.0394, -0.9967,  0.0710,  0.0332],
         [-0.7015,  0.0230,  0.7123,  0.0233],
         [-0.7116, -0.0779, -0.6982,  0.7218],
         [ 0.0000,  0.0000,  0.0000,  1.0000]]])
2025-04-23T17:04:02.471065 - Final transform:
[[ 0.04 -1.    0.07  0.03]
 [-0.7   0.03  0.72  0.02]
 [-0.72 -0.08 -0.69  0.73]
 [ 0.    0.    0.    1.  ]]
2025-04-23T17:04:02.471065 - Pose:
tensor([[[ 0.0380, -0.9966,  0.0733,  0.0331],
         [-0.6976,  0.0260,  0.7160,  0.0233],
         [-0.7155, -0.0784, -0.6942,  0.7217],
         [ 0.0000,  0.0000,  0.0000,  1.0000]]])
2025-04-23T17:04:02.536570 - Final transform:
[[ 0.05 -1.    0.07  0.03]
 [-0.7   0.02  0.71  0.02]
 [-0.71 -0.09 -0.7   0.73]
 [ 0.    0.    0.    1.  ]]
2025-04-23T17:04:02.536570 - Pose:
tensor([[[ 0.0485, -0.9961,  0.0736,  0.0330],
         [-0.7030,  0.0183,  0.7110,  0.0233],
         [-0.7095, -0.0862, -0.6994,  0.7212],
         [ 0.0000,  0.0000,  0.0000,  1.0000]]])
2025-04-23T17:04:02.602046 - Final transform:
[[ 0.04 -1.    0.08  0.03]
 [-0.7   0.03  0.71  0.02]
 [-0.71 -0.08 -0.69  0.73]
 [ 0.    0.    0.    1.  ]]
2025-04-23T17:04:02.602046 - Pose:
tensor([[[ 0.0425, -0.9961,  0.0769,  0.0331],
         [-0.6987,  0.0254,  0.7150,  0.0231],
         [-0.7141, -0.0841, -0.6949,  0.7217],
         [ 0.0000,  0.0000,  0.0000,  1.0000]]])
2025-04-23T17:04:02.666917 - Final transform:
[[ 0.04 -1.    0.07  0.03]
 [-0.7   0.03  0.71  0.02]
 [-0.71 -0.08 -0.7   0.73]
 [ 0.    0.    0.    1.  ]]
2025-04-23T17:04:02.666917 - Pose:
tensor([[[ 0.0401, -0.9964,  0.0745,  0.0330],
         [-0.7008,  0.0251,  0.7130,  0.0231],
         [-0.7123, -0.0808, -0.6972,  0.7209],
         [ 0.0000,  0.0000,  0.0000,  1.0000]]])
2025-04-23T17:04:02.730794 - Final transform:
[[ 0.05 -1.    0.07  0.03]
 [-0.7   0.02  0.71  0.02]
 [-0.71 -0.08 -0.7   0.73]
 [ 0.    0.    0.    1.  ]]
2025-04-23T17:04:02.730794 - Pose:
tensor([[[ 0.0456, -0.9963,  0.0727,  0.0330],
         [-0.7033,  0.0197,  0.7106,  0.0230],
         [-0.7094, -0.0836, -0.6998,  0.7221],
         [ 0.0000,  0.0000,  0.0000,  1.0000]]])
2025-04-23T17:04:02.798180 - Final transform:
[[ 0.05 -1.    0.07  0.03]
 [-0.7   0.02  0.71  0.02]
 [-0.71 -0.09 -0.7   0.73]
 [ 0.    0.    0.    1.  ]]
2025-04-23T17:04:02.798180 - Pose:
tensor([[[ 0.0491, -0.9960,  0.0747,  0.0332],
         [-0.6996,  0.0191,  0.7143,  0.0233],
         [-0.7128, -0.0873, -0.6959,  0.7220],
         [ 0.0000,  0.0000,  0.0000,  1.0000]]])
2025-04-23T17:04:02.864867 - Final transform:
[[ 0.05 -1.    0.07  0.03]
 [-0.7   0.02  0.71  0.02]
 [-0.71 -0.09 -0.7   0.73]
 [ 0.    0.    0.    1.  ]]
2025-04-23T17:04:02.864867 - Pose:
tensor([[[ 0.0507, -0.9961,  0.0721,  0.0331],
         [-0.7016,  0.0159,  0.7124,  0.0229],
         [-0.7108, -0.0867, -0.6980,  0.7218],
         [ 0.0000,  0.0000,  0.0000,  1.0000]]])
2025-04-23T17:04:02.932755 - Final transform:
[[ 0.04 -1.    0.07  0.03]
 [-0.7   0.02  0.71  0.02]
 [-0.71 -0.08 -0.7   0.73]
 [ 0.    0.    0.    1.  ]]
2025-04-23T17:04:02.932755 - Pose:
tensor([[[ 0.0429, -0.9963,  0.0738,  0.0331],
         [-0.6989,  0.0228,  0.7148,  0.0232],
         [-0.7139, -0.0822, -0.6954,  0.7217],
         [ 0.0000,  0.0000,  0.0000,  1.0000]]])
2025-04-23T17:04:02.996697 - Final transform:
[[ 0.04 -1.    0.07  0.03]
 [-0.7   0.02  0.71  0.02]
 [-0.71 -0.08 -0.7   0.73]
 [ 0.    0.    0.    1.  ]]
2025-04-23T17:04:02.996697 - Pose:
tensor([[[ 0.0387, -0.9967,  0.0715,  0.0331],
         [-0.7007,  0.0239,  0.7131,  0.0234],
         [-0.7124, -0.0777, -0.6974,  0.7211],
         [ 0.0000,  0.0000,  0.0000,  1.0000]]])
2025-04-23T17:04:03.062612 - Final transform:
[[ 0.04 -1.    0.08  0.03]
 [-0.7   0.02  0.71  0.02]
 [-0.71 -0.08 -0.7   0.73]
 [ 0.    0.    0.    1.  ]]
2025-04-23T17:04:03.062612 - Pose:
tensor([[[ 0.0441, -0.9962,  0.0752,  0.0331],
         [-0.7015,  0.0228,  0.7123,  0.0230],
         [-0.7113, -0.0842, -0.6978,  0.7217],
         [ 0.0000,  0.0000,  0.0000,  1.0000]]])
2025-04-23T17:04:03.129300 - Final transform:
[[ 0.05 -1.    0.07  0.03]
 [-0.7   0.02  0.72  0.02]
 [-0.72 -0.09 -0.69  0.73]
 [ 0.    0.    0.    1.  ]]
2025-04-23T17:04:03.129300 - Pose:
tensor([[[ 0.0472, -0.9962,  0.0738,  0.0331],
         [-0.6964,  0.0201,  0.7174,  0.0233],
         [-0.7161, -0.0852, -0.6928,  0.7218],
         [ 0.0000,  0.0000,  0.0000,  1.0000]]])
2025-04-23T17:04:03.197012 - Final transform:
[[ 0.05 -1.    0.08  0.03]
 [-0.7   0.02  0.72  0.02]
 [-0.71 -0.09 -0.69  0.73]
 [ 0.    0.    0.    1.  ]]
2025-04-23T17:04:03.197012 - Pose:
tensor([[[ 0.0475, -0.9960,  0.0753,  0.0330],
         [-0.6983,  0.0208,  0.7155,  0.0233],
         [-0.7143, -0.0865, -0.6945,  0.7214],
         [ 0.0000,  0.0000,  0.0000,  1.0000]]])
2025-04-23T17:04:03.261336 - Final transform:
[[ 0.04 -1.    0.07  0.03]
 [-0.7   0.03  0.71  0.02]
 [-0.71 -0.08 -0.7   0.73]
 [ 0.    0.    0.    1.  ]]
2025-04-23T17:04:03.261336 - Pose:
tensor([[[ 0.0386, -0.9965,  0.0742,  0.0331],
         [-0.7004,  0.0259,  0.7133,  0.0233],
         [-0.7127, -0.0795, -0.6969,  0.7211],
         [ 0.0000,  0.0000,  0.0000,  1.0000]]])
2025-04-23T17:04:03.324730 - Final transform:
[[ 0.05 -1.    0.07  0.03]
 [-0.7   0.02  0.71  0.02]
 [-0.71 -0.09 -0.7   0.73]
 [ 0.    0.    0.    1.  ]]
2025-04-23T17:04:03.324730 - Pose:
tensor([[[ 0.0508, -0.9959,  0.0743,  0.0330],
         [-0.7006,  0.0175,  0.7134,  0.0231],
         [-0.7118, -0.0883, -0.6968,  0.7207],
         [ 0.0000,  0.0000,  0.0000,  1.0000]]])
2025-04-23T17:04:03.388774 - Final transform:
[[ 0.05 -1.    0.08  0.03]
 [-0.7   0.02  0.71  0.02]
 [-0.71 -0.09 -0.7   0.73]
 [ 0.    0.    0.    1.  ]]
2025-04-23T17:04:03.388774 - Pose:
tensor([[[ 0.0471, -0.9960,  0.0764,  0.0331],
         [-0.6996,  0.0217,  0.7142,  0.0231],
         [-0.7129, -0.0871, -0.6958,  0.7210],
         [ 0.0000,  0.0000,  0.0000,  1.0000]]])
2025-04-23T17:04:03.452988 - Final transform:
[[ 0.05 -1.    0.08  0.03]
 [-0.7   0.02  0.71  0.02]
 [-0.71 -0.09 -0.7   0.73]
 [ 0.    0.    0.    1.  ]]
2025-04-23T17:04:03.452988 - Pose:
tensor([[[ 0.0496, -0.9959,  0.0755,  0.0330],
         [-0.6995,  0.0193,  0.7144,  0.0232],
         [-0.7129, -0.0882, -0.6957,  0.7211],
         [ 0.0000,  0.0000,  0.0000,  1.0000]]])
2025-04-23T17:04:03.520118 - Final transform:
[[ 0.05 -1.    0.08  0.03]
 [-0.7   0.02  0.71  0.02]
 [-0.71 -0.09 -0.7   0.73]
 [ 0.    0.    0.    1.  ]]
2025-04-23T17:04:03.520118 - Pose:
tensor([[[ 0.0533, -0.9956,  0.0765,  0.0330],
         [-0.7021,  0.0171,  0.7119,  0.0232],
         [-0.7101, -0.0917, -0.6981,  0.7202],
         [ 0.0000,  0.0000,  0.0000,  1.0000]]])
2025-04-23T17:04:03.585738 - Final transform:
[[ 0.05 -1.    0.07  0.03]
 [-0.7   0.02  0.71  0.02]
 [-0.71 -0.09 -0.7   0.73]
 [ 0.    0.    0.    1.  ]]
2025-04-23T17:04:03.585738 - Pose:
tensor([[[ 0.0495, -0.9960,  0.0737,  0.0331],
         [-0.7004,  0.0180,  0.7135,  0.0232],
         [-0.7120, -0.0869, -0.6968,  0.7208],
         [ 0.0000,  0.0000,  0.0000,  1.0000]]])
2025-04-23T17:04:03.652116 - Final transform:
[[ 0.04 -1.    0.08  0.03]
 [-0.7   0.02  0.71  0.02]
 [-0.71 -0.08 -0.7   0.73]
 [ 0.    0.    0.    1.  ]]
2025-04-23T17:04:03.652116 - Pose:
tensor([[[ 0.0424, -0.9962,  0.0759,  0.0331],
         [-0.6991,  0.0247,  0.7146,  0.0232],
         [-0.7137, -0.0834, -0.6954,  0.7217],
         [ 0.0000,  0.0000,  0.0000,  1.0000]]])
2025-04-23T17:04:03.719056 - Final transform:
[[ 0.04 -1.    0.08  0.03]
 [-0.7   0.02  0.71  0.02]
 [-0.71 -0.08 -0.7   0.73]
 [ 0.    0.    0.    1.  ]]
2025-04-23T17:04:03.719056 - Pose:
tensor([[[ 0.0413, -0.9963,  0.0755,  0.0330],
         [-0.7027,  0.0248,  0.7111,  0.0234],
         [-0.7103, -0.0824, -0.6990,  0.7208],
         [ 0.0000,  0.0000,  0.0000,  1.0000]]])
2025-04-23T17:04:03.787025 - Final transform:
[[ 0.05 -1.    0.07  0.03]
 [-0.7   0.01  0.72  0.02]
 [-0.71 -0.09 -0.69  0.73]
 [ 0.    0.    0.    1.  ]]
2025-04-23T17:04:03.787025 - Pose:
tensor([[[ 0.0532, -0.9960,  0.0721,  0.0331],
         [-0.6980,  0.0145,  0.7159,  0.0234],
         [-0.7141, -0.0884, -0.6945,  0.7214],
         [ 0.0000,  0.0000,  0.0000,  1.0000]]])
2025-04-23T17:04:03.853570 - Final transform:
[[ 0.04 -1.    0.07  0.03]
 [-0.7   0.03  0.71  0.02]
 [-0.71 -0.08 -0.7   0.73]
 [ 0.    0.    0.    1.  ]]
2025-04-23T17:04:03.853570 - Pose:
tensor([[[ 0.0394, -0.9964,  0.0749,  0.0331],
         [-0.7000,  0.0259,  0.7137,  0.0235],
         [-0.7131, -0.0805, -0.6965,  0.7211],
         [ 0.0000,  0.0000,  0.0000,  1.0000]]])
2025-04-23T17:04:03.920134 - Final transform:
[[ 0.04 -1.    0.07  0.03]
 [-0.7   0.02  0.71  0.02]
 [-0.71 -0.08 -0.7   0.73]
 [ 0.    0.    0.    1.  ]]
2025-04-23T17:04:03.920134 - Pose:
tensor([[[ 0.0415, -0.9966,  0.0717,  0.0332],
         [-0.7034,  0.0218,  0.7105,  0.0236],
         [-0.7096, -0.0799, -0.7001,  0.7206],
         [ 0.0000,  0.0000,  0.0000,  1.0000]]])
2025-04-23T17:04:03.987672 - Final transform:
[[ 0.05 -1.    0.07  0.03]
 [-0.7   0.02  0.72  0.02]
 [-0.71 -0.09 -0.7   0.73]
 [ 0.    0.    0.    1.  ]]
2025-04-23T17:04:03.987672 - Pose:
tensor([[[ 0.0484, -0.9962,  0.0728,  0.0331],
         [-0.6988,  0.0184,  0.7151,  0.0234],
         [-0.7137, -0.0855, -0.6952,  0.7209],
         [ 0.0000,  0.0000,  0.0000,  1.0000]]])
2025-04-23T17:04:04.053684 - Final transform:
[[ 0.03 -1.    0.07  0.03]
 [-0.7   0.03  0.71  0.02]
 [-0.71 -0.07 -0.7   0.73]
 [ 0.    0.    0.    1.  ]]
2025-04-23T17:04:04.053684 - Pose:
tensor([[[ 0.0293, -0.9968,  0.0738,  0.0331],
         [-0.7020,  0.0320,  0.7114,  0.0236],
         [-0.7116, -0.0726, -0.6989,  0.7209],
         [ 0.0000,  0.0000,  0.0000,  1.0000]]])
2025-04-23T17:04:04.118842 - Final transform:
[[ 0.04 -1.    0.07  0.03]
 [-0.7   0.02  0.71  0.02]
 [-0.71 -0.08 -0.7   0.73]
 [ 0.    0.    0.    1.  ]]
2025-04-23T17:04:04.118842 - Pose:
tensor([[[ 0.0390, -0.9968,  0.0698,  0.0330],
         [-0.7007,  0.0225,  0.7131,  0.0233],
         [-0.7123, -0.0767, -0.6976,  0.7209],
         [ 0.0000,  0.0000,  0.0000,  1.0000]]])
2025-04-23T17:04:04.183403 - Final transform:
[[ 0.04 -1.    0.07  0.03]
 [-0.71  0.02  0.71  0.02]
 [-0.71 -0.08 -0.7   0.73]
 [ 0.    0.    0.    1.  ]]
2025-04-23T17:04:04.183403 - Pose:
tensor([[[ 0.0444, -0.9963,  0.0736,  0.0330],
         [-0.7056,  0.0208,  0.7083,  0.0232],
         [-0.7072, -0.0834, -0.7020,  0.7203],
         [ 0.0000,  0.0000,  0.0000,  1.0000]]])
2025-04-23T17:04:04.247407 - Final transform:
[[ 0.04 -1.    0.07  0.03]
 [-0.7   0.02  0.71  0.02]
 [-0.71 -0.08 -0.7   0.73]
 [ 0.    0.    0.    1.  ]]
2025-04-23T17:04:04.247407 - Pose:
tensor([[[ 0.0428, -0.9964,  0.0727,  0.0332],
         [-0.7002,  0.0220,  0.7136,  0.0232],
         [-0.7127, -0.0814, -0.6968,  0.7217],
         [ 0.0000,  0.0000,  0.0000,  1.0000]]])
2025-04-23T17:04:04.311255 - Final transform:
[[ 0.05 -1.    0.07  0.03]
 [-0.7   0.02  0.71  0.02]
 [-0.71 -0.08 -0.7   0.73]
 [ 0.    0.    0.    1.  ]]
2025-04-23T17:04:04.311255 - Pose:
tensor([[[ 0.0480, -0.9962,  0.0722,  0.0331],
         [-0.7008,  0.0179,  0.7131,  0.0232],
         [-0.7117, -0.0848, -0.6973,  0.7212],
         [ 0.0000,  0.0000,  0.0000,  1.0000]]])
2025-04-23T17:04:04.376701 - Final transform:
[[ 0.04 -1.    0.07  0.03]
 [-0.7   0.02  0.71  0.02]
 [-0.71 -0.08 -0.7   0.73]
 [ 0.    0.    0.    1.  ]]
2025-04-23T17:04:04.376701 - Pose:
tensor([[[ 0.0442, -0.9963,  0.0736,  0.0331],
         [-0.6996,  0.0217,  0.7142,  0.0231],
         [-0.7131, -0.0831, -0.6961,  0.7221],
         [ 0.0000,  0.0000,  0.0000,  1.0000]]])
2025-04-23T17:04:04.444666 - Final transform:
[[ 0.05 -1.    0.08  0.03]
 [-0.7   0.02  0.72  0.02]
 [-0.71 -0.09 -0.69  0.73]
 [ 0.    0.    0.    1.  ]]
2025-04-23T17:04:04.444666 - Pose:
tensor([[[ 0.0473, -0.9961,  0.0751,  0.0330],
         [-0.6985,  0.0207,  0.7153,  0.0231],
         [-0.7141, -0.0863, -0.6948,  0.7217],
         [ 0.0000,  0.0000,  0.0000,  1.0000]]])
2025-04-23T17:04:04.509195 - Final transform:
[[ 0.05 -1.    0.07  0.03]
 [-0.7   0.02  0.72  0.02]
 [-0.71 -0.09 -0.7   0.73]
 [ 0.    0.    0.    1.  ]]
2025-04-23T17:04:04.509195 - Pose:
tensor([[[ 0.0529, -0.9959,  0.0728,  0.0331],
         [-0.6989,  0.0152,  0.7151,  0.0232],
         [-0.7133, -0.0887, -0.6953,  0.7220],
         [ 0.0000,  0.0000,  0.0000,  1.0000]]])
2025-04-23T17:04:04.572531 - Final transform:
[[ 0.05 -1.    0.08  0.03]
 [-0.7   0.02  0.71  0.02]
 [-0.71 -0.09 -0.7   0.73]
 [ 0.    0.    0.    1.  ]]
2025-04-23T17:04:04.572531 - Pose:
tensor([[[ 0.0487, -0.9959,  0.0755,  0.0330],
         [-0.6998,  0.0200,  0.7140,  0.0232],
         [-0.7127, -0.0876, -0.6960,  0.7216],
         [ 0.0000,  0.0000,  0.0000,  1.0000]]])
2025-04-23T17:04:04.639623 - Final transform:
[[ 0.05 -1.    0.08  0.03]
 [-0.7   0.02  0.72  0.02]
 [-0.72 -0.09 -0.69  0.73]
 [ 0.    0.    0.    1.  ]]
2025-04-23T17:04:04.639623 - Pose:
tensor([[[ 0.0470, -0.9960,  0.0763,  0.0331],
         [-0.6965,  0.0221,  0.7172,  0.0232],
         [-0.7160, -0.0868, -0.6927,  0.7216],
         [ 0.0000,  0.0000,  0.0000,  1.0000]]])
2025-04-23T17:04:04.707290 - Final transform:
[[ 0.05 -1.    0.07  0.03]
 [-0.7   0.02  0.71  0.02]
 [-0.71 -0.08 -0.7   0.73]
 [ 0.    0.    0.    1.  ]]
2025-04-23T17:04:04.707290 - Pose:
tensor([[[ 0.0466, -0.9963,  0.0721,  0.0331],
         [-0.6998,  0.0189,  0.7141,  0.0233],
         [-0.7128, -0.0837, -0.6963,  0.7211],
         [ 0.0000,  0.0000,  0.0000,  1.0000]]])
2025-04-23T17:04:04.776261 - Final transform:
[[ 0.05 -1.    0.08  0.03]
 [-0.7   0.02  0.71  0.02]
 [-0.71 -0.09 -0.7   0.73]
 [ 0.    0.    0.    1.  ]]
2025-04-23T17:04:04.776261 - Pose:
tensor([[[ 0.0477, -0.9960,  0.0759,  0.0331],
         [-0.7027,  0.0205,  0.7112,  0.0229],
         [-0.7099, -0.0872, -0.6989,  0.7223],
         [ 0.0000,  0.0000,  0.0000,  1.0000]]])
2025-04-23T17:04:04.839501 - Final transform:
[[ 0.04 -1.    0.07  0.03]
 [-0.7   0.02  0.71  0.02]
 [-0.71 -0.08 -0.7   0.73]
 [ 0.    0.    0.    1.  ]]
2025-04-23T17:04:04.839501 - Pose:
tensor([[[ 0.0391, -0.9968,  0.0700,  0.0331],
         [-0.7018,  0.0225,  0.7120,  0.0231],
         [-0.7113, -0.0769, -0.6986,  0.7217],
         [ 0.0000,  0.0000,  0.0000,  1.0000]]])
2025-04-23T17:04:04.905249 - Final transform:
[[ 0.04 -1.    0.08  0.03]
 [-0.7   0.03  0.71  0.02]
 [-0.71 -0.08 -0.7   0.73]
 [ 0.    0.    0.    1.  ]]
2025-04-23T17:04:04.905249 - Pose:
tensor([[[ 0.0368, -0.9964,  0.0766,  0.0332],
         [-0.7016,  0.0288,  0.7120,  0.0229],
         [-0.7116, -0.0800, -0.6980,  0.7227],
         [ 0.0000,  0.0000,  0.0000,  1.0000]]])
2025-04-23T17:04:04.969549 - Final transform:
[[ 0.06 -1.    0.07  0.03]
 [-0.7   0.01  0.71  0.02]
 [-0.71 -0.09 -0.7   0.73]
 [ 0.    0.    0.    1.  ]]
2025-04-23T17:04:04.969549 - Pose:
tensor([[[ 0.0555, -0.9957,  0.0735,  0.0330],
         [-0.7023,  0.0134,  0.7118,  0.0230],
         [-0.7098, -0.0911, -0.6985,  0.7210],
         [ 0.0000,  0.0000,  0.0000,  1.0000]]])
2025-04-23T17:04:05.034304 - Final transform:
[[ 0.05 -1.    0.08  0.03]
 [-0.7   0.02  0.71  0.02]
 [-0.71 -0.09 -0.7   0.73]
 [ 0.    0.    0.    1.  ]]
2025-04-23T17:04:05.034304 - Pose:
tensor([[[ 0.0460, -0.9959,  0.0778,  0.0331],
         [-0.6995,  0.0235,  0.7143,  0.0230],
         [-0.7132, -0.0873, -0.6955,  0.7211],
         [ 0.0000,  0.0000,  0.0000,  1.0000]]])
2025-04-23T17:04:05.100413 - Final transform:
[[ 0.05 -1.    0.08  0.03]
 [-0.7   0.02  0.71  0.02]
 [-0.71 -0.09 -0.7   0.73]
 [ 0.    0.    0.    1.  ]]
2025-04-23T17:04:05.100413 - Pose:
tensor([[[ 0.0476, -0.9960,  0.0750,  0.0331],
         [-0.7013,  0.0201,  0.7126,  0.0233],
         [-0.7113, -0.0865, -0.6976,  0.7217],
         [ 0.0000,  0.0000,  0.0000,  1.0000]]])
2025-04-23T17:04:05.165082 - Final transform:
[[ 0.03 -1.    0.07  0.03]
 [-0.7   0.03  0.71  0.02]
 [-0.71 -0.08 -0.7   0.73]
 [ 0.    0.    0.    1.  ]]
2025-04-23T17:04:05.165082 - Pose:
tensor([[[ 0.0328, -0.9966,  0.0750,  0.0331],
         [-0.7006,  0.0305,  0.7129,  0.0232],
         [-0.7128, -0.0759, -0.6973,  0.7214],
         [ 0.0000,  0.0000,  0.0000,  1.0000]]])
2025-04-23T17:04:05.232043 - Final transform:
[[ 0.03 -1.    0.07  0.03]
 [-0.7   0.03  0.71  0.02]
 [-0.71 -0.07 -0.7   0.73]
 [ 0.    0.    0.    1.  ]]
2025-04-23T17:04:05.232043 - Pose:
tensor([[[ 0.0322, -0.9968,  0.0727,  0.0333],
         [-0.7014,  0.0292,  0.7122,  0.0233],
         [-0.7121, -0.0739, -0.6982,  0.7213],
         [ 0.0000,  0.0000,  0.0000,  1.0000]]])
2025-04-23T17:04:05.298618 - Final transform:
[[ 0.04 -1.    0.07  0.03]
 [-0.7   0.02  0.71  0.02]
 [-0.71 -0.08 -0.7   0.73]
 [ 0.    0.    0.    1.  ]]
2025-04-23T17:04:05.298618 - Pose:
tensor([[[ 0.0440, -0.9965,  0.0717,  0.0330],
         [-0.7010,  0.0203,  0.7129,  0.0234],
         [-0.7118, -0.0816, -0.6976,  0.7215],
         [ 0.0000,  0.0000,  0.0000,  1.0000]]])
2025-04-23T17:04:05.365476 - Final transform:
[[ 0.04 -1.    0.07  0.03]
 [-0.7   0.02  0.71  0.02]
 [-0.71 -0.08 -0.7   0.73]
 [ 0.    0.    0.    1.  ]]
2025-04-23T17:04:05.365476 - Pose:
tensor([[[ 0.0409, -0.9965,  0.0730,  0.0331],
         [-0.7040,  0.0231,  0.7098,  0.0231],
         [-0.7090, -0.0804, -0.7006,  0.7213],
         [ 0.0000,  0.0000,  0.0000,  1.0000]]])
2025-04-23T17:04:05.432375 - Final transform:
[[ 0.05 -1.    0.07  0.03]
 [-0.7   0.02  0.71  0.02]
 [-0.71 -0.08 -0.7   0.73]
 [ 0.    0.    0.    1.  ]]
2025-04-23T17:04:05.432375 - Pose:
tensor([[[ 0.0459, -0.9962,  0.0739,  0.0330],
         [-0.7018,  0.0204,  0.7121,  0.0233],
         [-0.7109, -0.0845, -0.6982,  0.7207],
         [ 0.0000,  0.0000,  0.0000,  1.0000]]])
2025-04-23T17:04:05.498843 - Final transform:
[[ 0.05 -1.    0.08  0.03]
 [-0.7   0.02  0.71  0.02]
 [-0.71 -0.09 -0.7   0.73]
 [ 0.    0.    0.    1.  ]]
2025-04-23T17:04:05.498843 - Pose:
tensor([[[ 0.0490, -0.9960,  0.0752,  0.0330],
         [-0.7020,  0.0192,  0.7119,  0.0235],
         [-0.7105, -0.0876, -0.6983,  0.7215],
         [ 0.0000,  0.0000,  0.0000,  1.0000]]])
2025-04-23T17:04:05.572796 - Final transform:
[[ 0.04 -1.    0.08  0.03]
 [-0.7   0.02  0.71  0.02]
 [-0.71 -0.08 -0.7   0.73]
 [ 0.    0.    0.    1.  ]]
2025-04-23T17:04:05.572796 - Pose:
tensor([[[ 0.0444, -0.9962,  0.0751,  0.0331],
         [-0.7025,  0.0223,  0.7114,  0.0229],
         [-0.7103, -0.0844, -0.6988,  0.7215],
         [ 0.0000,  0.0000,  0.0000,  1.0000]]])
2025-04-23T17:04:05.637322 - Final transform:
[[ 0.05 -1.    0.07  0.03]
 [-0.7   0.02  0.71  0.02]
 [-0.71 -0.08 -0.7   0.73]
 [ 0.    0.    0.    1.  ]]
2025-04-23T17:04:05.637322 - Pose:
tensor([[[ 0.0477, -0.9964,  0.0699,  0.0331],
         [-0.7023,  0.0163,  0.7117,  0.0226],
         [-0.7103, -0.0830, -0.6990,  0.7218],
         [ 0.0000,  0.0000,  0.0000,  1.0000]]])
2025-04-23T17:04:05.701177 - Final transform:
[[ 0.04 -1.    0.07  0.03]
 [-0.7   0.03  0.71  0.02]
 [-0.71 -0.08 -0.7   0.73]
 [ 0.    0.    0.    1.  ]]
2025-04-23T17:04:05.701177 - Pose:
tensor([[[ 0.0367, -0.9965,  0.0747,  0.0331],
         [-0.7006,  0.0277,  0.7131,  0.0231],
         [-0.7126, -0.0785, -0.6971,  0.7212],
         [ 0.0000,  0.0000,  0.0000,  1.0000]]])
2025-04-23T17:04:05.767089 - Final transform:
[[ 0.03 -1.    0.07  0.03]
 [-0.7   0.03  0.71  0.02]
 [-0.71 -0.07 -0.7   0.73]
 [ 0.    0.    0.    1.  ]]
2025-04-23T17:04:05.767089 - Pose:
tensor([[[ 0.0333, -0.9970,  0.0704,  0.0331],
         [-0.7039,  0.0266,  0.7098,  0.0231],
         [-0.7095, -0.0732, -0.7009,  0.7214],
         [ 0.0000,  0.0000,  0.0000,  1.0000]]])
2025-04-23T17:04:05.830173 - Final transform:
[[ 0.04 -1.    0.07  0.03]
 [-0.7   0.02  0.71  0.02]
 [-0.71 -0.08 -0.7   0.73]
 [ 0.    0.    0.    1.  ]]
2025-04-23T17:04:05.830173 - Pose:
tensor([[[ 0.0395, -0.9966,  0.0727,  0.0332],
         [-0.7020,  0.0241,  0.7118,  0.0232],
         [-0.7111, -0.0792, -0.6986,  0.7213],
         [ 0.0000,  0.0000,  0.0000,  1.0000]]])
2025-04-23T17:04:05.894184 - Final transform:
[[ 0.05 -1.    0.07  0.03]
 [-0.7   0.02  0.71  0.02]
 [-0.71 -0.09 -0.7   0.73]
 [ 0.    0.    0.    1.  ]]
2025-04-23T17:04:05.894184 - Pose:
tensor([[[ 0.0496, -0.9960,  0.0739,  0.0331],
         [-0.7023,  0.0178,  0.7117,  0.0234],
         [-0.7102, -0.0871, -0.6986,  0.7213],
         [ 0.0000,  0.0000,  0.0000,  1.0000]]])
2025-04-23T17:04:05.956438 - Final transform:
[[ 0.04 -1.    0.07  0.03]
 [-0.7   0.02  0.71  0.02]
 [-0.71 -0.08 -0.7   0.73]
 [ 0.    0.    0.    1.  ]]
2025-04-23T17:04:05.956438 - Pose:
tensor([[[ 0.0426, -0.9966,  0.0703,  0.0330],
         [-0.7000,  0.0204,  0.7139,  0.0229],
         [-0.7129, -0.0796, -0.6967,  0.7221],
         [ 0.0000,  0.0000,  0.0000,  1.0000]]])
2025-04-23T17:04:06.021032 - Final transform:
[[ 0.05 -1.    0.08  0.03]
 [-0.7   0.02  0.71  0.02]
 [-0.71 -0.09 -0.7   0.73]
 [ 0.    0.    0.    1.  ]]
2025-04-23T17:04:06.021032 - Pose:
tensor([[[ 0.0464, -0.9961,  0.0751,  0.0331],
         [-0.7022,  0.0210,  0.7117,  0.0234],
         [-0.7105, -0.0857, -0.6985,  0.7209],
         [ 0.0000,  0.0000,  0.0000,  1.0000]]])
2025-04-23T17:04:06.085680 - Final transform:
[[ 0.05 -1.    0.07  0.03]
 [-0.7   0.02  0.71  0.02]
 [-0.71 -0.09 -0.7   0.73]
 [ 0.    0.    0.    1.  ]]
2025-04-23T17:04:06.085680 - Pose:
tensor([[[ 0.0468, -0.9961,  0.0748,  0.0330],
         [-0.7017,  0.0205,  0.7122,  0.0232],
         [-0.7110, -0.0858, -0.6980,  0.7203],
         [ 0.0000,  0.0000,  0.0000,  1.0000]]])
2025-04-23T17:04:06.149811 - Final transform:
[[ 0.03 -1.    0.07  0.03]
 [-0.7   0.03  0.72  0.02]
 [-0.71 -0.07 -0.7   0.73]
 [ 0.    0.    0.    1.  ]]
2025-04-23T17:04:06.149811 - Pose:
tensor([[[ 0.0321, -0.9969,  0.0718,  0.0331],
         [-0.6985,  0.0290,  0.7151,  0.0234],
         [-0.7149, -0.0732, -0.6954,  0.7211],
         [ 0.0000,  0.0000,  0.0000,  1.0000]]])
2025-04-23T17:04:06.213777 - Final transform:
[[ 0.04 -1.    0.07  0.03]
 [-0.7   0.02  0.71  0.02]
 [-0.71 -0.08 -0.7   0.73]
 [ 0.    0.    0.    1.  ]]
2025-04-23T17:04:06.213777 - Pose:
tensor([[[ 0.0402, -0.9965,  0.0732,  0.0332],
         [-0.7035,  0.0238,  0.7103,  0.0228],
         [-0.7095, -0.0800, -0.7001,  0.7218],
         [ 0.0000,  0.0000,  0.0000,  1.0000]]])
2025-04-23T17:04:06.278035 - Final transform:
[[ 0.05 -1.    0.08  0.03]
 [-0.7   0.02  0.71  0.02]
 [-0.71 -0.09 -0.7   0.73]
 [ 0.    0.    0.    1.  ]]
2025-04-23T17:04:06.278035 - Pose:
tensor([[[ 0.0476, -0.9960,  0.0757,  0.0333],
         [-0.6997,  0.0208,  0.7141,  0.0233],
         [-0.7128, -0.0869, -0.6959,  0.7216],
         [ 0.0000,  0.0000,  0.0000,  1.0000]]])
2025-04-23T17:04:06.342218 - Final transform:
[[ 0.04 -1.    0.07  0.03]
 [-0.7   0.03  0.72  0.02]
 [-0.72 -0.08 -0.69  0.73]
 [ 0.    0.    0.    1.  ]]
2025-04-23T17:04:06.342218 - Pose:
tensor([[[ 0.0394, -0.9965,  0.0732,  0.0330],
         [-0.6972,  0.0251,  0.7165,  0.0232],
         [-0.7158, -0.0792, -0.6938,  0.7211],
         [ 0.0000,  0.0000,  0.0000,  1.0000]]])
2025-04-23T17:04:06.407112 - Final transform:
[[ 0.04 -1.    0.07  0.03]
 [-0.7   0.03  0.71  0.02]
 [-0.71 -0.08 -0.7   0.73]
 [ 0.    0.    0.    1.  ]]
2025-04-23T17:04:06.407112 - Pose:
tensor([[[ 0.0373, -0.9966,  0.0739,  0.0331],
         [-0.7032,  0.0264,  0.7105,  0.0233],
         [-0.7100, -0.0785, -0.6998,  0.7203],
         [ 0.0000,  0.0000,  0.0000,  1.0000]]])
2025-04-23T17:04:06.469145 - Final transform:
[[ 0.04 -1.    0.07  0.03]
 [-0.7   0.02  0.71  0.02]
 [-0.71 -0.08 -0.7   0.73]
 [ 0.    0.    0.    1.  ]]
2025-04-23T17:04:06.469145 - Pose:
tensor([[[ 0.0408, -0.9966,  0.0720,  0.0332],
         [-0.7013,  0.0228,  0.7125,  0.0229],
         [-0.7117, -0.0796, -0.6979,  0.7216],
         [ 0.0000,  0.0000,  0.0000,  1.0000]]])
2025-04-23T17:04:06.532483 - Final transform:
[[ 0.04 -1.    0.07  0.03]
 [-0.7   0.02  0.71  0.02]
 [-0.71 -0.08 -0.7   0.73]
 [ 0.    0.    0.    1.  ]]
2025-04-23T17:04:06.532483 - Pose:
tensor([[[ 0.0449, -0.9964,  0.0721,  0.0331],
         [-0.6991,  0.0202,  0.7148,  0.0231],
         [-0.7136, -0.0825, -0.6956,  0.7219],
         [ 0.0000,  0.0000,  0.0000,  1.0000]]])
2025-04-23T17:04:06.601615 - Final transform:
[[ 0.04 -1.    0.08  0.03]
 [-0.7   0.02  0.71  0.02]
 [-0.71 -0.08 -0.7   0.73]
 [ 0.    0.    0.    1.  ]]
2025-04-23T17:04:06.601615 - Pose:
tensor([[[ 0.0446, -0.9962,  0.0751,  0.0331],
         [-0.6997,  0.0225,  0.7141,  0.0230],
         [-0.7131, -0.0844, -0.6960,  0.7215],
         [ 0.0000,  0.0000,  0.0000,  1.0000]]])
2025-04-23T17:04:06.666871 - Final transform:
[[ 0.04 -1.    0.07  0.03]
 [-0.7   0.02  0.71  0.02]
 [-0.71 -0.08 -0.7   0.73]
 [ 0.    0.    0.    1.  ]]
2025-04-23T17:04:06.666871 - Pose:
tensor([[[ 0.0418, -0.9965,  0.0727,  0.0331],
         [-0.6995,  0.0228,  0.7142,  0.0230],
         [-0.7134, -0.0807, -0.6961,  0.7215],
         [ 0.0000,  0.0000,  0.0000,  1.0000]]])
2025-04-23T17:04:06.730756 - Final transform:
[[ 0.04 -1.    0.07  0.03]
 [-0.7   0.02  0.71  0.02]
 [-0.71 -0.08 -0.7   0.73]
 [ 0.    0.    0.    1.  ]]
2025-04-23T17:04:06.730756 - Pose:
tensor([[[ 0.0368, -0.9968,  0.0709,  0.0330],
         [-0.7031,  0.0245,  0.7107,  0.0229],
         [-0.7102, -0.0760, -0.6999,  0.7213],
         [ 0.0000,  0.0000,  0.0000,  1.0000]]])
2025-04-23T17:04:06.796080 - Final transform:
[[ 0.03 -1.    0.07  0.03]
 [-0.7   0.03  0.71  0.02]
 [-0.71 -0.07 -0.7   0.73]
 [ 0.    0.    0.    1.  ]]
2025-04-23T17:04:06.796080 - Pose:
tensor([[[ 0.0325, -0.9969,  0.0721,  0.0331],
         [-0.6992,  0.0289,  0.7143,  0.0230],
         [-0.7142, -0.0736, -0.6961,  0.7223],
         [ 0.0000,  0.0000,  0.0000,  1.0000]]])
2025-04-23T17:04:06.860875 - Final transform:
[[ 0.05 -1.    0.07  0.03]
 [-0.7   0.01  0.72  0.02]
 [-0.71 -0.09 -0.69  0.73]
 [ 0.    0.    0.    1.  ]]
2025-04-23T17:04:06.860875 - Pose:
tensor([[[ 0.0540, -0.9959,  0.0721,  0.0332],
         [-0.6982,  0.0140,  0.7158,  0.0234],
         [-0.7138, -0.0890, -0.6946,  0.7214],
         [ 0.0000,  0.0000,  0.0000,  1.0000]]])
2025-04-23T17:04:06.926781 - Final transform:
[[ 0.04 -1.    0.07  0.03]
 [-0.7   0.03  0.71  0.02]
 [-0.71 -0.08 -0.7   0.73]
 [ 0.    0.    0.    1.  ]]
2025-04-23T17:04:06.926781 - Pose:
tensor([[[ 0.0389, -0.9965,  0.0739,  0.0332],
         [-0.6997,  0.0257,  0.7140,  0.0234],
         [-0.7134, -0.0795, -0.6963,  0.7213],
         [ 0.0000,  0.0000,  0.0000,  1.0000]]])
2025-04-23T17:04:06.991753 - Final transform:
[[ 0.04 -1.    0.07  0.03]
 [-0.7   0.02  0.71  0.02]
