2025-04-28T15:26:36.364307 - Final transform:
[[-0.99 -0.13  0.02 -0.05]
 [ 0.1  -0.57  0.81  0.09]
 [-0.09  0.81  0.58  0.74]
 [ 0.    0.    0.    1.  ]]
2025-04-28T15:26:36.364307 - Pose:
tensor([[[-0.9909, -0.1322,  0.0239, -0.0417],
         [ 0.0961, -0.5727,  0.8141,  0.0531],
         [-0.0939,  0.8091,  0.5802,  0.7220],
         [ 0.0000,  0.0000,  0.0000,  1.0000]]])
2025-04-28T15:26:36.444470 - Final transform:
[[-0.99 -0.14  0.03 -0.05]
 [ 0.1  -0.57  0.82  0.09]
 [-0.1   0.81  0.58  0.74]
 [ 0.    0.    0.    1.  ]]
2025-04-28T15:26:36.444470 - Pose:
tensor([[[-0.9893, -0.1436,  0.0256, -0.0417],
         [ 0.1038, -0.5699,  0.8151,  0.0528],
         [-0.1025,  0.8091,  0.5787,  0.7220],
         [ 0.0000,  0.0000,  0.0000,  1.0000]]])
2025-04-28T15:26:36.515041 - Final transform:
[[-0.99 -0.15  0.02 -0.05]
 [ 0.11 -0.57  0.82  0.09]
 [-0.11  0.81  0.58  0.74]
 [ 0.    0.    0.    1.  ]]
2025-04-28T15:26:36.515041 - Pose:
tensor([[[-0.9884, -0.1503,  0.0229, -0.0418],
         [ 0.1051, -0.5668,  0.8171,  0.0527],
         [-0.1098,  0.8101,  0.5760,  0.7218],
         [ 0.0000,  0.0000,  0.0000,  1.0000]]])
2025-04-28T15:26:36.583846 - Final transform:
[[-0.99 -0.16  0.02 -0.05]
 [ 0.11 -0.57  0.82  0.09]
 [-0.12  0.81  0.58  0.74]
 [ 0.    0.    0.    1.  ]]
2025-04-28T15:26:36.583846 - Pose:
tensor([[[-0.9874, -0.1567,  0.0199, -0.0421],
         [ 0.1064, -0.5666,  0.8171,  0.0529],
         [-0.1168,  0.8089,  0.5762,  0.7222],
         [ 0.0000,  0.0000,  0.0000,  1.0000]]])
2025-04-28T15:26:36.651373 - Final transform:
[[-0.99 -0.14  0.02 -0.05]
 [ 0.1  -0.57  0.82  0.09]
 [-0.1   0.81  0.58  0.74]
 [ 0.    0.    0.    1.  ]]
2025-04-28T15:26:36.651373 - Pose:
tensor([[[-0.9899, -0.1405,  0.0182, -0.0420],
         [ 0.0959, -0.5699,  0.8161,  0.0531],
         [-0.1043,  0.8097,  0.5776,  0.7222],
         [ 0.0000,  0.0000,  0.0000,  1.0000]]])
2025-04-28T15:26:36.720370 - Final transform:
[[-0.99 -0.13  0.02 -0.05]
 [ 0.09 -0.57  0.82  0.09]
 [-0.09  0.81  0.58  0.74]
 [ 0.    0.    0.    1.  ]]
2025-04-28T15:26:36.720370 - Pose:
tensor([[[-0.9911, -0.1313,  0.0234, -0.0418],
         [ 0.0948, -0.5698,  0.8163,  0.0530],
         [-0.0939,  0.8112,  0.5772,  0.7225],
         [ 0.0000,  0.0000,  0.0000,  1.0000]]])
2025-04-28T15:26:36.793169 - Final transform:
[[-0.99 -0.16  0.02 -0.05]
 [ 0.11 -0.57  0.82  0.09]
 [-0.11  0.81  0.58  0.74]
 [ 0.    0.    0.    1.  ]]
2025-04-28T15:26:36.793169 - Pose:
tensor([[[-0.9875, -0.1556,  0.0247, -0.0418],
         [ 0.1095, -0.5654,  0.8175,  0.0530],
         [-0.1133,  0.8100,  0.5754,  0.7223],
         [ 0.0000,  0.0000,  0.0000,  1.0000]]])
2025-04-28T15:26:36.867055 - Final transform:
[[-0.99 -0.13  0.02 -0.05]
 [ 0.09 -0.57  0.82  0.09]
 [-0.09  0.81  0.58  0.75]
 [ 0.    0.    0.    1.  ]]
2025-04-28T15:26:36.867055 - Pose:
tensor([[[-0.9916, -0.1272,  0.0244, -0.0420],
         [ 0.0934, -0.5715,  0.8153,  0.0531],
         [-0.0898,  0.8107,  0.5785,  0.7229],
         [ 0.0000,  0.0000,  0.0000,  1.0000]]])
2025-04-28T15:26:36.934501 - Final transform:
[[-0.99 -0.15  0.02 -0.05]
 [ 0.1  -0.57  0.82  0.09]
 [-0.11  0.81  0.57  0.74]
 [ 0.    0.    0.    1.  ]]
2025-04-28T15:26:36.934501 - Pose:
tensor([[[-0.9890, -0.1464,  0.0233, -0.0417],
         [ 0.1030, -0.5656,  0.8182,  0.0527],
         [-0.1066,  0.8116,  0.5744,  0.7224],
         [ 0.0000,  0.0000,  0.0000,  1.0000]]])
2025-04-28T15:26:37.006216 - Final transform:
[[-0.99 -0.14  0.02 -0.05]
 [ 0.1  -0.57  0.82  0.09]
 [-0.11  0.81  0.58  0.74]
 [ 0.    0.    0.    1.  ]]
2025-04-28T15:26:37.006216 - Pose:
tensor([[[-0.9895, -0.1434,  0.0207, -0.0419],
         [ 0.0994, -0.5678,  0.8172,  0.0533],
         [-0.1054,  0.8106,  0.5760,  0.7226],
         [ 0.0000,  0.0000,  0.0000,  1.0000]]])
2025-04-28T15:26:37.077694 - Final transform:
[[-0.99 -0.13  0.02 -0.05]
 [ 0.09 -0.57  0.82  0.09]
 [-0.1   0.81  0.58  0.74]
 [ 0.    0.    0.    1.  ]]
2025-04-28T15:26:37.077694 - Pose:
tensor([[[-0.9914, -0.1297,  0.0188, -0.0420],
         [ 0.0899, -0.5684,  0.8179,  0.0531],
         [-0.0954,  0.8125,  0.5751,  0.7224],
         [ 0.0000,  0.0000,  0.0000,  1.0000]]])
2025-04-28T15:26:37.150378 - Final transform:
[[-0.99 -0.14  0.03 -0.05]
 [ 0.1  -0.57  0.82  0.09]
 [-0.1   0.81  0.58  0.75]
 [ 0.    0.    0.    1.  ]]
2025-04-28T15:26:37.150378 - Pose:
tensor([[[-0.9905, -0.1354,  0.0250, -0.0420],
         [ 0.0984, -0.5685,  0.8168,  0.0532],
         [-0.0964,  0.8115,  0.5764,  0.7228],
         [ 0.0000,  0.0000,  0.0000,  1.0000]]])
2025-04-28T15:26:37.220166 - Final transform:
[[-0.99 -0.14  0.02 -0.05]
 [ 0.1  -0.57  0.81  0.09]
 [-0.1   0.81  0.58  0.74]
 [ 0.    0.    0.    1.  ]]
2025-04-28T15:26:37.220166 - Pose:
tensor([[[-0.9903, -0.1374,  0.0227, -0.0417],
         [ 0.0980, -0.5715,  0.8148,  0.0531],
         [-0.0990,  0.8090,  0.5793,  0.7220],
         [ 0.0000,  0.0000,  0.0000,  1.0000]]])
2025-04-28T15:26:37.292950 - Final transform:
[[-0.99 -0.14  0.02 -0.05]
 [ 0.1  -0.57  0.82  0.09]
 [-0.1   0.81  0.58  0.74]
 [ 0.    0.    0.    1.  ]]
2025-04-28T15:26:37.292950 - Pose:
tensor([[[-0.9904, -0.1365,  0.0237, -0.0418],
         [ 0.0978, -0.5676,  0.8175,  0.0532],
         [-0.0981,  0.8119,  0.5755,  0.7226],
         [ 0.0000,  0.0000,  0.0000,  1.0000]]])
2025-04-28T15:26:37.366225 - Final transform:
[[-0.99 -0.14  0.02 -0.05]
 [ 0.1  -0.57  0.82  0.09]
 [-0.1   0.81  0.58  0.74]
 [ 0.    0.    0.    1.  ]]
2025-04-28T15:26:37.366225 - Pose:
tensor([[[-0.9900, -0.1399,  0.0204, -0.0418],
         [ 0.0971, -0.5685,  0.8169,  0.0527],
         [-0.1027,  0.8107,  0.5764,  0.7218],
         [ 0.0000,  0.0000,  0.0000,  1.0000]]])
2025-04-28T15:26:37.437459 - Final transform:
[[-0.99 -0.14  0.02 -0.05]
 [ 0.1  -0.57  0.82  0.09]
 [-0.1   0.81  0.58  0.74]
 [ 0.    0.    0.    1.  ]]
2025-04-28T15:26:37.437459 - Pose:
tensor([[[-0.9897, -0.1418,  0.0210, -0.0418],
         [ 0.0987, -0.5683,  0.8169,  0.0532],
         [-0.1039,  0.8105,  0.5764,  0.7223],
         [ 0.0000,  0.0000,  0.0000,  1.0000]]])
2025-04-28T15:26:37.518793 - Final transform:
[[-0.99 -0.15  0.02 -0.05]
 [ 0.11 -0.56  0.82  0.09]
 [-0.11  0.81  0.57  0.75]
 [ 0.    0.    0.    1.  ]]
2025-04-28T15:26:37.518793 - Pose:
tensor([[[-0.9880, -0.1530,  0.0229, -0.0419],
         [ 0.1064, -0.5642,  0.8188,  0.0532],
         [-0.1123,  0.8114,  0.5737,  0.7229],
         [ 0.0000,  0.0000,  0.0000,  1.0000]]])
2025-04-28T15:26:37.607153 - Final transform:
[[-0.99 -0.15  0.02 -0.05]
 [ 0.1  -0.56  0.82  0.09]
 [-0.11  0.81  0.57  0.74]
 [ 0.    0.    0.    1.  ]]
2025-04-28T15:26:37.607153 - Pose:
tensor([[[-0.9888, -0.1476,  0.0202, -0.0419],
         [ 0.1009, -0.5638,  0.8197,  0.0531],
         [-0.1096,  0.8126,  0.5724,  0.7227],
         [ 0.0000,  0.0000,  0.0000,  1.0000]]])
2025-04-28T15:26:37.681867 - Final transform:
[[-0.99 -0.15  0.02 -0.05]
 [ 0.1  -0.56  0.82  0.09]
 [-0.11  0.81  0.57  0.74]
 [ 0.    0.    0.    1.  ]]
2025-04-28T15:26:37.681867 - Pose:
tensor([[[-0.9890, -0.1460,  0.0245, -0.0419],
         [ 0.1033, -0.5620,  0.8207,  0.0531],
         [-0.1060,  0.8142,  0.5709,  0.7227],
         [ 0.0000,  0.0000,  0.0000,  1.0000]]])
2025-04-28T15:26:37.753373 - Final transform:
[[-0.99 -0.17  0.02 -0.05]
 [ 0.12 -0.57  0.82  0.09]
 [-0.12  0.81  0.58  0.74]
 [ 0.    0.    0.    1.  ]]
2025-04-28T15:26:37.753373 - Pose:
tensor([[[-0.9857, -0.1669,  0.0231, -0.0418],
         [ 0.1152, -0.5677,  0.8152,  0.0528],
         [-0.1229,  0.8062,  0.5788,  0.7222],
         [ 0.0000,  0.0000,  0.0000,  1.0000]]])
2025-04-28T15:26:37.832752 - Final transform:
[[-0.99 -0.16  0.02 -0.05]
 [ 0.11 -0.57  0.82  0.09]
 [-0.11  0.81  0.58  0.74]
 [ 0.    0.    0.    1.  ]]
2025-04-28T15:26:37.832752 - Pose:
tensor([[[-0.9872, -0.1579,  0.0243, -0.0417],
         [ 0.1109, -0.5680,  0.8155,  0.0527],
         [-0.1150,  0.8078,  0.5782,  0.7219],
         [ 0.0000,  0.0000,  0.0000,  1.0000]]])
2025-04-28T15:26:37.905553 - Final transform:
[[-0.99 -0.15  0.02 -0.05]
 [ 0.11 -0.57  0.82  0.09]
 [-0.11  0.81  0.58  0.74]
 [ 0.    0.    0.    1.  ]]
2025-04-28T15:26:37.905553 - Pose:
tensor([[[-0.9884, -0.1498,  0.0237, -0.0418],
         [ 0.1054, -0.5661,  0.8176,  0.0532],
         [-0.1090,  0.8106,  0.5753,  0.7221],
         [ 0.0000,  0.0000,  0.0000,  1.0000]]])
2025-04-28T15:26:37.980562 - Final transform:
[[-0.99 -0.14  0.03 -0.05]
 [ 0.1  -0.57  0.82  0.09]
 [-0.1   0.81  0.58  0.74]
 [ 0.    0.    0.    1.  ]]
2025-04-28T15:26:37.980562 - Pose:
tensor([[[-0.9895, -0.1424,  0.0254, -0.0417],
         [ 0.1027, -0.5681,  0.8165,  0.0530],
         [-0.1018,  0.8105,  0.5768,  0.7218],
         [ 0.0000,  0.0000,  0.0000,  1.0000]]])
2025-04-28T15:26:38.050944 - Final transform:
[[-0.99 -0.15  0.03 -0.05]
 [ 0.11 -0.57  0.82  0.09]
 [-0.11  0.81  0.58  0.74]
 [ 0.    0.    0.    1.  ]]
2025-04-28T15:26:38.050944 - Pose:
tensor([[[-0.9885, -0.1490,  0.0266, -0.0418],
         [ 0.1076, -0.5678,  0.8161,  0.0527],
         [-0.1065,  0.8095,  0.5773,  0.7219],
         [ 0.0000,  0.0000,  0.0000,  1.0000]]])
2025-04-28T15:26:38.120562 - Final transform:
[[-0.99 -0.15  0.02 -0.05]
 [ 0.11 -0.57  0.82  0.09]
 [-0.11  0.81  0.58  0.74]
 [ 0.    0.    0.    1.  ]]
2025-04-28T15:26:38.120562 - Pose:
tensor([[[-0.9880, -0.1531,  0.0214, -0.0417],
         [ 0.1055, -0.5664,  0.8173,  0.0531],
         [-0.1130,  0.8098,  0.5758,  0.7218],
         [ 0.0000,  0.0000,  0.0000,  1.0000]]])
2025-04-28T15:26:38.189424 - Final transform:
[[-0.99 -0.14  0.02 -0.05]
 [ 0.1  -0.57  0.82  0.09]
 [-0.1   0.81  0.58  0.74]
 [ 0.    0.    0.    1.  ]]
2025-04-28T15:26:38.189424 - Pose:
tensor([[[-0.9897, -0.1411,  0.0240, -0.0419],
         [ 0.1011, -0.5701,  0.8153,  0.0528],
         [-0.1014,  0.8093,  0.5785,  0.7220],
         [ 0.0000,  0.0000,  0.0000,  1.0000]]])
2025-04-28T15:26:38.260615 - Final transform:
[[-0.99 -0.15  0.02 -0.05]
 [ 0.1  -0.57  0.82  0.09]
 [-0.11  0.81  0.58  0.74]
 [ 0.    0.    0.    1.  ]]
2025-04-28T15:26:38.260615 - Pose:
tensor([[[-0.9891, -0.1457,  0.0234, -0.0417],
         [ 0.1032, -0.5692,  0.8157,  0.0527],
         [-0.1055,  0.8092,  0.5780,  0.7218],
         [ 0.0000,  0.0000,  0.0000,  1.0000]]])
2025-04-28T15:26:38.331309 - Final transform:
[[-0.99 -0.15  0.02 -0.05]
 [ 0.11 -0.57  0.82  0.09]
 [-0.11  0.81  0.58  0.74]
 [ 0.    0.    0.    1.  ]]
2025-04-28T15:26:38.331309 - Pose:
tensor([[[-0.9880, -0.1527,  0.0208, -0.0420],
         [ 0.1050, -0.5682,  0.8162,  0.0529],
         [-0.1128,  0.8086,  0.5774,  0.7222],
         [ 0.0000,  0.0000,  0.0000,  1.0000]]])
2025-04-28T15:26:38.405148 - Final transform:
[[-0.99 -0.15  0.02 -0.05]
 [ 0.11 -0.57  0.82  0.09]
 [-0.11  0.81  0.58  0.74]
 [ 0.    0.    0.    1.  ]]
2025-04-28T15:26:38.405148 - Pose:
tensor([[[-0.9879, -0.1532,  0.0221, -0.0419],
         [ 0.1065, -0.5690,  0.8154,  0.0530],
         [-0.1124,  0.8079,  0.5784,  0.7220],
         [ 0.0000,  0.0000,  0.0000,  1.0000]]])
2025-04-28T15:26:38.474065 - Final transform:
[[-0.99 -0.15  0.02 -0.05]
 [ 0.11 -0.56  0.82  0.09]
 [-0.11  0.81  0.57  0.74]
 [ 0.    0.    0.    1.  ]]
2025-04-28T15:26:38.474065 - Pose:
tensor([[[-0.9885, -0.1492,  0.0246, -0.0418],
         [ 0.1055, -0.5635,  0.8194,  0.0528],
         [-0.1083,  0.8126,  0.5727,  0.7220],
         [ 0.0000,  0.0000,  0.0000,  1.0000]]])
2025-04-28T15:26:38.541752 - Final transform:
[[-0.99 -0.17  0.02 -0.05]
 [ 0.11 -0.56  0.82  0.09]
 [-0.12  0.81  0.57  0.74]
 [ 0.    0.    0.    1.  ]]
2025-04-28T15:26:38.541752 - Pose:
tensor([[[-0.9857, -0.1668,  0.0217, -0.0418],
         [ 0.1133, -0.5631,  0.8186,  0.0530],
         [-0.1244,  0.8094,  0.5739,  0.7222],
         [ 0.0000,  0.0000,  0.0000,  1.0000]]])
2025-04-28T15:26:38.611336 - Final transform:
[[-0.99 -0.15  0.02 -0.05]
 [ 0.11 -0.57  0.81  0.09]
 [-0.11  0.81  0.58  0.74]
 [ 0.    0.    0.    1.  ]]
2025-04-28T15:26:38.611336 - Pose:
tensor([[[-0.9885, -0.1497,  0.0236, -0.0418],
         [ 0.1060, -0.5716,  0.8136,  0.0528],
         [-0.1083,  0.8067,  0.5809,  0.7219],
         [ 0.0000,  0.0000,  0.0000,  1.0000]]])
2025-04-28T15:26:38.680606 - Final transform:
[[-0.99 -0.15  0.02 -0.05]
 [ 0.1  -0.57  0.82  0.09]
 [-0.11  0.81  0.58  0.74]
 [ 0.    0.    0.    1.  ]]
2025-04-28T15:26:38.680606 - Pose:
tensor([[[-0.9888, -0.1475,  0.0205, -0.0418],
         [ 0.1017, -0.5684,  0.8165,  0.0526],
         [-0.1088,  0.8094,  0.5770,  0.7215],
         [ 0.0000,  0.0000,  0.0000,  1.0000]]])
2025-04-28T15:26:38.752319 - Final transform:
[[-0.99 -0.14  0.02 -0.05]
 [ 0.1  -0.57  0.82  0.09]
 [-0.1   0.81  0.58  0.74]
 [ 0.    0.    0.    1.  ]]
2025-04-28T15:26:38.752319 - Pose:
tensor([[[-0.9895, -0.1428,  0.0219, -0.0418],
         [ 0.0999, -0.5670,  0.8176,  0.0531],
         [-0.1044,  0.8112,  0.5753,  0.7221],
         [ 0.0000,  0.0000,  0.0000,  1.0000]]])
2025-04-28T15:26:38.822518 - Final transform:
[[-0.99 -0.14  0.03 -0.05]
 [ 0.1  -0.57  0.82  0.09]
 [-0.1   0.81  0.58  0.74]
 [ 0.    0.    0.    1.  ]]
2025-04-28T15:26:38.822518 - Pose:
tensor([[[-0.9893, -0.1434,  0.0262, -0.0419],
         [ 0.1038, -0.5668,  0.8173,  0.0528],
         [-0.1024,  0.8113,  0.5756,  0.7224],
         [ 0.0000,  0.0000,  0.0000,  1.0000]]])
2025-04-28T15:26:38.894520 - Final transform:
[[-0.99 -0.15  0.02 -0.05]
 [ 0.11 -0.56  0.82  0.09]
 [-0.11  0.81  0.57  0.74]
 [ 0.    0.    0.    1.  ]]
2025-04-28T15:26:38.894520 - Pose:
tensor([[[-0.9882, -0.1517,  0.0225, -0.0418],
         [ 0.1052, -0.5636,  0.8194,  0.0533],
         [-0.1116,  0.8120,  0.5728,  0.7226],
         [ 0.0000,  0.0000,  0.0000,  1.0000]]])
2025-04-28T15:26:38.963534 - Final transform:
[[-0.99 -0.15  0.02 -0.05]
 [ 0.1  -0.57  0.82  0.09]
 [-0.11  0.81  0.58  0.74]
 [ 0.    0.    0.    1.  ]]
2025-04-28T15:26:38.963534 - Pose:
tensor([[[-0.9891, -0.1457,  0.0221, -0.0420],
         [ 0.1021, -0.5692,  0.8158,  0.0529],
         [-0.1063,  0.8092,  0.5779,  0.7222],
         [ 0.0000,  0.0000,  0.0000,  1.0000]]])
2025-04-28T15:26:39.032780 - Final transform:
[[-0.99 -0.15  0.02 -0.05]
 [ 0.1  -0.57  0.82  0.09]
 [-0.11  0.81  0.58  0.74]
 [ 0.    0.    0.    1.  ]]
2025-04-28T15:26:39.032780 - Pose:
tensor([[[-0.9885, -0.1494,  0.0211, -0.0419],
         [ 0.1036, -0.5701,  0.8150,  0.0530],
         [-0.1098,  0.8079,  0.5790,  0.7219],
         [ 0.0000,  0.0000,  0.0000,  1.0000]]])
2025-04-28T15:26:39.103778 - Final transform:
[[-0.99 -0.16  0.03 -0.05]
 [ 0.11 -0.57  0.82  0.09]
 [-0.11  0.81  0.58  0.74]
 [ 0.    0.    0.    1.  ]]
2025-04-28T15:26:39.103778 - Pose:
tensor([[[-0.9875, -0.1557,  0.0260, -0.0419],
         [ 0.1108, -0.5662,  0.8168,  0.0528],
         [-0.1124,  0.8094,  0.5764,  0.7223],
         [ 0.0000,  0.0000,  0.0000,  1.0000]]])
2025-04-28T15:26:39.175149 - Final transform:
[[-0.99 -0.16  0.02 -0.05]
 [ 0.11 -0.56  0.82  0.09]
 [-0.12  0.81  0.57  0.74]
 [ 0.    0.    0.    1.  ]]
2025-04-28T15:26:39.175149 - Pose:
tensor([[[-0.9870, -0.1593,  0.0225, -0.0417],
         [ 0.1094, -0.5622,  0.8197,  0.0529],
         [-0.1180,  0.8115,  0.5723,  0.7220],
         [ 0.0000,  0.0000,  0.0000,  1.0000]]])
2025-04-28T15:26:39.244204 - Final transform:
[[-0.99 -0.15  0.02 -0.05]
 [ 0.1  -0.57  0.81  0.09]
 [-0.11  0.81  0.58  0.74]
 [ 0.    0.    0.    1.  ]]
2025-04-28T15:26:39.244204 - Pose:
tensor([[[-0.9884, -0.1505,  0.0208, -0.0417],
         [ 0.1041, -0.5717,  0.8138,  0.0529],
         [-0.1106,  0.8065,  0.5808,  0.7220],
         [ 0.0000,  0.0000,  0.0000,  1.0000]]])
2025-04-28T15:26:39.314274 - Final transform:
[[-0.99 -0.16  0.02 -0.05]
 [ 0.11 -0.57  0.82  0.09]
 [-0.11  0.81  0.58  0.74]
 [ 0.    0.    0.    1.  ]]
2025-04-28T15:26:39.314274 - Pose:
tensor([[[-0.9875, -0.1559,  0.0232, -0.0417],
         [ 0.1085, -0.5658,  0.8174,  0.0529],
         [-0.1143,  0.8097,  0.5756,  0.7223],
         [ 0.0000,  0.0000,  0.0000,  1.0000]]])
2025-04-28T15:26:39.383464 - Final transform:
[[-0.99 -0.14  0.02 -0.05]
 [ 0.1  -0.57  0.82  0.09]
 [-0.1   0.81  0.58  0.74]
 [ 0.    0.    0.    1.  ]]
2025-04-28T15:26:39.383464 - Pose:
tensor([[[-0.9897, -0.1416,  0.0210, -0.0419],
         [ 0.0988, -0.5692,  0.8163,  0.0533],
         [-0.1036,  0.8099,  0.5773,  0.7224],
         [ 0.0000,  0.0000,  0.0000,  1.0000]]])
2025-04-28T15:26:39.454877 - Final transform:
[[-0.99 -0.15  0.02 -0.05]
 [ 0.1  -0.57  0.82  0.09]
 [-0.12  0.81  0.57  0.74]
 [ 0.    0.    0.    1.  ]]
2025-04-28T15:26:39.454877 - Pose:
tensor([[[-0.9878, -0.1547,  0.0198, -0.0419],
         [ 0.1050, -0.5655,  0.8181,  0.0531],
         [-0.1154,  0.8101,  0.5748,  0.7227],
         [ 0.0000,  0.0000,  0.0000,  1.0000]]])
2025-04-28T15:26:39.523738 - Final transform:
[[-0.99 -0.15  0.02 -0.05]
 [ 0.11 -0.57  0.82  0.09]
 [-0.11  0.81  0.58  0.74]
 [ 0.    0.    0.    1.  ]]
2025-04-28T15:26:39.523738 - Pose:
tensor([[[-0.9880, -0.1530,  0.0206, -0.0419],
         [ 0.1050, -0.5684,  0.8160,  0.0531],
         [-0.1131,  0.8084,  0.5777,  0.7225],
         [ 0.0000,  0.0000,  0.0000,  1.0000]]])
2025-04-28T15:26:39.591783 - Final transform:
[[-0.99 -0.16  0.02 -0.05]
 [ 0.11 -0.57  0.82  0.09]
 [-0.12  0.81  0.58  0.74]
 [ 0.    0.    0.    1.  ]]
2025-04-28T15:26:39.591783 - Pose:
tensor([[[-0.9873, -0.1572,  0.0227, -0.0419],
         [ 0.1091, -0.5676,  0.8160,  0.0527],
         [-0.1154,  0.8081,  0.5776,  0.7224],
         [ 0.0000,  0.0000,  0.0000,  1.0000]]])
2025-04-28T15:26:39.660638 - Final transform:
[[-0.99 -0.14  0.02 -0.05]
 [ 0.1  -0.57  0.82  0.09]
 [-0.1   0.81  0.57  0.74]
 [ 0.    0.    0.    1.  ]]
2025-04-28T15:26:39.660638 - Pose:
tensor([[[-0.9899, -0.1402,  0.0219, -0.0420],
         [ 0.0983, -0.5663,  0.8183,  0.0528],
         [-0.1023,  0.8122,  0.5743,  0.7222],
         [ 0.0000,  0.0000,  0.0000,  1.0000]]])
2025-04-28T15:26:39.729921 - Final transform:
[[-0.99 -0.16  0.02 -0.05]
 [ 0.11 -0.56  0.82  0.09]
 [-0.12  0.81  0.57  0.74]
 [ 0.    0.    0.    1.  ]]
2025-04-28T15:26:39.729921 - Pose:
tensor([[[-0.9870, -0.1586,  0.0247, -0.0420],
         [ 0.1108, -0.5619,  0.8198,  0.0530],
         [-0.1161,  0.8119,  0.5722,  0.7229],
         [ 0.0000,  0.0000,  0.0000,  1.0000]]])
2025-04-28T15:26:39.803705 - Final transform:
[[-0.99 -0.16  0.02 -0.05]
 [ 0.11 -0.56  0.82  0.09]
 [-0.12  0.81  0.57  0.74]
 [ 0.    0.    0.    1.  ]]
2025-04-28T15:26:39.803705 - Pose:
tensor([[[-0.9871, -0.1585,  0.0235, -0.0417],
         [ 0.1100, -0.5640,  0.8184,  0.0533],
         [-0.1164,  0.8104,  0.5742,  0.7225],
         [ 0.0000,  0.0000,  0.0000,  1.0000]]])
2025-04-28T15:26:39.872435 - Final transform:
[[-0.99 -0.15  0.02 -0.05]
 [ 0.1  -0.56  0.82  0.09]
 [-0.11  0.81  0.57  0.74]
 [ 0.    0.    0.    1.  ]]
2025-04-28T15:26:39.872435 - Pose:
tensor([[[-0.9882, -0.1515,  0.0211, -0.0417],
         [ 0.1039, -0.5632,  0.8198,  0.0528],
         [-0.1123,  0.8123,  0.5723,  0.7218],
         [ 0.0000,  0.0000,  0.0000,  1.0000]]])
2025-04-28T15:26:39.940703 - Final transform:
[[-0.99 -0.15  0.02 -0.05]
 [ 0.11 -0.57  0.82  0.09]
 [-0.11  0.81  0.58  0.74]
 [ 0.    0.    0.    1.  ]]
2025-04-28T15:26:39.940703 - Pose:
tensor([[[-0.9886, -0.1489,  0.0236, -0.0419],
         [ 0.1051, -0.5684,  0.8160,  0.0528],
         [-0.1081,  0.8091,  0.5776,  0.7215],
         [ 0.0000,  0.0000,  0.0000,  1.0000]]])
2025-04-28T15:26:40.008488 - Final transform:
[[-0.98 -0.19  0.02 -0.05]
 [ 0.12 -0.55  0.83  0.09]
 [-0.14  0.81  0.56  0.74]
 [ 0.    0.    0.    1.  ]]
2025-04-28T15:26:40.008488 - Pose:
tensor([[[-0.9822, -0.1868,  0.0217, -0.0417],
         [ 0.1228, -0.5499,  0.8261,  0.0532],
         [-0.1424,  0.8141,  0.5631,  0.7221],
         [ 0.0000,  0.0000,  0.0000,  1.0000]]])
2025-04-28T15:26:40.077817 - Final transform:
[[-0.99 -0.16  0.02 -0.05]
 [ 0.11 -0.56  0.82  0.09]
 [-0.12  0.81  0.57  0.74]
 [ 0.    0.    0.    1.  ]]
2025-04-28T15:26:40.077817 - Pose:
tensor([[[-0.9869, -0.1596,  0.0229, -0.0419],
         [ 0.1094, -0.5583,  0.8224,  0.0528],
         [-0.1185,  0.8142,  0.5684,  0.7219],
         [ 0.0000,  0.0000,  0.0000,  1.0000]]])
2025-04-28T15:26:40.157160 - Final transform:
[[-0.99 -0.13  0.02 -0.05]
 [ 0.09 -0.56  0.82  0.09]
 [-0.1   0.82  0.57  0.74]
 [ 0.    0.    0.    1.  ]]
2025-04-28T15:26:40.157160 - Pose:
tensor([[[-0.9911, -0.1312,  0.0214, -0.0416],
         [ 0.0923, -0.5628,  0.8214,  0.0533],
         [-0.0957,  0.8161,  0.5699,  0.7228],
         [ 0.0000,  0.0000,  0.0000,  1.0000]]])
2025-04-28T15:26:40.226940 - Final transform:
[[-0.99 -0.15  0.03 -0.05]
 [ 0.11 -0.56  0.82  0.09]
 [-0.11  0.82  0.57  0.75]
 [ 0.    0.    0.    1.  ]]
2025-04-28T15:26:40.226940 - Pose:
tensor([[[-0.9876, -0.1542,  0.0283, -0.0423],
         [ 0.1104, -0.5555,  0.8242,  0.0534],
         [-0.1114,  0.8171,  0.5657,  0.7241],
         [ 0.0000,  0.0000,  0.0000,  1.0000]]])
2025-04-28T15:26:40.296428 - Final transform:
[[-0.99 -0.12  0.03 -0.05]
 [ 0.09 -0.59  0.8   0.09]
 [-0.08  0.8   0.6   0.75]
 [ 0.    0.    0.    1.  ]]
2025-04-28T15:26:40.296428 - Pose:
tensor([[[-0.9926, -0.1176,  0.0286, -0.0427],
         [ 0.0931, -0.5907,  0.8015,  0.0538],
         [-0.0774,  0.7983,  0.5973,  0.7251],
         [ 0.0000,  0.0000,  0.0000,  1.0000]]])
2025-04-28T15:26:40.375416 - Final transform:
[[-0.99 -0.12  0.01 -0.05]
 [ 0.09 -0.59  0.8   0.09]
 [-0.09  0.8   0.6   0.75]
 [ 0.    0.    0.    1.  ]]
2025-04-28T15:26:40.375416 - Pose:
tensor([[[-0.9922, -0.1240,  0.0144, -0.0427],
         [ 0.0853, -0.5894,  0.8033,  0.0540],
         [-0.0911,  0.7983,  0.5954,  0.7242],
         [ 0.0000,  0.0000,  0.0000,  1.0000]]])
2025-04-28T15:26:40.445310 - Final transform:
[[-0.99 -0.1   0.02 -0.05]
 [ 0.07 -0.59  0.8   0.09]
 [-0.07  0.8   0.6   0.75]
 [ 0.    0.    0.    1.  ]]
2025-04-28T15:26:40.445310 - Pose:
tensor([[[-0.9950, -0.0984,  0.0195, -0.0430],
         [ 0.0742, -0.5911,  0.8032,  0.0532],
         [-0.0675,  0.8006,  0.5954,  0.7232],
         [ 0.0000,  0.0000,  0.0000,  1.0000]]])
2025-04-28T15:26:40.516895 - Final transform:
[[-0.99 -0.11  0.01 -0.05]
 [ 0.07 -0.56  0.82  0.09]
 [-0.09  0.82  0.57  0.75]
 [ 0.    0.    0.    1.  ]]
2025-04-28T15:26:40.516895 - Pose:
tensor([[[-0.9935, -0.1134,  0.0105, -0.0436],
         [ 0.0727, -0.5609,  0.8247,  0.0528],
         [-0.0876,  0.8201,  0.5655,  0.7232],
         [ 0.0000,  0.0000,  0.0000,  1.0000]]])
2025-04-28T15:26:40.587888 - Final transform:
[[-0.99 -0.1   0.03 -0.05]
 [ 0.08 -0.56  0.82  0.09]
 [-0.07  0.82  0.57  0.74]
 [ 0.    0.    0.    1.  ]]
2025-04-28T15:26:40.587888 - Pose:
tensor([[[-0.9943, -0.1030,  0.0279, -0.0441],
         [ 0.0815, -0.5644,  0.8215,  0.0517],
         [-0.0689,  0.8191,  0.5695,  0.7220],
         [ 0.0000,  0.0000,  0.0000,  1.0000]]])
2025-04-28T15:26:40.660030 - Final transform:
[[-0.99 -0.13  0.02 -0.05]
 [ 0.09 -0.55  0.83  0.09]
 [-0.1   0.83  0.55  0.74]
 [ 0.    0.    0.    1.  ]]
2025-04-28T15:26:40.660030 - Pose:
tensor([[[-0.9908, -0.1346,  0.0164, -0.0437],
         [ 0.0880, -0.5462,  0.8330,  0.0517],
         [-0.1032,  0.8267,  0.5530,  0.7231],
         [ 0.0000,  0.0000,  0.0000,  1.0000]]])
2025-04-28T15:26:40.730841 - Final transform:
[[-0.99 -0.11  0.02 -0.05]
 [ 0.08 -0.56  0.83  0.09]
 [-0.08  0.82  0.56  0.75]
 [ 0.    0.    0.    1.  ]]
2025-04-28T15:26:40.730841 - Pose:
tensor([[[-0.9933, -0.1137,  0.0181, -0.0436],
         [ 0.0790, -0.5590,  0.8254,  0.0519],
         [-0.0838,  0.8213,  0.5643,  0.7239],
         [ 0.0000,  0.0000,  0.0000,  1.0000]]])
2025-04-28T15:26:40.803524 - Final transform:
[[-0.99 -0.14  0.01 -0.05]
 [ 0.09 -0.57  0.82  0.09]
 [-0.11  0.81  0.57  0.74]
 [ 0.    0.    0.    1.  ]]
2025-04-28T15:26:40.803524 - Pose:
tensor([[[-0.9897, -0.1425,  0.0122, -0.0434],
         [ 0.0915, -0.5650,  0.8200,  0.0527],
         [-0.1100,  0.8127,  0.5722,  0.7229],
         [ 0.0000,  0.0000,  0.0000,  1.0000]]])
2025-04-28T15:26:40.871855 - Final transform:
[[-0.99 -0.16  0.01 -0.05]
 [ 0.1  -0.56  0.82  0.09]
 [-0.12  0.81  0.57  0.74]
 [ 0.    0.    0.    1.  ]]
2025-04-28T15:26:40.871855 - Pose:
tensor([[[-0.9869, -0.1607,  0.0142, -0.0433],
         [ 0.1026, -0.5575,  0.8238,  0.0527],
         [-0.1245,  0.8144,  0.5667,  0.7232],
         [ 0.0000,  0.0000,  0.0000,  1.0000]]])
2025-04-28T15:26:40.942171 - Final transform:
[[-0.99 -0.13  0.02 -0.05]
 [ 0.09 -0.56  0.82  0.09]
 [-0.1   0.82  0.57  0.74]
 [ 0.    0.    0.    1.  ]]
2025-04-28T15:26:40.942171 - Pose:
tensor([[[-0.9913, -0.1306,  0.0161, -0.0437],
         [ 0.0870, -0.5588,  0.8247,  0.0515],
         [-0.0987,  0.8190,  0.5653,  0.7230],
         [ 0.0000,  0.0000,  0.0000,  1.0000]]])
2025-04-28T15:26:41.011023 - Final transform:
[[-1.   -0.09  0.03 -0.05]
 [ 0.07 -0.54  0.84  0.09]
 [-0.06  0.83  0.55  0.75]
 [ 0.    0.    0.    1.  ]]
2025-04-28T15:26:41.011023 - Pose:
tensor([[[-0.9955, -0.0910,  0.0256, -0.0438],
         [ 0.0713, -0.5440,  0.8361,  0.0510],
         [-0.0622,  0.8341,  0.5480,  0.7250],
         [ 0.0000,  0.0000,  0.0000,  1.0000]]])
2025-04-28T15:26:41.080641 - Final transform:
[[-0.99 -0.11  0.02 -0.05]
 [ 0.08 -0.55  0.83  0.09]
 [-0.08  0.83  0.55  0.75]
 [ 0.    0.    0.    1.  ]]
2025-04-28T15:26:41.080641 - Pose:
tensor([[[-0.9938, -0.1089,  0.0207, -0.0439],
         [ 0.0772, -0.5452,  0.8347,  0.0517],
         [-0.0796,  0.8312,  0.5503,  0.7243],
         [ 0.0000,  0.0000,  0.0000,  1.0000]]])
2025-04-28T15:26:41.151238 - Final transform:
[[-0.99 -0.14  0.03 -0.05]
 [ 0.1  -0.56  0.82  0.09]
 [-0.11  0.82  0.57  0.75]
 [ 0.    0.    0.    1.  ]]
2025-04-28T15:26:41.151238 - Pose:
tensor([[[-0.9891, -0.1450,  0.0255, -0.0438],
         [ 0.1028, -0.5567,  0.8244,  0.0520],
         [-0.1053,  0.8180,  0.5655,  0.7237],
         [ 0.0000,  0.0000,  0.0000,  1.0000]]])
2025-04-28T15:26:41.222089 - Final transform:
[[-0.99 -0.15  0.02 -0.05]
 [ 0.1  -0.56  0.82  0.09]
 [-0.11  0.81  0.57  0.75]
 [ 0.    0.    0.    1.  ]]
2025-04-28T15:26:41.222089 - Pose:
tensor([[[-0.9884, -0.1505,  0.0199, -0.0433],
         [ 0.1020, -0.5613,  0.8213,  0.0521],
         [-0.1125,  0.8138,  0.5702,  0.7232],
         [ 0.0000,  0.0000,  0.0000,  1.0000]]])
2025-04-28T15:26:41.291521 - Final transform:
[[-0.99 -0.16  0.02 -0.05]
 [ 0.11 -0.56  0.82  0.09]
 [-0.12  0.82  0.57  0.74]
 [ 0.    0.    0.    1.  ]]
2025-04-28T15:26:41.291521 - Pose:
tensor([[[-0.9867, -0.1611,  0.0220, -0.0434],
         [ 0.1091, -0.5563,  0.8238,  0.0534],
         [-0.1205,  0.8152,  0.5665,  0.7227],
         [ 0.0000,  0.0000,  0.0000,  1.0000]]])
2025-04-28T15:26:41.360094 - Final transform:
[[-0.99 -0.16  0.02 -0.05]
 [ 0.11 -0.56  0.82  0.09]
 [-0.12  0.81  0.57  0.74]
 [ 0.    0.    0.    1.  ]]
2025-04-28T15:26:41.360094 - Pose:
tensor([[[-0.9872, -0.1579,  0.0225, -0.0434],
         [ 0.1088, -0.5632,  0.8191,  0.0536],
         [-0.1167,  0.8111,  0.5732,  0.7228],
         [ 0.0000,  0.0000,  0.0000,  1.0000]]])
2025-04-28T15:26:41.428240 - Final transform:
[[-0.99 -0.17  0.02 -0.05]
 [ 0.11 -0.55  0.83  0.09]
 [-0.12  0.82  0.56  0.74]
 [ 0.    0.    0.    1.  ]]
2025-04-28T15:26:41.428240 - Pose:
tensor([[[-0.9859, -0.1658,  0.0240, -0.0435],
         [ 0.1126, -0.5496,  0.8278,  0.0538],
         [-0.1240,  0.8188,  0.5605,  0.7233],
         [ 0.0000,  0.0000,  0.0000,  1.0000]]])
2025-04-28T15:26:41.499864 - Final transform:
[[-0.99 -0.15  0.02 -0.05]
 [ 0.1  -0.56  0.83  0.09]
 [-0.11  0.82  0.56  0.74]
 [ 0.    0.    0.    1.  ]]
2025-04-28T15:26:41.499864 - Pose:
tensor([[[-0.9892, -0.1456,  0.0195, -0.0433],
         [ 0.0980, -0.5553,  0.8259,  0.0535],
         [-0.1094,  0.8188,  0.5635,  0.7218],
         [ 0.0000,  0.0000,  0.0000,  1.0000]]])
2025-04-28T15:26:41.569854 - Final transform:
[[-0.99 -0.17  0.02 -0.05]
 [ 0.11 -0.55  0.83  0.09]
 [-0.12  0.82  0.56  0.75]
 [ 0.    0.    0.    1.  ]]
2025-04-28T15:26:41.569854 - Pose:
tensor([[[-0.9860, -0.1651,  0.0225, -0.0436],
         [ 0.1114, -0.5525,  0.8260,  0.0537],
         [-0.1239,  0.8170,  0.5632,  0.7234],
         [ 0.0000,  0.0000,  0.0000,  1.0000]]])
2025-04-28T15:26:41.649367 - Final transform:
[[-0.99 -0.17  0.02 -0.05]
 [ 0.11 -0.55  0.83  0.09]
 [-0.13  0.82  0.56  0.75]
 [ 0.    0.    0.    1.  ]]
2025-04-28T15:26:41.649367 - Pose:
tensor([[[-0.9854, -0.1685,  0.0241, -0.0437],
         [ 0.1145, -0.5512,  0.8265,  0.0537],
         [-0.1260,  0.8172,  0.5624,  0.7247],
         [ 0.0000,  0.0000,  0.0000,  1.0000]]])
2025-04-28T15:26:41.724693 - Final transform:
[[-0.99 -0.15  0.02 -0.05]
 [ 0.1  -0.56  0.82  0.09]
 [-0.11  0.82  0.57  0.75]
 [ 0.    0.    0.    1.  ]]
2025-04-28T15:26:41.724693 - Pose:
tensor([[[-0.9892, -0.1451,  0.0217, -0.0437],
         [ 0.1002, -0.5600,  0.8224,  0.0539],
         [-0.1072,  0.8157,  0.5685,  0.7232],
         [ 0.0000,  0.0000,  0.0000,  1.0000]]])
2025-04-28T15:26:41.795878 - Final transform:
[[-0.98 -0.18  0.03 -0.05]
 [ 0.12 -0.54  0.83  0.09]
 [-0.13  0.82  0.55  0.75]
 [ 0.    0.    0.    1.  ]]
2025-04-28T15:26:41.795878 - Pose:
tensor([[[-0.9837, -0.1779,  0.0265, -0.0437],
         [ 0.1203, -0.5413,  0.8322,  0.0539],
         [-0.1337,  0.8218,  0.5539,  0.7246],
         [ 0.0000,  0.0000,  0.0000,  1.0000]]])
2025-04-28T15:26:41.865854 - Final transform:
[[-0.99 -0.15  0.03 -0.05]
 [ 0.11 -0.56  0.82  0.09]
 [-0.11  0.82  0.57  0.75]
 [ 0.    0.    0.    1.  ]]
2025-04-28T15:26:41.865854 - Pose:
tensor([[[-0.9877, -0.1539,  0.0270, -0.0435],
         [ 0.1095, -0.5584,  0.8223,  0.0540],
         [-0.1115,  0.8151,  0.5684,  0.7232],
         [ 0.0000,  0.0000,  0.0000,  1.0000]]])
2025-04-28T15:26:41.936307 - Final transform:
[[-0.99 -0.15  0.03 -0.05]
 [ 0.11 -0.55  0.83  0.09]
 [-0.11  0.82  0.56  0.75]
 [ 0.    0.    0.    1.  ]]
2025-04-28T15:26:41.936307 - Pose:
tensor([[[-0.9880, -0.1520,  0.0262, -0.0435],
         [ 0.1069, -0.5525,  0.8266,  0.0540],
         [-0.1111,  0.8195,  0.5622,  0.7248],
         [ 0.0000,  0.0000,  0.0000,  1.0000]]])
2025-04-28T15:26:42.007068 - Final transform:
[[-0.99 -0.14  0.02 -0.05]
 [ 0.09 -0.55  0.83  0.09]
 [-0.1   0.82  0.56  0.75]
 [ 0.    0.    0.    1.  ]]
2025-04-28T15:26:42.007068 - Pose:
tensor([[[-0.9902, -0.1383,  0.0196, -0.0434],
         [ 0.0938, -0.5537,  0.8274,  0.0541],
         [-0.1036,  0.8211,  0.5612,  0.7238],
         [ 0.0000,  0.0000,  0.0000,  1.0000]]])
2025-04-28T15:26:42.077956 - Final transform:
[[-0.99 -0.16  0.02 -0.05]
 [ 0.1  -0.55  0.83  0.09]
 [-0.12  0.82  0.56  0.75]
 [ 0.    0.    0.    1.  ]]
2025-04-28T15:26:42.077956 - Pose:
tensor([[[-0.9875, -0.1566,  0.0203, -0.0435],
         [ 0.1038, -0.5471,  0.8306,  0.0540],
         [-0.1189,  0.8223,  0.5565,  0.7245],
         [ 0.0000,  0.0000,  0.0000,  1.0000]]])
2025-04-28T15:26:42.149867 - Final transform:
[[-1.   -0.06  0.02 -0.05]
 [ 0.05 -0.57  0.82  0.09]
 [-0.03  0.82  0.57  0.74]
 [ 0.    0.    0.    1.  ]]
2025-04-28T15:26:42.149867 - Pose:
tensor([[[-0.9982, -0.0558,  0.0197, -0.0456],
         [ 0.0480, -0.5695,  0.8206,  0.0541],
         [-0.0346,  0.8201,  0.5712,  0.7206],
         [ 0.0000,  0.0000,  0.0000,  1.0000]]])
2025-04-28T15:26:42.227975 - Final transform:
[[-1.   -0.02  0.01 -0.05]
 [ 0.02 -0.55  0.83  0.09]
 [-0.01  0.83  0.55  0.74]
 [ 0.    0.    0.    1.  ]]
2025-04-28T15:26:42.227975 - Pose:
tensor([[[-0.9997, -0.0234,  0.0111, -0.0492],
         [ 0.0222, -0.5536,  0.8325,  0.0562],
         [-0.0134,  0.8324,  0.5540,  0.7193],
         [ 0.0000,  0.0000,  0.0000,  1.0000]]])
2025-04-28T15:26:42.303517 - Final transform:
[[-1.    0.04  0.01 -0.06]
 [-0.01 -0.55  0.83  0.09]
 [ 0.04  0.83  0.55  0.74]
 [ 0.    0.    0.    1.  ]]
2025-04-28T15:26:42.303517 - Pose:
tensor([[[-0.9989,  0.0443,  0.0132, -0.0553],
         [-0.0134, -0.5515,  0.8341,  0.0574],
         [ 0.0443,  0.8330,  0.5515,  0.7180],
         [ 0.0000,  0.0000,  0.0000,  1.0000]]])
2025-04-28T15:26:42.372294 - Final transform:
[[-0.99  0.13  0.01 -0.07]
 [-0.07 -0.57  0.82  0.09]
 [ 0.11  0.81  0.57  0.74]
 [ 0.    0.    0.    1.  ]]
2025-04-28T15:26:42.372294 - Pose:
tensor([[[-0.9917,  0.1280,  0.0091, -0.0605],
         [-0.0659, -0.5691,  0.8196,  0.0577],
         [ 0.1101,  0.8122,  0.5729,  0.7159],
         [ 0.0000,  0.0000,  0.0000,  1.0000]]])
2025-04-28T15:26:42.449441 - Final transform:
[[-0.96  0.27  0.02 -0.07]
 [-0.14 -0.55  0.82  0.09]
 [ 0.23  0.79  0.57  0.74]
 [ 0.    0.    0.    1.  ]]
2025-04-28T15:26:42.449441 - Pose:
tensor([[[-0.9630,  0.2688,  0.0196, -0.0626],
         [-0.1367, -0.5498,  0.8240,  0.0602],
         [ 0.2323,  0.7908,  0.5662,  0.7150],
         [ 0.0000,  0.0000,  0.0000,  1.0000]]])
2025-04-28T15:26:42.530455 - Final transform:
[[-0.84  0.54  0.05 -0.06]
 [-0.27 -0.49  0.83  0.09]
 [ 0.47  0.69  0.55  0.74]
 [ 0.    0.    0.    1.  ]]
2025-04-28T15:26:42.530455 - Pose:
tensor([[[-0.8413,  0.5387,  0.0451, -0.0599],
         [-0.2677, -0.4876,  0.8310,  0.0598],
         [ 0.4697,  0.6871,  0.5544,  0.7118],
         [ 0.0000,  0.0000,  0.0000,  1.0000]]])
2025-04-28T15:26:42.612200 - Final transform:
[[-0.71  0.7   0.04 -0.06]
 [-0.38 -0.43  0.82  0.09]
 [ 0.59  0.57  0.57  0.74]
 [ 0.    0.    0.    1.  ]]
2025-04-28T15:26:42.612200 - Pose:
tensor([[[-0.7133,  0.6995,  0.0439, -0.0549],
         [-0.3751, -0.4339,  0.8192,  0.0622],
         [ 0.5921,  0.5678,  0.5719,  0.7095],
         [ 0.0000,  0.0000,  0.0000,  1.0000]]])
2025-04-28T15:26:42.680708 - Final transform:
[[-0.7   0.72  0.03 -0.05]
 [-0.4  -0.42  0.82  0.1 ]
 [ 0.6   0.55  0.58  0.73]
 [ 0.    0.    0.    1.  ]]
2025-04-28T15:26:42.680708 - Pose:
tensor([[[-0.6963,  0.7170,  0.0331, -0.0514],
         [-0.3959, -0.4222,  0.8155,  0.0632],
         [ 0.5987,  0.5547,  0.5778,  0.7077],
         [ 0.0000,  0.0000,  0.0000,  1.0000]]])
2025-04-28T15:26:42.752678 - Final transform:
[[-0.71  0.71  0.03 -0.05]
 [-0.4  -0.43  0.81  0.1 ]
 [ 0.59  0.56  0.58  0.73]
 [ 0.    0.    0.    1.  ]]
2025-04-28T15:26:42.752678 - Pose:
tensor([[[-0.7074,  0.7062,  0.0296, -0.0510],
         [-0.3959, -0.4306,  0.8111,  0.0637],
         [ 0.5855,  0.5620,  0.5842,  0.7065],
         [ 0.0000,  0.0000,  0.0000,  1.0000]]])
2025-04-28T15:26:42.822180 - Final transform:
[[-0.72  0.7   0.03 -0.05]
 [-0.38 -0.43  0.82  0.1 ]
 [ 0.58  0.57  0.57  0.73]
 [ 0.    0.    0.    1.  ]]
2025-04-28T15:26:42.822180 - Pose:
tensor([[[-0.7166,  0.6968,  0.0312, -0.0507],
         [-0.3821, -0.4296,  0.8182,  0.0631],
         [ 0.5835,  0.5744,  0.5741,  0.7058],
         [ 0.0000,  0.0000,  0.0000,  1.0000]]])
2025-04-28T15:26:42.891562 - Final transform:
[[-0.71  0.71  0.03 -0.05]
 [-0.4  -0.43  0.81  0.1 ]
 [ 0.59  0.56  0.58  0.73]
 [ 0.    0.    0.    1.  ]]
2025-04-28T15:26:42.891562 - Pose:
tensor([[[-0.7055,  0.7081,  0.0292, -0.0508],
         [-0.3956, -0.4277,  0.8127,  0.0639],
         [ 0.5880,  0.5618,  0.5819,  0.7054],
         [ 0.0000,  0.0000,  0.0000,  1.0000]]])
2025-04-28T15:26:42.960035 - Final transform:
[[-0.72  0.7   0.03 -0.05]
 [-0.39 -0.44  0.81  0.1 ]
 [ 0.58  0.57  0.58  0.73]
 [ 0.    0.    0.    1.  ]]
2025-04-28T15:26:42.960035 - Pose:
tensor([[[-0.7182,  0.6951,  0.0326, -0.0512],
         [-0.3868, -0.4378,  0.8116,  0.0642],
         [ 0.5784,  0.5703,  0.5833,  0.7040],
         [ 0.0000,  0.0000,  0.0000,  1.0000]]])
2025-04-28T15:26:43.030444 - Final transform:
[[-0.66  0.75  0.03 -0.05]
 [-0.43 -0.41  0.81  0.1 ]
 [ 0.62  0.52  0.59  0.73]
 [ 0.    0.    0.    1.  ]]
2025-04-28T15:26:43.030444 - Pose:
tensor([[[-0.6584,  0.7520,  0.0313, -0.0495],
         [-0.4257, -0.4064,  0.8084,  0.0640],
         [ 0.6207,  0.5189,  0.5877,  0.7020],
         [ 0.0000,  0.0000,  0.0000,  1.0000]]])
2025-04-28T15:26:43.100798 - Final transform:
[[-0.52  0.86  0.03 -0.05]
 [-0.48 -0.32  0.82  0.1 ]
 [ 0.71  0.41  0.57  0.73]
 [ 0.    0.    0.    1.  ]]
2025-04-28T15:26:43.100798 - Pose:
tensor([[[-0.5170,  0.8553,  0.0346, -0.0444],
         [-0.4765, -0.3212,  0.8184,  0.0641],
         [ 0.7111,  0.4066,  0.5736,  0.7018],
         [ 0.0000,  0.0000,  0.0000,  1.0000]]])
2025-04-28T15:26:43.170007 - Final transform:
[[-0.42  0.9   0.04 -0.04]
 [-0.51 -0.28  0.81  0.1 ]
 [ 0.74  0.32  0.58  0.72]
 [ 0.    0.    0.    1.  ]]
2025-04-28T15:26:43.170007 - Pose:
tensor([[[-0.4248,  0.9042,  0.0443, -0.0403],
         [-0.5146, -0.2814,  0.8100,  0.0650],
         [ 0.7448,  0.3213,  0.5848,  0.6966],
         [ 0.0000,  0.0000,  0.0000,  1.0000]]])
2025-04-28T15:26:43.239625 - Final transform:
[[-0.35  0.94  0.04 -0.04]
 [-0.53 -0.24  0.81  0.1 ]
 [ 0.77  0.26  0.58  0.72]
 [ 0.    0.    0.    1.  ]]
2025-04-28T15:26:43.239625 - Pose:
tensor([[[-0.3520,  0.9351,  0.0415, -0.0369],
         [-0.5326, -0.2366,  0.8126,  0.0663],
         [ 0.7697,  0.2639,  0.5813,  0.6955],
         [ 0.0000,  0.0000,  0.0000,  1.0000]]])
2025-04-28T15:26:43.307547 - Final transform:
[[-0.29  0.96  0.05 -0.03]
 [-0.55 -0.2   0.81  0.1 ]
 [ 0.79  0.21  0.58  0.72]
 [ 0.    0.    0.    1.  ]]
2025-04-28T15:26:43.307547 - Pose:
tensor([[[-0.2875,  0.9567,  0.0461, -0.0316],
         [-0.5476, -0.2037,  0.8116,  0.0685],
         [ 0.7858,  0.2081,  0.5824,  0.6940],
         [ 0.0000,  0.0000,  0.0000,  1.0000]]])
2025-04-28T15:26:43.377775 - Final transform:
[[-0.21  0.98  0.05 -0.03]
 [-0.57 -0.17  0.81  0.1 ]
 [ 0.79  0.14  0.59  0.72]
 [ 0.    0.    0.    1.  ]]
2025-04-28T15:26:43.377775 - Pose:
tensor([[[-0.2110,  0.9761,  0.0523, -0.0263],
         [-0.5688, -0.1661,  0.8055,  0.0697],
         [ 0.7950,  0.1402,  0.5902,  0.6920],
         [ 0.0000,  0.0000,  0.0000,  1.0000]]])
2025-04-28T15:26:43.447850 - Final transform:
[[-0.2   0.98  0.06 -0.02]
 [-0.56 -0.16  0.81  0.1 ]
 [ 0.8   0.13  0.58  0.72]
 [ 0.    0.    0.    1.  ]]
2025-04-28T15:26:43.447850 - Pose:
tensor([[[-0.1951,  0.9792,  0.0560, -0.0206],
         [-0.5607, -0.1582,  0.8128,  0.0704],
         [ 0.8047,  0.1271,  0.5799,  0.6880],
         [ 0.0000,  0.0000,  0.0000,  1.0000]]])
2025-04-28T15:26:43.519921 - Final transform:
[[-0.19  0.98  0.05 -0.02]
 [-0.57 -0.15  0.8   0.1 ]
 [ 0.8   0.13  0.59  0.71]
 [ 0.    0.    0.    1.  ]]
2025-04-28T15:26:43.519921 - Pose:
tensor([[[-0.1913,  0.9802,  0.0501, -0.0158],
         [-0.5742, -0.1532,  0.8043,  0.0718],
         [ 0.7960,  0.1251,  0.5922,  0.6854],
         [ 0.0000,  0.0000,  0.0000,  1.0000]]])
2025-04-28T15:26:43.591384 - Final transform:
[[-0.18  0.98  0.05 -0.02]
 [-0.56 -0.14  0.82  0.1 ]
 [ 0.81  0.12  0.57  0.71]
 [ 0.    0.    0.    1.  ]]
2025-04-28T15:26:43.591384 - Pose:
tensor([[[-0.1779,  0.9827,  0.0508, -0.0156],
         [-0.5583, -0.1433,  0.8172,  0.0735],
         [ 0.8103,  0.1170,  0.5742,  0.6860],
         [ 0.0000,  0.0000,  0.0000,  1.0000]]])
2025-04-28T15:26:43.660556 - Final transform:
[[-0.13  0.99  0.05 -0.01]
 [-0.56 -0.12  0.82  0.1 ]
 [ 0.82  0.08  0.57  0.71]
 [ 0.    0.    0.    1.  ]]
2025-04-28T15:26:43.660556 - Pose:
tensor([[[-0.1343,  0.9895,  0.0526, -0.0149],
         [-0.5596, -0.1196,  0.8201,  0.0735],
         [ 0.8178,  0.0807,  0.5698,  0.6853],
         [ 0.0000,  0.0000,  0.0000,  1.0000]]])
2025-04-28T15:26:43.731322 - Final transform:
[[-0.15  0.99  0.06 -0.01]
 [-0.54 -0.13  0.83  0.11]
 [ 0.83  0.1   0.55  0.72]
 [ 0.    0.    0.    1.  ]]
2025-04-28T15:26:43.731322 - Pose:
tensor([[[-0.1538,  0.9864,  0.0589, -0.0145],
         [-0.5400, -0.1338,  0.8310,  0.0751],
         [ 0.8275,  0.0960,  0.5532,  0.6879],
         [ 0.0000,  0.0000,  0.0000,  1.0000]]])
2025-04-28T15:26:43.801039 - Final transform:
[[-0.16  0.99  0.05 -0.01]
 [-0.56 -0.14  0.82  0.1 ]
 [ 0.81  0.1   0.57  0.72]
 [ 0.    0.    0.    1.  ]]
2025-04-28T15:26:43.801039 - Pose:
tensor([[[-0.1610,  0.9854,  0.0550, -0.0147],
         [-0.5611, -0.1372,  0.8163,  0.0736],
         [ 0.8120,  0.1006,  0.5750,  0.6884],
         [ 0.0000,  0.0000,  0.0000,  1.0000]]])
2025-04-28T15:26:43.870803 - Final transform:
[[-0.21  0.98  0.05 -0.02]
 [-0.55 -0.16  0.82  0.1 ]
