2025-04-28T15:24:54.266365 - Final transform:
[[-0.96 -0.27  0.01 -0.06]
 [ 0.16 -0.54  0.82  0.07]
 [-0.22  0.8   0.57  0.77]
 [ 0.    0.    0.    1.  ]]
2025-04-28T15:24:54.266365 - Pose:
tensor([[[-0.9621, -0.2724,  0.0125, -0.0603],
         [ 0.1640, -0.5414,  0.8246,  0.0362],
         [-0.2179,  0.7954,  0.5656,  0.7538],
         [ 0.0000,  0.0000,  0.0000,  1.0000]]])
2025-04-28T15:24:54.347691 - Final transform:
[[-0.96 -0.27  0.01 -0.06]
 [ 0.17 -0.54  0.82  0.07]
 [-0.22  0.79  0.57  0.77]
 [ 0.    0.    0.    1.  ]]
2025-04-28T15:24:54.347691 - Pose:
tensor([[[-0.9619, -0.2730,  0.0123, -0.0604],
         [ 0.1651, -0.5447,  0.8222,  0.0361],
         [-0.2177,  0.7929,  0.5691,  0.7534],
         [ 0.0000,  0.0000,  0.0000,  1.0000]]])
2025-04-28T15:24:54.418392 - Final transform:
[[-0.97 -0.25  0.02 -0.06]
 [ 0.16 -0.54  0.83  0.07]
 [-0.2   0.8   0.56  0.78]
 [ 0.    0.    0.    1.  ]]
2025-04-28T15:24:54.418392 - Pose:
tensor([[[-0.9674, -0.2529,  0.0158, -0.0602],
         [ 0.1551, -0.5418,  0.8261,  0.0361],
         [-0.2004,  0.8016,  0.5633,  0.7539],
         [ 0.0000,  0.0000,  0.0000,  1.0000]]])
2025-04-28T15:24:54.489218 - Final transform:
[[-0.96 -0.27  0.01 -0.06]
 [ 0.16 -0.55  0.82  0.07]
 [-0.21  0.79  0.57  0.78]
 [ 0.    0.    0.    1.  ]]
2025-04-28T15:24:54.489218 - Pose:
tensor([[[-0.9635, -0.2675,  0.0123, -0.0603],
         [ 0.1630, -0.5492,  0.8196,  0.0360],
         [-0.2125,  0.7917,  0.5728,  0.7538],
         [ 0.0000,  0.0000,  0.0000,  1.0000]]])
2025-04-28T15:24:54.558948 - Final transform:
[[-0.96 -0.27  0.01 -0.06]
 [ 0.16 -0.54  0.83  0.07]
 [-0.21  0.8   0.56  0.77]
 [ 0.    0.    0.    1.  ]]
2025-04-28T15:24:54.558948 - Pose:
tensor([[[-0.9632, -0.2683,  0.0139, -0.0601],
         [ 0.1626, -0.5410,  0.8251,  0.0358],
         [-0.2139,  0.7971,  0.5648,  0.7536],
         [ 0.0000,  0.0000,  0.0000,  1.0000]]])
2025-04-28T15:24:54.628444 - Final transform:
[[-0.96 -0.26  0.01 -0.06]
 [ 0.16 -0.54  0.82  0.07]
 [-0.21  0.8   0.57  0.77]
 [ 0.    0.    0.    1.  ]]
2025-04-28T15:24:54.628444 - Pose:
tensor([[[-0.9642, -0.2648,  0.0134, -0.0602],
         [ 0.1611, -0.5450,  0.8228,  0.0356],
         [-0.2105,  0.7955,  0.5682,  0.7535],
         [ 0.0000,  0.0000,  0.0000,  1.0000]]])
2025-04-28T15:24:54.696550 - Final transform:
[[-0.96 -0.26  0.01 -0.06]
 [ 0.16 -0.55  0.82  0.07]
 [-0.21  0.79  0.57  0.77]
 [ 0.    0.    0.    1.  ]]
2025-04-28T15:24:54.696550 - Pose:
tensor([[[-0.9643, -0.2645,  0.0145, -0.0603],
         [ 0.1629, -0.5486,  0.8201,  0.0357],
         [-0.2089,  0.7931,  0.5721,  0.7533],
         [ 0.0000,  0.0000,  0.0000,  1.0000]]])
2025-04-28T15:24:54.764812 - Final transform:
[[-0.96 -0.27  0.01 -0.06]
 [ 0.16 -0.54  0.82  0.07]
 [-0.22  0.8   0.57  0.78]
 [ 0.    0.    0.    1.  ]]
2025-04-28T15:24:54.764812 - Pose:
tensor([[[-0.9631, -0.2688,  0.0115, -0.0604],
         [ 0.1613, -0.5428,  0.8242,  0.0360],
         [-0.2154,  0.7957,  0.5662,  0.7538],
         [ 0.0000,  0.0000,  0.0000,  1.0000]]])
2025-04-28T15:24:54.833795 - Final transform:
[[-0.96 -0.27  0.01 -0.06]
 [ 0.16 -0.54  0.82  0.07]
 [-0.21  0.8   0.57  0.78]
 [ 0.    0.    0.    1.  ]]
2025-04-28T15:24:54.833795 - Pose:
tensor([[[-0.9641, -0.2652,  0.0121, -0.0604],
         [ 0.1601, -0.5444,  0.8234,  0.0358],
         [-0.2118,  0.7958,  0.5673,  0.7539],
         [ 0.0000,  0.0000,  0.0000,  1.0000]]])
2025-04-28T15:24:54.905537 - Final transform:
[[-0.96 -0.27  0.01 -0.06]
 [ 0.16 -0.54  0.83  0.07]
 [-0.21  0.8   0.56  0.77]
 [ 0.    0.    0.    1.  ]]
2025-04-28T15:24:54.905537 - Pose:
tensor([[[-0.9640, -0.2656,  0.0137, -0.0604],
         [ 0.1607, -0.5407,  0.8257,  0.0356],
         [-0.2119,  0.7982,  0.5639,  0.7538],
         [ 0.0000,  0.0000,  0.0000,  1.0000]]])
2025-04-28T15:24:54.974327 - Final transform:
[[-0.96 -0.26  0.01 -0.06]
 [ 0.16 -0.55  0.82  0.07]
 [-0.21  0.8   0.57  0.77]
 [ 0.    0.    0.    1.  ]]
2025-04-28T15:24:54.974327 - Pose:
tensor([[[-0.9646, -0.2635,  0.0112, -0.0600],
         [ 0.1587, -0.5458,  0.8227,  0.0357],
         [-0.2107,  0.7954,  0.5683,  0.7535],
         [ 0.0000,  0.0000,  0.0000,  1.0000]]])
2025-04-28T15:24:55.049127 - Final transform:
[[-0.96 -0.28  0.01 -0.06]
 [ 0.16 -0.54  0.83  0.07]
 [-0.22  0.8   0.56  0.78]
 [ 0.    0.    0.    1.  ]]
2025-04-28T15:24:55.049127 - Pose:
tensor([[[-0.9612, -0.2755,  0.0116, -0.0603],
         [ 0.1643, -0.5384,  0.8265,  0.0361],
         [-0.2214,  0.7964,  0.5628,  0.7541],
         [ 0.0000,  0.0000,  0.0000,  1.0000]]])
2025-04-28T15:24:55.130841 - Final transform:
[[-0.96 -0.26  0.01 -0.06]
 [ 0.16 -0.54  0.82  0.07]
 [-0.21  0.8   0.57  0.78]
 [ 0.    0.    0.    1.  ]]
2025-04-28T15:24:55.130841 - Pose:
tensor([[[-0.9642, -0.2648,  0.0141, -0.0604],
         [ 0.1614, -0.5437,  0.8236,  0.0361],
         [-0.2105,  0.7964,  0.5670,  0.7539],
         [ 0.0000,  0.0000,  0.0000,  1.0000]]])
2025-04-28T15:24:55.203531 - Final transform:
[[-0.96 -0.27  0.02 -0.06]
 [ 0.16 -0.54  0.82  0.07]
 [-0.21  0.8   0.57  0.78]
 [ 0.    0.    0.    1.  ]]
2025-04-28T15:24:55.203531 - Pose:
tensor([[[-0.9629, -0.2695,  0.0152, -0.0603],
         [ 0.1649, -0.5427,  0.8236,  0.0360],
         [-0.2137,  0.7955,  0.5670,  0.7538],
         [ 0.0000,  0.0000,  0.0000,  1.0000]]])
2025-04-28T15:24:55.276244 - Final transform:
[[-0.97 -0.26  0.02 -0.06]
 [ 0.16 -0.54  0.83  0.07]
 [-0.21  0.8   0.56  0.78]
 [ 0.    0.    0.    1.  ]]
2025-04-28T15:24:55.276244 - Pose:
tensor([[[-0.9652, -0.2609,  0.0156, -0.0603],
         [ 0.1590, -0.5384,  0.8275,  0.0361],
         [-0.2075,  0.8013,  0.5612,  0.7545],
         [ 0.0000,  0.0000,  0.0000,  1.0000]]])
2025-04-28T15:24:55.339570 - Final transform:
[[-0.96 -0.27  0.02 -0.06]
 [ 0.16 -0.55  0.82  0.07]
 [-0.21  0.79  0.57  0.78]
 [ 0.    0.    0.    1.  ]]
2025-04-28T15:24:55.339570 - Pose:
tensor([[[-0.9641, -0.2653,  0.0152, -0.0603],
         [ 0.1640, -0.5491,  0.8195,  0.0361],
         [-0.2090,  0.7925,  0.5729,  0.7535],
         [ 0.0000,  0.0000,  0.0000,  1.0000]]])
2025-04-28T15:24:55.409165 - Final transform:
[[-0.96 -0.27  0.01 -0.06]
 [ 0.17 -0.54  0.82  0.07]
 [-0.22  0.79  0.57  0.77]
 [ 0.    0.    0.    1.  ]]
2025-04-28T15:24:55.409165 - Pose:
tensor([[[-0.9618, -0.2735,  0.0136, -0.0604],
         [ 0.1658, -0.5421,  0.8238,  0.0356],
         [-0.2180,  0.7945,  0.5668,  0.7532],
         [ 0.0000,  0.0000,  0.0000,  1.0000]]])
2025-04-28T15:24:55.475656 - Final transform:
[[-0.96 -0.29  0.01 -0.06]
 [ 0.17 -0.54  0.83  0.07]
 [-0.23  0.79  0.56  0.77]
 [ 0.    0.    0.    1.  ]]
2025-04-28T15:24:55.475656 - Pose:
tensor([[[-0.9579, -0.2868,  0.0115, -0.0603],
         [ 0.1707, -0.5368,  0.8263,  0.0361],
         [-0.2308,  0.7934,  0.5632,  0.7538],
         [ 0.0000,  0.0000,  0.0000,  1.0000]]])
2025-04-28T15:24:55.545458 - Final transform:
[[-0.96 -0.28  0.01 -0.06]
 [ 0.17 -0.54  0.82  0.07]
 [-0.23  0.79  0.57  0.77]
 [ 0.    0.    0.    1.  ]]
2025-04-28T15:24:55.545458 - Pose:
tensor([[[-0.9587, -0.2840,  0.0128, -0.0602],
         [ 0.1718, -0.5428,  0.8221,  0.0361],
         [-0.2265,  0.7904,  0.5692,  0.7535],
         [ 0.0000,  0.0000,  0.0000,  1.0000]]])
2025-04-28T15:24:55.616093 - Final transform:
[[-0.96 -0.27  0.01 -0.06]
 [ 0.16 -0.55  0.82  0.07]
 [-0.21  0.79  0.57  0.77]
 [ 0.    0.    0.    1.  ]]
2025-04-28T15:24:55.616093 - Pose:
tensor([[[-0.9628, -0.2700,  0.0128, -0.0606],
         [ 0.1644, -0.5475,  0.8205,  0.0358],
         [-0.2145,  0.7921,  0.5715,  0.7533],
         [ 0.0000,  0.0000,  0.0000,  1.0000]]])
2025-04-28T15:24:55.682152 - Final transform:
[[-0.96 -0.26  0.01 -0.06]
 [ 0.16 -0.54  0.82  0.07]
 [-0.21  0.8   0.57  0.77]
 [ 0.    0.    0.    1.  ]]
2025-04-28T15:24:55.682152 - Pose:
tensor([[[-0.9647, -0.2630,  0.0122, -0.0603],
         [ 0.1590, -0.5449,  0.8233,  0.0357],
         [-0.2098,  0.7962,  0.5675,  0.7534],
         [ 0.0000,  0.0000,  0.0000,  1.0000]]])
2025-04-28T15:24:55.753768 - Final transform:
[[-0.96 -0.27  0.01 -0.06]
 [ 0.16 -0.54  0.82  0.07]
 [-0.22  0.8   0.57  0.77]
 [ 0.    0.    0.    1.  ]]
2025-04-28T15:24:55.753768 - Pose:
tensor([[[-0.9618, -0.2735,  0.0106, -0.0604],
         [ 0.1630, -0.5414,  0.8248,  0.0361],
         [-0.2198,  0.7950,  0.5653,  0.7534],
         [ 0.0000,  0.0000,  0.0000,  1.0000]]])
2025-04-28T15:24:55.825549 - Final transform:
[[-0.96 -0.27  0.01 -0.06]
 [ 0.16 -0.55  0.82  0.07]
 [-0.21  0.79  0.57  0.78]
 [ 0.    0.    0.    1.  ]]
2025-04-28T15:24:55.825549 - Pose:
tensor([[[-0.9631, -0.2686,  0.0138, -0.0603],
         [ 0.1646, -0.5478,  0.8203,  0.0362],
         [-0.2128,  0.7923,  0.5718,  0.7536],
         [ 0.0000,  0.0000,  0.0000,  1.0000]]])
2025-04-28T15:24:55.902613 - Final transform:
[[-0.96 -0.26  0.02 -0.06]
 [ 0.16 -0.54  0.82  0.07]
 [-0.21  0.8   0.57  0.78]
 [ 0.    0.    0.    1.  ]]
2025-04-28T15:24:55.902613 - Pose:
tensor([[[-0.9642, -0.2646,  0.0155, -0.0606],
         [ 0.1626, -0.5444,  0.8229,  0.0358],
         [-0.2093,  0.7960,  0.5680,  0.7536],
         [ 0.0000,  0.0000,  0.0000,  1.0000]]])
2025-04-28T15:24:55.972372 - Final transform:
[[-0.96 -0.28  0.01 -0.06]
 [ 0.17 -0.54  0.82  0.07]
 [-0.22  0.79  0.57  0.77]
 [ 0.    0.    0.    1.  ]]
2025-04-28T15:24:55.972372 - Pose:
tensor([[[-0.9605, -0.2778,  0.0139, -0.0604],
         [ 0.1683, -0.5407,  0.8242,  0.0359],
         [-0.2215,  0.7940,  0.5661,  0.7535],
         [ 0.0000,  0.0000,  0.0000,  1.0000]]])
2025-04-28T15:24:56.042051 - Final transform:
[[-0.96 -0.28  0.02 -0.06]
 [ 0.17 -0.54  0.83  0.07]
 [-0.22  0.79  0.56  0.77]
 [ 0.    0.    0.    1.  ]]
2025-04-28T15:24:56.042051 - Pose:
tensor([[[-0.9597, -0.2804,  0.0157, -0.0601],
         [ 0.1707, -0.5379,  0.8255,  0.0358],
         [-0.2230,  0.7950,  0.5641,  0.7535],
         [ 0.0000,  0.0000,  0.0000,  1.0000]]])
2025-04-28T15:24:56.111946 - Final transform:
[[-0.96 -0.28  0.01 -0.06]
 [ 0.17 -0.54  0.83  0.07]
 [-0.22  0.8   0.56  0.77]
 [ 0.    0.    0.    1.  ]]
2025-04-28T15:24:56.111946 - Pose:
tensor([[[-0.9602, -0.2792,  0.0122, -0.0600],
         [ 0.1671, -0.5385,  0.8259,  0.0358],
         [-0.2240,  0.7950,  0.5637,  0.7527],
         [ 0.0000,  0.0000,  0.0000,  1.0000]]])
2025-04-28T15:24:56.181329 - Final transform:
[[-0.97 -0.25  0.02 -0.06]
 [ 0.16 -0.55  0.82  0.07]
 [-0.2   0.8   0.57  0.78]
 [ 0.    0.    0.    1.  ]]
2025-04-28T15:24:56.181329 - Pose:
tensor([[[-0.9674, -0.2525,  0.0187, -0.0599],
         [ 0.1593, -0.5494,  0.8203,  0.0355],
         [-0.1968,  0.7965,  0.5717,  0.7536],
         [ 0.0000,  0.0000,  0.0000,  1.0000]]])
2025-04-28T15:24:56.253307 - Final transform:
[[-0.96 -0.27  0.02 -0.06]
 [ 0.17 -0.54  0.82  0.07]
 [-0.21  0.8   0.57  0.78]
 [ 0.    0.    0.    1.  ]]
2025-04-28T15:24:56.253307 - Pose:
tensor([[[-0.9632, -0.2682,  0.0195, -0.0601],
         [ 0.1674, -0.5410,  0.8242,  0.0356],
         [-0.2105,  0.7971,  0.5659,  0.7538],
         [ 0.0000,  0.0000,  0.0000,  1.0000]]])
2025-04-28T15:24:56.323957 - Final transform:
[[-0.95 -0.32  0.02 -0.06]
 [ 0.19 -0.52  0.83  0.07]
 [-0.25  0.79  0.55  0.77]
 [ 0.    0.    0.    1.  ]]
2025-04-28T15:24:56.323957 - Pose:
tensor([[[-0.9486, -0.3160,  0.0162, -0.0605],
         [ 0.1878, -0.5211,  0.8326,  0.0384],
         [-0.2547,  0.7929,  0.5537,  0.7534],
         [ 0.0000,  0.0000,  0.0000,  1.0000]]])
2025-04-28T15:24:56.393230 - Final transform:
[[-0.94 -0.33  0.02 -0.06]
 [ 0.21 -0.54  0.82  0.07]
 [-0.26  0.78  0.58  0.78]
 [ 0.    0.    0.    1.  ]]
2025-04-28T15:24:56.393230 - Pose:
tensor([[[-0.9445, -0.3277,  0.0225, -0.0600],
         [ 0.2065, -0.5394,  0.8164,  0.0361],
         [-0.2554,  0.7757,  0.5771,  0.7591],
         [ 0.0000,  0.0000,  0.0000,  1.0000]]])
2025-04-28T15:24:56.462410 - Final transform:
[[-0.95 -0.32  0.   -0.07]
 [ 0.2  -0.57  0.8   0.07]
 [-0.25  0.76  0.6   0.78]
 [ 0.    0.    0.    1.  ]]
2025-04-28T15:24:56.462410 - Pose:
tensor([[[-0.9474, -0.3200,  0.0050, -0.0610],
         [ 0.1971, -0.5711,  0.7969,  0.0352],
         [-0.2522,  0.7559,  0.6041,  0.7622],
         [ 0.0000,  0.0000,  0.0000,  1.0000]]])
2025-04-28T15:24:56.531614 - Final transform:
[[-0.93 -0.36  0.01 -0.07]
 [ 0.22 -0.57  0.79  0.07]
 [-0.28  0.74  0.61  0.79]
 [ 0.    0.    0.    1.  ]]
2025-04-28T15:24:56.531614 - Pose:
tensor([[[-0.9328, -0.3604,  0.0062, -0.0615],
         [ 0.2243, -0.5668,  0.7928,  0.0347],
         [-0.2822,  0.7409,  0.6095,  0.7651],
         [ 0.0000,  0.0000,  0.0000,  1.0000]]])
2025-04-28T15:24:56.600182 - Final transform:
[[-0.91 -0.41  0.01 -0.06]
 [ 0.26 -0.54  0.8   0.07]
 [-0.32  0.74  0.6   0.79]
 [ 0.    0.    0.    1.  ]]
2025-04-28T15:24:56.600182 - Pose:
tensor([[[-0.9114, -0.4112,  0.0144, -0.0613],
         [ 0.2554, -0.5380,  0.8033,  0.0347],
         [-0.3226,  0.7358,  0.5954,  0.7632],
         [ 0.0000,  0.0000,  0.0000,  1.0000]]])
2025-04-28T15:24:56.679526 - Final transform:
[[-0.9  -0.44 -0.   -0.07]
 [ 0.26 -0.54  0.8   0.07]
 [-0.35  0.71  0.6   0.79]
 [ 0.    0.    0.    1.  ]]
2025-04-28T15:24:56.679526 - Pose:
tensor([[[-0.8980, -0.4400, -0.0048, -0.0635],
         [ 0.2626, -0.5447,  0.7964,  0.0339],
         [-0.3530,  0.7139,  0.6047,  0.7650],
         [ 0.0000,  0.0000,  0.0000,  1.0000]]])
2025-04-28T15:24:56.749469 - Final transform:
[[-0.87 -0.49 -0.01 -0.07]
 [ 0.3  -0.55  0.78  0.07]
 [-0.39  0.68  0.62  0.79]
 [ 0.    0.    0.    1.  ]]
2025-04-28T15:24:56.749469 - Pose:
tensor([[[-0.8707, -0.4916, -0.0139, -0.0640],
         [ 0.2970, -0.5481,  0.7819,  0.0326],
         [-0.3920,  0.6767,  0.6233,  0.7660],
         [ 0.0000,  0.0000,  0.0000,  1.0000]]])
2025-04-28T15:24:56.819302 - Final transform:
[[-0.85 -0.53 -0.01 -0.07]
 [ 0.32 -0.53  0.79  0.07]
 [-0.42  0.66  0.62  0.79]
 [ 0.    0.    0.    1.  ]]
2025-04-28T15:24:56.819302 - Pose:
tensor([[[-0.8489, -0.5285, -0.0098, -0.0641],
         [ 0.3203, -0.5289,  0.7859,  0.0326],
         [-0.4206,  0.6640,  0.6182,  0.7666],
         [ 0.0000,  0.0000,  0.0000,  1.0000]]])
2025-04-28T15:24:56.890055 - Final transform:
[[-0.83 -0.56 -0.01 -0.07]
 [ 0.34 -0.52  0.78  0.07]
 [-0.44  0.64  0.63  0.79]
 [ 0.    0.    0.    1.  ]]
2025-04-28T15:24:56.890055 - Pose:
tensor([[[-0.8303, -0.5573, -0.0089, -0.0641],
         [ 0.3436, -0.5245,  0.7790,  0.0329],
         [-0.4388,  0.6437,  0.6270,  0.7666],
         [ 0.0000,  0.0000,  0.0000,  1.0000]]])
2025-04-28T15:24:56.955142 - Final transform:
[[-0.82 -0.57 -0.   -0.07]
 [ 0.36 -0.51  0.78  0.07]
 [-0.45  0.64  0.62  0.79]
 [ 0.    0.    0.    1.  ]]
2025-04-28T15:24:56.955142 - Pose:
tensor([[[-0.8196, -0.5729, -0.0014, -0.0616],
         [ 0.3554, -0.5104,  0.7830,  0.0339],
         [-0.4493,  0.6413,  0.6220,  0.7629],
         [ 0.0000,  0.0000,  0.0000,  1.0000]]])
2025-04-28T15:24:57.025099 - Final transform:
[[-0.84 -0.54  0.01 -0.06]
 [ 0.34 -0.52  0.78  0.07]
 [-0.42  0.66  0.62  0.78]
 [ 0.    0.    0.    1.  ]]
2025-04-28T15:24:57.025099 - Pose:
tensor([[[-0.8416, -0.5401,  0.0105, -0.0598],
         [ 0.3440, -0.5208,  0.7813,  0.0343],
         [-0.4165,  0.6611,  0.6241,  0.7621],
         [ 0.0000,  0.0000,  0.0000,  1.0000]]])
2025-04-28T15:24:57.091279 - Final transform:
[[-0.87 -0.5   0.   -0.06]
 [ 0.31 -0.54  0.78  0.07]
 [-0.39  0.68  0.63  0.78]
 [ 0.    0.    0.    1.  ]]
2025-04-28T15:24:57.091279 - Pose:
tensor([[[-8.6765e-01, -4.9717e-01,  1.6186e-04, -5.8019e-02],
         [ 3.1122e-01, -5.4288e-01,  7.8001e-01,  3.5469e-02],
         [-3.8771e-01,  6.7683e-01,  6.2576e-01,  7.5676e-01],
         [ 0.0000e+00,  0.0000e+00,  0.0000e+00,  1.0000e+00]]])
2025-04-28T15:24:57.159038 - Final transform:
[[-0.9  -0.43  0.   -0.06]
 [ 0.27 -0.56  0.79  0.07]
 [-0.33  0.71  0.62  0.78]
 [ 0.    0.    0.    1.  ]]
2025-04-28T15:24:57.159038 - Pose:
tensor([[[-0.9031, -0.4293,  0.0047, -0.0571],
         [ 0.2693, -0.5578,  0.7851,  0.0375],
         [-0.3344,  0.7103,  0.6194,  0.7535],
         [ 0.0000,  0.0000,  0.0000,  1.0000]]])
2025-04-28T15:24:57.223810 - Final transform:
[[-0.93 -0.37  0.02 -0.06]
 [ 0.24 -0.58  0.78  0.07]
 [-0.28  0.73  0.63  0.77]
 [ 0.    0.    0.    1.  ]]
2025-04-28T15:24:57.223810 - Pose:
tensor([[[-0.9289, -0.3699,  0.0163, -0.0564],
         [ 0.2434, -0.5768,  0.7798,  0.0391],
         [-0.2790,  0.7283,  0.6259,  0.7486],
         [ 0.0000,  0.0000,  0.0000,  1.0000]]])
2025-04-28T15:24:57.300997 - Final transform:
[[-0.96 -0.28  0.06 -0.06]
 [ 0.2  -0.54  0.82  0.08]
 [-0.2   0.79  0.57  0.76]
 [ 0.    0.    0.    1.  ]]
2025-04-28T15:24:57.300997 - Pose:
tensor([[[-0.9592, -0.2770,  0.0562, -0.0561],
         [ 0.2038, -0.5400,  0.8166,  0.0454],
         [-0.1959,  0.7947,  0.5745,  0.7415],
         [ 0.0000,  0.0000,  0.0000,  1.0000]]])
2025-04-28T15:24:57.370776 - Final transform:
[[-0.97 -0.23  0.11 -0.06]
 [ 0.22 -0.55  0.81  0.08]
 [-0.12  0.81  0.58  0.76]
 [ 0.    0.    0.    1.  ]]
2025-04-28T15:24:57.370776 - Pose:
tensor([[[-0.9672, -0.2290,  0.1099, -0.0557],
         [ 0.2212, -0.5468,  0.8075,  0.0459],
         [-0.1249,  0.8053,  0.5796,  0.7351],
         [ 0.0000,  0.0000,  0.0000,  1.0000]]])
2025-04-28T15:24:57.441974 - Final transform:
[[-0.97 -0.18  0.15 -0.05]
 [ 0.22 -0.54  0.81  0.08]
 [-0.07  0.82  0.57  0.75]
 [ 0.    0.    0.    1.  ]]
2025-04-28T15:24:57.441974 - Pose:
tensor([[[-0.9720, -0.1824,  0.1479, -0.0552],
         [ 0.2249, -0.5414,  0.8101,  0.0470],
         [-0.0677,  0.8207,  0.5673,  0.7298],
         [ 0.0000,  0.0000,  0.0000,  1.0000]]])
2025-04-28T15:24:57.512143 - Final transform:
[[-0.97 -0.11  0.19 -0.05]
 [ 0.22 -0.55  0.8   0.08]
 [ 0.01  0.82  0.57  0.75]
 [ 0.    0.    0.    1.  ]]
2025-04-28T15:24:57.512143 - Pose:
tensor([[[-0.9748, -0.1139,  0.1916, -0.0547],
         [ 0.2224, -0.5540,  0.8023,  0.0493],
         [ 0.0147,  0.8247,  0.5654,  0.7269],
         [ 0.0000,  0.0000,  0.0000,  1.0000]]])
2025-04-28T15:24:57.581722 - Final transform:
[[-0.98 -0.03  0.21 -0.05]
 [ 0.19 -0.58  0.79  0.08]
 [ 0.1   0.81  0.58  0.75]
 [ 0.    0.    0.    1.  ]]
2025-04-28T15:24:57.581722 - Pose:
tensor([[[-0.9764, -0.0317,  0.2139, -0.0553],
         [ 0.1918, -0.5834,  0.7892,  0.0496],
         [ 0.0998,  0.8116,  0.5757,  0.7229],
         [ 0.0000,  0.0000,  0.0000,  1.0000]]])
2025-04-28T15:24:57.651086 - Final transform:
[[-0.97  0.01  0.24 -0.05]
 [ 0.19 -0.58  0.79  0.09]
 [ 0.15  0.82  0.56  0.74]
 [ 0.    0.    0.    1.  ]]
2025-04-28T15:24:57.651086 - Pose:
tensor([[[-0.9695,  0.0136,  0.2447, -0.0561],
         [ 0.1923, -0.5772,  0.7937,  0.0513],
         [ 0.1521,  0.8165,  0.5570,  0.7193],
         [ 0.0000,  0.0000,  0.0000,  1.0000]]])
2025-04-28T15:24:57.719114 - Final transform:
[[-0.96  0.01  0.27 -0.05]
 [ 0.21 -0.58  0.79  0.09]
 [ 0.16  0.81  0.56  0.74]
 [ 0.    0.    0.    1.  ]]
2025-04-28T15:24:57.719114 - Pose:
tensor([[[-0.9635,  0.0104,  0.2677, -0.0599],
         [ 0.2123, -0.5795,  0.7868,  0.0524],
         [ 0.1633,  0.8149,  0.5561,  0.7166],
         [ 0.0000,  0.0000,  0.0000,  1.0000]]])
2025-04-28T15:24:57.788056 - Final transform:
[[-0.96 -0.02  0.28 -0.06]
 [ 0.24 -0.57  0.79  0.09]
 [ 0.15  0.82  0.55  0.74]
 [ 0.    0.    0.    1.  ]]
2025-04-28T15:24:57.788056 - Pose:
tensor([[[-0.9593, -0.0191,  0.2816, -0.0639],
         [ 0.2421, -0.5687,  0.7861,  0.0533],
         [ 0.1451,  0.8223,  0.5502,  0.7173],
         [ 0.0000,  0.0000,  0.0000,  1.0000]]])
2025-04-28T15:24:57.854922 - Final transform:
[[-0.95 -0.04  0.3  -0.06]
 [ 0.27 -0.55  0.79  0.09]
 [ 0.14  0.83  0.54  0.74]
 [ 0.    0.    0.    1.  ]]
2025-04-28T15:24:57.854922 - Pose:
tensor([[[-0.9538, -0.0356,  0.2984, -0.0668],
         [ 0.2674, -0.5539,  0.7885,  0.0535],
         [ 0.1372,  0.8318,  0.5378,  0.7173],
         [ 0.0000,  0.0000,  0.0000,  1.0000]]])
2025-04-28T15:24:57.928242 - Final transform:
[[-0.94 -0.07  0.32 -0.06]
 [ 0.31 -0.54  0.78  0.09]
 [ 0.12  0.84  0.53  0.74]
 [ 0.    0.    0.    1.  ]]
2025-04-28T15:24:57.928242 - Pose:
tensor([[[-0.9436, -0.0685,  0.3239, -0.0694],
         [ 0.3076, -0.5431,  0.7813,  0.0529],
         [ 0.1224,  0.8369,  0.5335,  0.7168],
         [ 0.0000,  0.0000,  0.0000,  1.0000]]])
2025-04-28T15:24:57.997951 - Final transform:
[[-0.93 -0.1   0.35 -0.06]
 [ 0.34 -0.53  0.77  0.09]
 [ 0.11  0.84  0.53  0.74]
 [ 0.    0.    0.    1.  ]]
2025-04-28T15:24:57.997951 - Pose:
tensor([[[-0.9334, -0.0967,  0.3457, -0.0740],
         [ 0.3417, -0.5340,  0.7733,  0.0536],
         [ 0.1098,  0.8399,  0.5315,  0.7169],
         [ 0.0000,  0.0000,  0.0000,  1.0000]]])
2025-04-28T15:24:58.069347 - Final transform:
[[-0.92 -0.13  0.36 -0.07]
 [ 0.37 -0.55  0.75  0.09]
 [ 0.1   0.82  0.56  0.74]
 [ 0.    0.    0.    1.  ]]
2025-04-28T15:24:58.069347 - Pose:
tensor([[[-0.9228, -0.1286,  0.3630, -0.0801],
         [ 0.3707, -0.5522,  0.7467,  0.0540],
         [ 0.1044,  0.8237,  0.5573,  0.7192],
         [ 0.0000,  0.0000,  0.0000,  1.0000]]])
2025-04-28T15:24:58.141804 - Final transform:
[[-0.89 -0.07  0.45 -0.07]
 [ 0.41 -0.58  0.71  0.09]
 [ 0.21  0.81  0.54  0.74]
 [ 0.    0.    0.    1.  ]]
2025-04-28T15:24:58.141804 - Pose:
tensor([[[-0.8897, -0.0723,  0.4507, -0.0864],
         [ 0.4058, -0.5774,  0.7085,  0.0553],
         [ 0.2091,  0.8133,  0.5431,  0.7149],
         [ 0.0000,  0.0000,  0.0000,  1.0000]]])
2025-04-28T15:24:58.212062 - Final transform:
[[-0.87 -0.07  0.48 -0.08]
 [ 0.43 -0.59  0.69  0.09]
 [ 0.23  0.81  0.54  0.74]
 [ 0.    0.    0.    1.  ]]
2025-04-28T15:24:58.212062 - Pose:
tensor([[[-0.8740, -0.0749,  0.4801, -0.0920],
         [ 0.4281, -0.5862,  0.6879,  0.0550],
         [ 0.2299,  0.8067,  0.5444,  0.7197],
         [ 0.0000,  0.0000,  0.0000,  1.0000]]])
2025-04-28T15:24:58.283464 - Final transform:
[[-0.87 -0.07  0.49 -0.08]
 [ 0.44 -0.59  0.68  0.09]
 [ 0.24  0.81  0.54  0.74]
 [ 0.    0.    0.    1.  ]]
2025-04-28T15:24:58.283464 - Pose:
tensor([[[-0.8684, -0.0735,  0.4905, -0.0948],
         [ 0.4353, -0.5867,  0.6828,  0.0551],
         [ 0.2376,  0.8064,  0.5415,  0.7192],
         [ 0.0000,  0.0000,  0.0000,  1.0000]]])
2025-04-28T15:24:58.353415 - Final transform:
[[-0.86 -0.04  0.51 -0.08]
 [ 0.42 -0.61  0.67  0.09]
 [ 0.28  0.79  0.55  0.74]
 [ 0.    0.    0.    1.  ]]
2025-04-28T15:24:58.353415 - Pose:
tensor([[[-0.8620, -0.0401,  0.5053, -0.0971],
         [ 0.4202, -0.6140,  0.6681,  0.0551],
         [ 0.2834,  0.7883,  0.5462,  0.7206],
         [ 0.0000,  0.0000,  0.0000,  1.0000]]])
2025-04-28T15:24:58.423750 - Final transform:
[[-0.85 -0.04  0.52 -0.08]
 [ 0.43 -0.61  0.66  0.09]
 [ 0.29  0.79  0.54  0.75]
 [ 0.    0.    0.    1.  ]]
2025-04-28T15:24:58.423750 - Pose:
tensor([[[-0.8548, -0.0444,  0.5170, -0.1012],
         [ 0.4323, -0.6121,  0.6622,  0.0578],
         [ 0.2870,  0.7896,  0.5424,  0.7234],
         [ 0.0000,  0.0000,  0.0000,  1.0000]]])
2025-04-28T15:24:58.495424 - Final transform:
[[-0.84 -0.03  0.55 -0.09]
 [ 0.45 -0.62  0.64  0.09]
 [ 0.32  0.78  0.54  0.75]
 [ 0.    0.    0.    1.  ]]
2025-04-28T15:24:58.495424 - Pose:
tensor([[[-0.8351, -0.0327,  0.5492, -0.1065],
         [ 0.4464, -0.6236,  0.6418,  0.0584],
         [ 0.3215,  0.7811,  0.5353,  0.7304],
         [ 0.0000,  0.0000,  0.0000,  1.0000]]])
2025-04-28T15:24:58.565645 - Final transform:
[[-0.83 -0.04  0.56 -0.09]
 [ 0.46 -0.63  0.63  0.09]
 [ 0.33  0.78  0.54  0.75]
 [ 0.    0.    0.    1.  ]]
2025-04-28T15:24:58.565645 - Pose:
tensor([[[-0.8266, -0.0435,  0.5611, -0.1106],
         [ 0.4593, -0.6283,  0.6279,  0.0605],
         [ 0.3253,  0.7767,  0.5393,  0.7292],
         [ 0.0000,  0.0000,  0.0000,  1.0000]]])
2025-04-28T15:24:58.634712 - Final transform:
[[-0.8   0.01  0.6  -0.09]
 [ 0.47 -0.62  0.63  0.09]
 [ 0.38  0.79  0.49  0.74]
 [ 0.    0.    0.    1.  ]]
2025-04-28T15:24:58.634712 - Pose:
tensor([[[-0.7992,  0.0076,  0.6011, -0.1114],
         [ 0.4682, -0.6192,  0.6304,  0.0614],
         [ 0.3769,  0.7852,  0.4913,  0.7230],
         [ 0.0000,  0.0000,  0.0000,  1.0000]]])
2025-04-28T15:24:58.704956 - Final transform:
[[-0.8  -0.    0.6  -0.09]
 [ 0.47 -0.63  0.62  0.09]
 [ 0.38  0.78  0.5   0.74]
 [ 0.    0.    0.    1.  ]]
2025-04-28T15:24:58.704956 - Pose:
tensor([[[-0.7974, -0.0037,  0.6034, -0.1118],
         [ 0.4714, -0.6280,  0.6191,  0.0631],
         [ 0.3767,  0.7782,  0.5025,  0.7205],
         [ 0.0000,  0.0000,  0.0000,  1.0000]]])
2025-04-28T15:24:58.775460 - Final transform:
[[-0.81 -0.01  0.59 -0.09]
 [ 0.45 -0.65  0.61  0.09]
 [ 0.38  0.76  0.53  0.74]
 [ 0.    0.    0.    1.  ]]
2025-04-28T15:24:58.775460 - Pose:
tensor([[[-0.8078, -0.0119,  0.5893, -0.1124],
         [ 0.4539, -0.6505,  0.6090,  0.0648],
         [ 0.3761,  0.7594,  0.5308,  0.7187],
         [ 0.0000,  0.0000,  0.0000,  1.0000]]])
2025-04-28T15:24:58.845012 - Final transform:
[[-0.81 -0.01  0.59 -0.09]
 [ 0.44 -0.68  0.59  0.1 ]
 [ 0.39  0.74  0.55  0.73]
 [ 0.    0.    0.    1.  ]]
2025-04-28T15:24:58.845012 - Pose:
tensor([[[-0.8107, -0.0148,  0.5853, -0.1112],
         [ 0.4391, -0.6765,  0.5912,  0.0681],
         [ 0.3872,  0.7363,  0.5549,  0.7109],
         [ 0.0000,  0.0000,  0.0000,  1.0000]]])
2025-04-28T15:24:58.922504 - Final transform:
[[-0.81 -0.05  0.58 -0.09]
 [ 0.44 -0.71  0.55  0.1 ]
 [ 0.38  0.71  0.6   0.73]
 [ 0.    0.    0.    1.  ]]
2025-04-28T15:24:58.922504 - Pose:
tensor([[[-0.8123, -0.0515,  0.5809, -0.1080],
         [ 0.4413, -0.7056,  0.5544,  0.0713],
         [ 0.3813,  0.7067,  0.5959,  0.7006],
         [ 0.0000,  0.0000,  0.0000,  1.0000]]])
2025-04-28T15:24:58.992119 - Final transform:
[[-0.81 -0.07  0.58 -0.09]
 [ 0.45 -0.72  0.53  0.1 ]
 [ 0.38  0.69  0.61  0.72]
 [ 0.    0.    0.    1.  ]]
2025-04-28T15:24:58.992119 - Pose:
tensor([[[-0.8095, -0.0725,  0.5827, -0.1053],
         [ 0.4472, -0.7192,  0.5318,  0.0743],
         [ 0.3805,  0.6910,  0.6146,  0.6932],
         [ 0.0000,  0.0000,  0.0000,  1.0000]]])
2025-04-28T15:24:59.068190 - Final transform:
[[-0.82 -0.08  0.56 -0.09]
 [ 0.42 -0.75  0.5   0.1 ]
 [ 0.38  0.65  0.65  0.72]
 [ 0.    0.    0.    1.  ]]
2025-04-28T15:24:59.068190 - Pose:
tensor([[[-0.8214, -0.0816,  0.5645, -0.1043],
         [ 0.4212, -0.7540,  0.5040,  0.0771],
         [ 0.3845,  0.6518,  0.6537,  0.6875],
         [ 0.0000,  0.0000,  0.0000,  1.0000]]])
2025-04-28T15:24:59.139577 - Final transform:
[[-0.83 -0.09  0.54 -0.08]
 [ 0.41 -0.77  0.49  0.1 ]
 [ 0.37  0.63  0.68  0.71]
 [ 0.    0.    0.    1.  ]]
2025-04-28T15:24:59.139577 - Pose:
tensor([[[-0.8342, -0.0901,  0.5441, -0.1009],
         [ 0.4053, -0.7692,  0.4940,  0.0807],
         [ 0.3740,  0.6326,  0.6782,  0.6830],
         [ 0.0000,  0.0000,  0.0000,  1.0000]]])
2025-04-28T15:24:59.208955 - Final transform:
[[-0.86 -0.11  0.51 -0.08]
 [ 0.39 -0.78  0.49  0.11]
 [ 0.34  0.61  0.71  0.71]
 [ 0.    0.    0.    1.  ]]
2025-04-28T15:24:59.208955 - Pose:
tensor([[[-0.8550, -0.1135,  0.5060, -0.0971],
         [ 0.3911, -0.7820,  0.4853,  0.0837],
         [ 0.3406,  0.6128,  0.7130,  0.6773],
         [ 0.0000,  0.0000,  0.0000,  1.0000]]])
2025-04-28T15:24:59.279242 - Final transform:
[[-0.87 -0.15  0.47 -0.08]
 [ 0.4  -0.78  0.48  0.11]
 [ 0.29  0.61  0.74  0.7 ]
 [ 0.    0.    0.    1.  ]]
2025-04-28T15:24:59.279242 - Pose:
tensor([[[-0.8687, -0.1530,  0.4711, -0.0904],
         [ 0.3993, -0.7791,  0.4833,  0.0869],
         [ 0.2930,  0.6079,  0.7379,  0.6715],
         [ 0.0000,  0.0000,  0.0000,  1.0000]]])
2025-04-28T15:24:59.346723 - Final transform:
[[-0.92 -0.11  0.38 -0.07]
 [ 0.29 -0.84  0.46  0.11]
 [ 0.27  0.53  0.8   0.7 ]
 [ 0.    0.    0.    1.  ]]
2025-04-28T15:24:59.346723 - Pose:
tensor([[[-0.9169, -0.1055,  0.3849, -0.0810],
         [ 0.2896, -0.8395,  0.4598,  0.0864],
         [ 0.2746,  0.5331,  0.8003,  0.6673],
         [ 0.0000,  0.0000,  0.0000,  1.0000]]])
2025-04-28T15:24:59.414315 - Final transform:
[[-0.95 -0.01  0.33 -0.06]
 [ 0.17 -0.87  0.47  0.11]
 [ 0.28  0.5   0.82  0.7 ]
 [ 0.    0.    0.    1.  ]]
2025-04-28T15:24:59.414315 - Pose:
tensor([[[-0.9455, -0.0063,  0.3255, -0.0732],
         [ 0.1667, -0.8683,  0.4673,  0.0887],
         [ 0.2797,  0.4961,  0.8220,  0.6672],
         [ 0.0000,  0.0000,  0.0000,  1.0000]]])
2025-04-28T15:24:59.481302 - Final transform:
[[-0.97 -0.02  0.25 -0.06]
 [ 0.14 -0.87  0.48  0.11]
 [ 0.2   0.5   0.84  0.7 ]
 [ 0.    0.    0.    1.  ]]
2025-04-28T15:24:59.481302 - Pose:
tensor([[[-0.9687, -0.0219,  0.2472, -0.0632],
         [ 0.1423, -0.8651,  0.4810,  0.0912],
         [ 0.2033,  0.5011,  0.8412,  0.6636],
         [ 0.0000,  0.0000,  0.0000,  1.0000]]])
2025-04-28T15:24:59.548880 - Final transform:
[[-0.98 -0.04  0.2  -0.05]
 [ 0.14 -0.86  0.5   0.11]
 [ 0.16  0.51  0.84  0.7 ]
 [ 0.    0.    0.    1.  ]]
2025-04-28T15:24:59.548880 - Pose:
tensor([[[-0.9782, -0.0369,  0.2044, -0.0575],
         [ 0.1362, -0.8572,  0.4967,  0.0918],
         [ 0.1568,  0.5137,  0.8435,  0.6669],
         [ 0.0000,  0.0000,  0.0000,  1.0000]]])
2025-04-28T15:24:59.618032 - Final transform:
[[-0.98  0.01  0.21 -0.05]
 [ 0.1  -0.85  0.51  0.11]
 [ 0.18  0.52  0.83  0.7 ]
 [ 0.    0.    0.    1.  ]]
2025-04-28T15:24:59.618032 - Pose:
tensor([[[-0.9784,  0.0097,  0.2064, -0.0575],
         [ 0.0998, -0.8526,  0.5130,  0.0899],
         [ 0.1809,  0.5225,  0.8332,  0.6644],
         [ 0.0000,  0.0000,  0.0000,  1.0000]]])
2025-04-28T15:24:59.689721 - Final transform:
[[-0.98  0.01  0.19 -0.05]
 [ 0.09 -0.85  0.52  0.11]
 [ 0.16  0.53  0.83  0.7 ]
 [ 0.    0.    0.    1.  ]]
2025-04-28T15:24:59.689721 - Pose:
tensor([[[-0.9824,  0.0096,  0.1867, -0.0574],
         [ 0.0903, -0.8499,  0.5192,  0.0854],
         [ 0.1637,  0.5269,  0.8340,  0.6689],
         [ 0.0000,  0.0000,  0.0000,  1.0000]]])
2025-04-28T15:24:59.759532 - Final transform:
[[-0.99 -0.06  0.13 -0.05]
 [ 0.12 -0.85  0.52  0.1 ]
 [ 0.09  0.53  0.85  0.71]
 [ 0.    0.    0.    1.  ]]
2025-04-28T15:24:59.759532 - Pose:
tensor([[[-0.9894, -0.0551,  0.1345, -0.0550],
         [ 0.1173, -0.8491,  0.5151,  0.0818],
         [ 0.0858,  0.5254,  0.8465,  0.6718],
         [ 0.0000,  0.0000,  0.0000,  1.0000]]])
2025-04-28T15:24:59.836157 - Final transform:
[[-1.   -0.06  0.06 -0.05]
 [ 0.08 -0.85  0.52  0.1 ]
 [ 0.02  0.52  0.85  0.71]
 [ 0.    0.    0.    1.  ]]
2025-04-28T15:24:59.836157 - Pose:
tensor([[[-0.9964, -0.0591,  0.0612, -0.0499],
         [ 0.0823, -0.8524,  0.5165,  0.0815],
         [ 0.0217,  0.5196,  0.8541,  0.6721],
         [ 0.0000,  0.0000,  0.0000,  1.0000]]])
2025-04-28T15:24:59.908083 - Final transform:
[[-1.    0.1   0.02 -0.05]
 [-0.07 -0.85  0.52  0.1 ]
 [ 0.07  0.52  0.85  0.71]
 [ 0.    0.    0.    1.  ]]
2025-04-28T15:24:59.908083 - Pose:
tensor([[[-0.9952,  0.0955,  0.0188, -0.0447],
         [-0.0717, -0.8497,  0.5224,  0.0817],
         [ 0.0659,  0.5186,  0.8525,  0.6744],
         [ 0.0000,  0.0000,  0.0000,  1.0000]]])
2025-04-28T15:24:59.975741 - Final transform:
[[-0.99  0.13  0.03 -0.05]
 [-0.09 -0.84  0.54  0.1 ]
 [ 0.09  0.53  0.84  0.71]
 [ 0.    0.    0.    1.  ]]
2025-04-28T15:24:59.975741 - Pose:
tensor([[[-0.9917,  0.1252,  0.0287, -0.0420],
         [-0.0902, -0.8377,  0.5386,  0.0786],
         [ 0.0915,  0.5316,  0.8421,  0.6783],
         [ 0.0000,  0.0000,  0.0000,  1.0000]]])
