2025-04-28T15:25:00.045559 - Final transform:
[[-0.98  0.19  0.03 -0.04]
 [-0.14 -0.8   0.58  0.1 ]
 [ 0.13  0.57  0.81  0.72]
 [ 0.    0.    0.    1.  ]]
2025-04-28T15:25:00.045559 - Pose:
tensor([[[-0.9815,  0.1897,  0.0268, -0.0391],
         [-0.1384, -0.7992,  0.5849,  0.0744],
         [ 0.1324,  0.5704,  0.8106,  0.6853],
         [ 0.0000,  0.0000,  0.0000,  1.0000]]])
2025-04-28T15:25:00.113896 - Final transform:
[[-0.98  0.21 -0.   -0.04]
 [-0.16 -0.74  0.66  0.1 ]
 [ 0.14  0.64  0.75  0.72]
 [ 0.    0.    0.    1.  ]]
2025-04-28T15:25:00.113896 - Pose:
tensor([[[-0.9776,  0.2105, -0.0013, -0.0390],
         [-0.1596, -0.7370,  0.6567,  0.0705],
         [ 0.1373,  0.6422,  0.7541,  0.6895],
         [ 0.0000,  0.0000,  0.0000,  1.0000]]])
2025-04-28T15:25:00.187259 - Final transform:
[[-1.    0.09 -0.03 -0.05]
 [-0.09 -0.7   0.71  0.1 ]
 [ 0.05  0.71  0.7   0.73]
 [ 0.    0.    0.    1.  ]]
2025-04-28T15:25:00.187259 - Pose:
tensor([[[-0.9952,  0.0940, -0.0278, -0.0386],
         [-0.0857, -0.6964,  0.7125,  0.0664],
         [ 0.0477,  0.7115,  0.7011,  0.6969],
         [ 0.0000,  0.0000,  0.0000,  1.0000]]])
2025-04-28T15:25:00.288124 - Final transform:
[[-1.   -0.04 -0.04 -0.04]
 [ 0.   -0.63  0.78  0.09]
 [-0.06  0.78  0.63  0.74]
 [ 0.    0.    0.    1.  ]]
2025-04-28T15:25:00.288124 - Pose:
tensor([[[-9.9838e-01, -4.4386e-02, -3.5443e-02, -3.5978e-02],
         [ 3.0263e-04, -6.2812e-01,  7.7811e-01,  5.9211e-02],
         [-5.6800e-02,  7.7685e-01,  6.2712e-01,  7.1039e-01],
         [ 0.0000e+00,  0.0000e+00,  0.0000e+00,  1.0000e+00]]])
2025-04-28T15:25:00.357526 - Final transform:
[[-0.99 -0.13 -0.02 -0.04]
 [ 0.06 -0.57  0.82  0.09]
 [-0.11  0.81  0.58  0.74]
 [ 0.    0.    0.    1.  ]]
2025-04-28T15:25:00.357526 - Pose:
tensor([[[-0.9918, -0.1269, -0.0174, -0.0366],
         [ 0.0589, -0.5726,  0.8177,  0.0553],
         [-0.1137,  0.8099,  0.5754,  0.7185],
         [ 0.0000,  0.0000,  0.0000,  1.0000]]])
2025-04-28T15:25:00.425804 - Final transform:
[[-0.98 -0.22 -0.05 -0.04]
 [ 0.09 -0.58  0.81  0.09]
 [-0.2   0.78  0.59  0.75]
 [ 0.    0.    0.    1.  ]]
2025-04-28T15:25:00.425804 - Pose:
tensor([[[-0.9755, -0.2151, -0.0468, -0.0358],
         [ 0.0894, -0.5815,  0.8086,  0.0521],
         [-0.2011,  0.7846,  0.5864,  0.7251],
         [ 0.0000,  0.0000,  0.0000,  1.0000]]])
2025-04-28T15:25:00.494136 - Final transform:
[[-0.95 -0.28 -0.1  -0.04]
 [ 0.08 -0.57  0.81  0.08]
 [-0.29  0.77  0.57  0.75]
 [ 0.    0.    0.    1.  ]]
2025-04-28T15:25:00.494136 - Pose:
tensor([[[-0.9531, -0.2841, -0.1043, -0.0347],
         [ 0.0821, -0.5743,  0.8145,  0.0472],
         [-0.2913,  0.7677,  0.5707,  0.7317],
         [ 0.0000,  0.0000,  0.0000,  1.0000]]])
2025-04-28T15:25:00.562145 - Final transform:
[[-0.93 -0.31 -0.2  -0.05]
 [ 0.01 -0.56  0.83  0.08]
 [-0.37  0.77  0.52  0.75]
 [ 0.    0.    0.    1.  ]]
2025-04-28T15:25:00.562145 - Pose:
tensor([[[-0.9282, -0.3123, -0.2022, -0.0341],
         [ 0.0058, -0.5555,  0.8315,  0.0432],
         [-0.3720,  0.7707,  0.5174,  0.7353],
         [ 0.0000,  0.0000,  0.0000,  1.0000]]])
2025-04-28T15:25:00.630744 - Final transform:
[[-0.92 -0.32 -0.22 -0.04]
 [-0.02 -0.53  0.85  0.08]
 [-0.39  0.78  0.49  0.76]
 [ 0.    0.    0.    1.  ]]
2025-04-28T15:25:00.630744 - Pose:
tensor([[[-0.9216, -0.3182, -0.2224, -0.0275],
         [-0.0200, -0.5332,  0.8457,  0.0394],
         [-0.3877,  0.7839,  0.4850,  0.7416],
         [ 0.0000,  0.0000,  0.0000,  1.0000]]])
2025-04-28T15:25:00.698007 - Final transform:
[[-0.91 -0.34 -0.25 -0.04]
 [-0.06 -0.49  0.87  0.07]
 [-0.41  0.8   0.43  0.76]
 [ 0.    0.    0.    1.  ]]
2025-04-28T15:25:00.698007 - Pose:
tensor([[[-0.9086, -0.3354, -0.2490, -0.0287],
         [-0.0560, -0.4928,  0.8683,  0.0375],
         [-0.4139,  0.8029,  0.4290,  0.7468],
         [ 0.0000,  0.0000,  0.0000,  1.0000]]])
2025-04-28T15:25:00.769998 - Final transform:
[[-0.92 -0.33 -0.23 -0.04]
 [-0.09 -0.38  0.92  0.07]
 [-0.39  0.86  0.32  0.76]
 [ 0.    0.    0.    1.  ]]
2025-04-28T15:25:00.769998 - Pose:
tensor([[[-0.9160, -0.3278, -0.2312, -0.0309],
         [-0.0941, -0.3848,  0.9182,  0.0340],
         [-0.3899,  0.8629,  0.3216,  0.7544],
         [ 0.0000,  0.0000,  0.0000,  1.0000]]])
2025-04-28T15:25:00.838770 - Final transform:
[[-0.93 -0.31 -0.19 -0.05]
 [-0.1  -0.26  0.96  0.07]
 [-0.34  0.91  0.21  0.77]
 [ 0.    0.    0.    1.  ]]
2025-04-28T15:25:00.838770 - Pose:
tensor([[[-0.9334, -0.3068, -0.1863, -0.0354],
         [-0.1046, -0.2638,  0.9589,  0.0300],
         [-0.3433,  0.9145,  0.2142,  0.7614],
         [ 0.0000,  0.0000,  0.0000,  1.0000]]])
2025-04-28T15:25:00.911270 - Final transform:
[[-0.97 -0.23 -0.08 -0.05]
 [-0.05 -0.11  0.99  0.07]
 [-0.24  0.97  0.09  0.77]
 [ 0.    0.    0.    1.  ]]
2025-04-28T15:25:00.911270 - Pose:
tensor([[[-0.9701, -0.2296, -0.0780, -0.0395],
         [-0.0550, -0.1052,  0.9929,  0.0253],
         [-0.2362,  0.9676,  0.0894,  0.7708],
         [ 0.0000,  0.0000,  0.0000,  1.0000]]])
2025-04-28T15:25:00.981327 - Final transform:
[[-0.97 -0.24 -0.01 -0.05]
 [ 0.01 -0.09  1.    0.07]
 [-0.24  0.97  0.09  0.78]
 [ 0.    0.    0.    1.  ]]
2025-04-28T15:25:00.981327 - Pose:
tensor([[[-0.9713, -0.2378, -0.0061, -0.0467],
         [ 0.0147, -0.0854,  0.9962,  0.0243],
         [-0.2374,  0.9676,  0.0864,  0.7832],
         [ 0.0000,  0.0000,  0.0000,  1.0000]]])
2025-04-28T15:25:01.054611 - Final transform:
[[-0.97 -0.22  0.06 -0.06]
 [ 0.05  0.04  1.    0.06]
 [-0.22  0.97 -0.03  0.79]
 [ 0.    0.    0.    1.  ]]
2025-04-28T15:25:01.054611 - Pose:
tensor([[[-0.9738, -0.2189,  0.0615, -0.0537],
         [ 0.0530,  0.0444,  0.9976,  0.0234],
         [-0.2211,  0.9747, -0.0316,  0.7919],
         [ 0.0000,  0.0000,  0.0000,  1.0000]]])
2025-04-28T15:25:01.125601 - Final transform:
[[-0.98 -0.19  0.1  -0.06]
 [ 0.08  0.13  0.99  0.06]
 [-0.2   0.97 -0.12  0.79]
 [ 0.    0.    0.    1.  ]]
2025-04-28T15:25:01.125601 - Pose:
tensor([[[-0.9772, -0.1857,  0.1030, -0.0589],
         [ 0.0785,  0.1348,  0.9878,  0.0222],
         [-0.1973,  0.9733, -0.1172,  0.7974],
         [ 0.0000,  0.0000,  0.0000,  1.0000]]])
2025-04-28T15:25:01.196048 - Final transform:
[[-0.97 -0.2   0.14 -0.07]
 [ 0.12  0.09  0.99  0.07]
 [-0.21  0.97 -0.07  0.79]
 [ 0.    0.    0.    1.  ]]
2025-04-28T15:25:01.196048 - Pose:
tensor([[[-0.9695, -0.2043,  0.1353, -0.0665],
         [ 0.1180,  0.0946,  0.9885,  0.0256],
         [-0.2148,  0.9743, -0.0676,  0.7925],
         [ 0.0000,  0.0000,  0.0000,  1.0000]]])
2025-04-28T15:25:01.265671 - Final transform:
[[-0.98 -0.15  0.16 -0.07]
 [ 0.16  0.03  0.99  0.07]
 [-0.15  0.99 -0.    0.79]
 [ 0.    0.    0.    1.  ]]
2025-04-28T15:25:01.265671 - Pose:
tensor([[[-0.9761, -0.1478,  0.1596, -0.0705],
         [ 0.1571,  0.0283,  0.9872,  0.0254],
         [-0.1504,  0.9886, -0.0044,  0.7948],
         [ 0.0000,  0.0000,  0.0000,  1.0000]]])
2025-04-28T15:25:01.335131 - Final transform:
[[-0.97 -0.12  0.21 -0.07]
 [ 0.21  0.02  0.98  0.07]
 [-0.12  0.99  0.01  0.79]
 [ 0.    0.    0.    1.  ]]
2025-04-28T15:25:01.335131 - Pose:
tensor([[[-0.9709, -0.1167,  0.2091, -0.0761],
         [ 0.2085,  0.0171,  0.9779,  0.0261],
         [-0.1177,  0.9930,  0.0077,  0.7909],
         [ 0.0000,  0.0000,  0.0000,  1.0000]]])
2025-04-28T15:25:01.407139 - Final transform:
[[-0.96 -0.15  0.25 -0.08]
 [ 0.25 -0.01  0.97  0.07]
 [-0.15  0.99  0.05  0.79]
 [ 0.    0.    0.    1.  ]]
2025-04-28T15:25:01.407139 - Pose:
tensor([[[-0.9572, -0.1529,  0.2456, -0.0834],
         [ 0.2497, -0.0076,  0.9683,  0.0264],
         [-0.1461,  0.9882,  0.0454,  0.7868],
         [ 0.0000,  0.0000,  0.0000,  1.0000]]])
2025-04-28T15:25:01.478861 - Final transform:
[[-0.92 -0.19  0.33 -0.08]
 [ 0.33  0.05  0.94  0.07]
 [-0.2   0.98  0.01  0.78]
 [ 0.    0.    0.    1.  ]]
2025-04-28T15:25:01.478861 - Pose:
tensor([[[-0.9244, -0.1906,  0.3304, -0.0928],
         [ 0.3265,  0.0523,  0.9437,  0.0255],
         [-0.1972,  0.9803,  0.0139,  0.7818],
         [ 0.0000,  0.0000,  0.0000,  1.0000]]])
2025-04-28T15:25:01.547331 - Final transform:
[[-0.88 -0.26  0.41 -0.09]
 [ 0.39  0.11  0.91  0.07]
 [-0.28  0.96  0.    0.78]
 [ 0.    0.    0.    1.  ]]
2025-04-28T15:25:01.547331 - Pose:
tensor([[[-8.7623e-01, -2.5943e-01,  4.0609e-01, -1.0353e-01],
         [ 3.8966e-01,  1.1437e-01,  9.1383e-01,  2.7788e-02],
         [-2.8352e-01,  9.5897e-01,  8.7527e-04,  7.8159e-01],
         [ 0.0000e+00,  0.0000e+00,  0.0000e+00,  1.0000e+00]]])
2025-04-28T15:25:01.614196 - Final transform:
[[-0.84 -0.28  0.47 -0.1 ]
 [ 0.43  0.19  0.88  0.07]
 [-0.34  0.94 -0.03  0.78]
 [ 0.    0.    0.    1.  ]]
2025-04-28T15:25:01.614196 - Pose:
tensor([[[-0.8356, -0.2841,  0.4702, -0.1152],
         [ 0.4331,  0.1860,  0.8820,  0.0359],
         [-0.3380,  0.9406, -0.0324,  0.7803],
         [ 0.0000,  0.0000,  0.0000,  1.0000]]])
2025-04-28T15:25:01.679198 - Final transform:
[[-0.82 -0.07  0.57 -0.11]
 [ 0.45  0.54  0.71  0.08]
 [-0.35  0.84 -0.41  0.77]
 [ 0.    0.    0.    1.  ]]
2025-04-28T15:25:01.679198 - Pose:
tensor([[[-0.8208, -0.0685,  0.5671, -0.1253],
         [ 0.4478,  0.5390,  0.7134,  0.0490],
         [-0.3545,  0.8395, -0.4118,  0.7900],
         [ 0.0000,  0.0000,  0.0000,  1.0000]]])
2025-04-28T15:25:01.747456 - Final transform:
[[-0.78  0.13  0.61 -0.11]
 [ 0.54  0.64  0.55  0.09]
 [-0.32  0.76 -0.56  0.77]
 [ 0.    0.    0.    1.  ]]
2025-04-28T15:25:01.747456 - Pose:
tensor([[[-0.7798,  0.1280,  0.6128, -0.1268],
         [ 0.5388,  0.6355,  0.5530,  0.0631],
         [-0.3186,  0.7615, -0.5645,  0.7997],
         [ 0.0000,  0.0000,  0.0000,  1.0000]]])
2025-04-28T15:25:01.815722 - Final transform:
[[-0.81  0.24  0.54 -0.1 ]
 [ 0.5   0.76  0.42  0.09]
 [-0.3   0.61 -0.73  0.78]
 [ 0.    0.    0.    1.  ]]
2025-04-28T15:25:01.815722 - Pose:
tensor([[[-0.8083,  0.2425,  0.5365, -0.1220],
         [ 0.5043,  0.7553,  0.4185,  0.0751],
         [-0.3038,  0.6089, -0.7328,  0.8102],
         [ 0.0000,  0.0000,  0.0000,  1.0000]]])
2025-04-28T15:25:01.885209 - Final transform:
[[-0.85  0.24  0.46 -0.1 ]
 [ 0.44  0.8   0.41  0.1 ]
 [-0.27  0.55 -0.79  0.79]
 [ 0.    0.    0.    1.  ]]
2025-04-28T15:25:01.885209 - Pose:
tensor([[[-0.8546,  0.2350,  0.4631, -0.1122],
         [ 0.4406,  0.8002,  0.4069,  0.0771],
         [-0.2749,  0.5518, -0.7874,  0.8243],
         [ 0.0000,  0.0000,  0.0000,  1.0000]]])
2025-04-28T15:25:01.955873 - Final transform:
[[-0.86  0.3   0.41 -0.1 ]
 [ 0.47  0.78  0.41  0.1 ]
 [-0.2   0.54 -0.81  0.78]
 [ 0.    0.    0.    1.  ]]
2025-04-28T15:25:01.955873 - Pose:
tensor([[[-0.8601,  0.2993,  0.4131, -0.1076],
         [ 0.4686,  0.7838,  0.4075,  0.0829],
         [-0.2019,  0.5441, -0.8144,  0.8205],
         [ 0.0000,  0.0000,  0.0000,  1.0000]]])
2025-04-28T15:25:02.027253 - Final transform:
[[-0.9   0.24  0.36 -0.09]
 [ 0.39  0.83  0.41  0.11]
 [-0.2   0.51 -0.84  0.78]
 [ 0.    0.    0.    1.  ]]
2025-04-28T15:25:02.027253 - Pose:
tensor([[[-0.8995,  0.2412,  0.3643, -0.0964],
         [ 0.3873,  0.8260,  0.4094,  0.0872],
         [-0.2022,  0.5094, -0.8364,  0.8164],
         [ 0.0000,  0.0000,  0.0000,  1.0000]]])
2025-04-28T15:25:02.095733 - Final transform:
[[-0.94  0.18  0.3  -0.08]
 [ 0.29  0.86  0.41  0.1 ]
 [-0.18  0.47 -0.86  0.78]
 [ 0.    0.    0.    1.  ]]
2025-04-28T15:25:02.095733 - Pose:
tensor([[[-0.9383,  0.1751,  0.2982, -0.0866],
         [ 0.2922,  0.8626,  0.4129,  0.0853],
         [-0.1849,  0.4745, -0.8606,  0.8140],
         [ 0.0000,  0.0000,  0.0000,  1.0000]]])
2025-04-28T15:25:02.167091 - Final transform:
[[-0.97  0.06  0.25 -0.07]
 [ 0.17  0.89  0.42  0.1 ]
 [-0.2   0.45 -0.87  0.78]
 [ 0.    0.    0.    1.  ]]
2025-04-28T15:25:02.167091 - Pose:
tensor([[[-0.9654,  0.0622,  0.2531, -0.0796],
         [ 0.1682,  0.8905,  0.4229,  0.0862],
         [-0.1991,  0.4508, -0.8701,  0.8201],
         [ 0.0000,  0.0000,  0.0000,  1.0000]]])
2025-04-28T15:25:02.240430 - Final transform:
[[-0.99 -0.05  0.15 -0.06]
 [ 0.02  0.89  0.45  0.1 ]
 [-0.15  0.45 -0.88  0.78]
 [ 0.    0.    0.    1.  ]]
2025-04-28T15:25:02.240430 - Pose:
tensor([[[-0.9881, -0.0489,  0.1456, -0.0635],
         [ 0.0225,  0.8913,  0.4528,  0.0851],
         [-0.1519,  0.4507, -0.8797,  0.8227],
         [ 0.0000,  0.0000,  0.0000,  1.0000]]])
2025-04-28T15:25:02.309342 - Final transform:
[[-0.99 -0.07  0.14 -0.06]
 [ 0.    0.9   0.44  0.1 ]
 [-0.16  0.43 -0.89  0.78]
 [ 0.    0.    0.    1.  ]]
2025-04-28T15:25:02.309342 - Pose:
tensor([[[-0.9873, -0.0679,  0.1435, -0.0616],
         [ 0.0015,  0.8999,  0.4360,  0.0868],
         [-0.1588,  0.4307, -0.8884,  0.8227],
         [ 0.0000,  0.0000,  0.0000,  1.0000]]])
2025-04-28T15:25:02.376148 - Final transform:
[[-0.99 -0.03  0.15 -0.06]
 [ 0.04  0.91  0.41  0.1 ]
 [-0.15  0.41 -0.9   0.78]
 [ 0.    0.    0.    1.  ]]
2025-04-28T15:25:02.376148 - Pose:
tensor([[[-0.9880, -0.0282,  0.1518, -0.0614],
         [ 0.0370,  0.9113,  0.4101,  0.0875],
         [-0.1499,  0.4108, -0.8993,  0.8223],
         [ 0.0000,  0.0000,  0.0000,  1.0000]]])
2025-04-28T15:25:02.443681 - Final transform:
[[-0.99 -0.01  0.16 -0.06]
 [ 0.05  0.91  0.41  0.1 ]
 [-0.15  0.41 -0.9   0.78]
 [ 0.    0.    0.    1.  ]]
2025-04-28T15:25:02.443681 - Pose:
tensor([[[-0.9865, -0.0148,  0.1630, -0.0638],
         [ 0.0534,  0.9125,  0.4057,  0.0862],
         [-0.1547,  0.4089, -0.8994,  0.8198],
         [ 0.0000,  0.0000,  0.0000,  1.0000]]])
2025-04-28T15:25:02.513104 - Final transform:
[[-0.99 -0.03  0.15 -0.06]
 [ 0.04  0.91  0.4   0.1 ]
 [-0.15  0.41 -0.9   0.79]
 [ 0.    0.    0.    1.  ]]
2025-04-28T15:25:02.513104 - Pose:
tensor([[[-0.9876, -0.0259,  0.1547, -0.0621],
         [ 0.0394,  0.9136,  0.4047,  0.0826],
         [-0.1518,  0.4058, -0.9013,  0.8265],
         [ 0.0000,  0.0000,  0.0000,  1.0000]]])
2025-04-28T15:25:02.582410 - Final transform:
[[-0.98 -0.03  0.17 -0.06]
 [ 0.04  0.91  0.4   0.1 ]
 [-0.17  0.4  -0.9   0.79]
 [ 0.    0.    0.    1.  ]]
2025-04-28T15:25:02.582410 - Pose:
tensor([[[-0.9843, -0.0315,  0.1735, -0.0622],
         [ 0.0419,  0.9140,  0.4036,  0.0814],
         [-0.1713,  0.4046, -0.8983,  0.8261],
         [ 0.0000,  0.0000,  0.0000,  1.0000]]])
2025-04-28T15:25:02.652015 - Final transform:
[[-0.99  0.01  0.16 -0.06]
 [ 0.08  0.91  0.41  0.1 ]
 [-0.14  0.42 -0.9   0.79]
 [ 0.    0.    0.    1.  ]]
2025-04-28T15:25:02.652015 - Pose:
tensor([[[-0.9870,  0.0088,  0.1608, -0.0617],
         [ 0.0751,  0.9084,  0.4112,  0.0795],
         [-0.1424,  0.4179, -0.8973,  0.8270],
         [ 0.0000,  0.0000,  0.0000,  1.0000]]])
2025-04-28T15:25:02.724915 - Final transform:
[[-0.99  0.01  0.16 -0.06]
 [ 0.08  0.91  0.42  0.1 ]
 [-0.14  0.42 -0.89  0.79]
 [ 0.    0.    0.    1.  ]]
2025-04-28T15:25:02.724915 - Pose:
tensor([[[-0.9865,  0.0103,  0.1636, -0.0621],
         [ 0.0783,  0.9062,  0.4154,  0.0788],
         [-0.1440,  0.4226, -0.8948,  0.8292],
         [ 0.0000,  0.0000,  0.0000,  1.0000]]])
2025-04-28T15:25:02.802649 - Final transform:
[[-0.99  0.04  0.15 -0.06]
 [ 0.1   0.9   0.42  0.09]
 [-0.12  0.43 -0.9   0.79]
 [ 0.    0.    0.    1.  ]]
2025-04-28T15:25:02.802649 - Pose:
tensor([[[-0.9878,  0.0397,  0.1509, -0.0615],
         [ 0.1002,  0.9026,  0.4187,  0.0780],
         [-0.1196,  0.4287, -0.8955,  0.8303],
         [ 0.0000,  0.0000,  0.0000,  1.0000]]])
2025-04-28T15:25:02.871455 - Final transform:
[[-0.99 -0.02  0.16 -0.06]
 [ 0.06  0.9   0.44  0.09]
 [-0.15  0.44 -0.88  0.8 ]
 [ 0.    0.    0.    1.  ]]
2025-04-28T15:25:02.871455 - Pose:
tensor([[[-0.9862, -0.0152,  0.1648, -0.0622],
         [ 0.0595,  0.8969,  0.4383,  0.0768],
         [-0.1545,  0.4420, -0.8836,  0.8332],
         [ 0.0000,  0.0000,  0.0000,  1.0000]]])
2025-04-28T15:25:02.941032 - Final transform:
[[-0.99 -0.03  0.16 -0.06]
 [ 0.05  0.89  0.44  0.09]
 [-0.16  0.45 -0.88  0.79]
 [ 0.    0.    0.    1.  ]]
2025-04-28T15:25:02.941032 - Pose:
tensor([[[-0.9867, -0.0288,  0.1597, -0.0621],
         [ 0.0459,  0.8945,  0.4447,  0.0740],
         [-0.1557,  0.4461, -0.8813,  0.8303],
         [ 0.0000,  0.0000,  0.0000,  1.0000]]])
2025-04-28T15:25:03.009533 - Final transform:
[[-0.98  0.02  0.17 -0.06]
 [ 0.09  0.9   0.43  0.09]
 [-0.15  0.43 -0.89  0.79]
 [ 0.    0.    0.    1.  ]]
2025-04-28T15:25:03.009533 - Pose:
tensor([[[-0.9846,  0.0151,  0.1743, -0.0624],
         [ 0.0893,  0.9003,  0.4260,  0.0756],
         [-0.1505,  0.4350, -0.8878,  0.8312],
         [ 0.0000,  0.0000,  0.0000,  1.0000]]])
2025-04-28T15:25:03.081821 - Final transform:
[[-0.99  0.04  0.15 -0.06]
 [ 0.1   0.9   0.43  0.1 ]
 [-0.12  0.44 -0.89  0.79]
 [ 0.    0.    0.    1.  ]]
2025-04-28T15:25:03.081821 - Pose:
tensor([[[-0.9874,  0.0394,  0.1534, -0.0626],
         [ 0.1030,  0.8956,  0.4328,  0.0784],
         [-0.1203,  0.4431, -0.8884,  0.8312],
         [ 0.0000,  0.0000,  0.0000,  1.0000]]])
2025-04-28T15:25:03.152364 - Final transform:
[[-0.99  0.02  0.16 -0.06]
 [ 0.09  0.91  0.41  0.1 ]
 [-0.14  0.42 -0.9   0.8 ]
 [ 0.    0.    0.    1.  ]]
2025-04-28T15:25:03.152364 - Pose:
tensor([[[-0.9865,  0.0216,  0.1625, -0.0606],
         [ 0.0869,  0.9095,  0.4065,  0.0803],
         [-0.1390,  0.4151, -0.8991,  0.8377],
         [ 0.0000,  0.0000,  0.0000,  1.0000]]])
2025-04-28T15:25:03.225042 - Final transform:
[[-0.99 -0.1   0.11 -0.05]
 [-0.04  0.9   0.44  0.09]
 [-0.15  0.43 -0.89  0.8 ]
 [ 0.    0.    0.    1.  ]]
2025-04-28T15:25:03.225042 - Pose:
tensor([[[-0.9884, -0.0990,  0.1149, -0.0519],
         [-0.0381,  0.8953,  0.4439,  0.0771],
         [-0.1469,  0.4344, -0.8887,  0.8354],
         [ 0.0000,  0.0000,  0.0000,  1.0000]]])
2025-04-28T15:25:03.298075 - Final transform:
[[-0.99 -0.09  0.13 -0.05]
 [-0.03  0.89  0.45  0.1 ]
 [-0.16  0.44 -0.88  0.8 ]
 [ 0.    0.    0.    1.  ]]
2025-04-28T15:25:03.298075 - Pose:
tensor([[[-0.9876, -0.0924,  0.1271, -0.0534],
         [-0.0258,  0.8931,  0.4492,  0.0791],
         [-0.1551,  0.4403, -0.8843,  0.8358],
         [ 0.0000,  0.0000,  0.0000,  1.0000]]])
2025-04-28T15:25:03.368949 - Final transform:
[[-0.97 -0.09  0.21 -0.05]
 [ 0.02  0.87  0.48  0.09]
 [-0.23  0.48 -0.85  0.82]
 [ 0.    0.    0.    1.  ]]
2025-04-28T15:25:03.368949 - Pose:
tensor([[[-0.9736, -0.0937,  0.2080, -0.0502],
         [ 0.0191,  0.8748,  0.4840,  0.0718],
         [-0.2273,  0.4752, -0.8500,  0.8542],
         [ 0.0000,  0.0000,  0.0000,  1.0000]]])
2025-04-28T15:25:03.438927 - Final transform:
[[-0.98 -0.07  0.2  -0.04]
 [ 0.02  0.9   0.44  0.08]
 [-0.21  0.43 -0.88  0.82]
 [ 0.    0.    0.    1.  ]]
2025-04-28T15:25:03.438927 - Pose:
tensor([[[-0.9768, -0.0743,  0.2009, -0.0474],
         [ 0.0219,  0.8983,  0.4388,  0.0655],
         [-0.2130,  0.4330, -0.8758,  0.8605],
         [ 0.0000,  0.0000,  0.0000,  1.0000]]])
2025-04-28T15:25:03.509167 - Final transform:
[[-0.99 -0.06  0.1  -0.05]
 [ 0.    0.87  0.5   0.09]
 [-0.12  0.5  -0.86  0.79]
 [ 0.    0.    0.    1.  ]]
2025-04-28T15:25:03.509167 - Pose:
tensor([[[-9.9277e-01, -5.9210e-02,  1.0443e-01, -4.6826e-02],
         [ 7.8460e-04,  8.6669e-01,  4.9884e-01,  6.9458e-02],
         [-1.2005e-01,  4.9532e-01, -8.6038e-01,  8.2685e-01],
         [ 0.0000e+00,  0.0000e+00,  0.0000e+00,  1.0000e+00]]])
2025-04-28T15:25:03.585110 - Final transform:
[[-0.99 -0.09  0.11 -0.05]
 [-0.01  0.82  0.57  0.09]
 [-0.14  0.57 -0.81  0.82]
 [ 0.    0.    0.    1.  ]]
2025-04-28T15:25:03.585110 - Pose:
tensor([[[-0.9907, -0.0863,  0.1050, -0.0501],
         [-0.0109,  0.8205,  0.5715,  0.0668],
         [-0.1355,  0.5651, -0.8138,  0.8509],
         [ 0.0000,  0.0000,  0.0000,  1.0000]]])
2025-04-28T15:25:03.652653 - Final transform:
[[-0.99 -0.11  0.13 -0.05]
 [-0.01  0.79  0.61  0.09]
 [-0.17  0.6  -0.78  0.82]
 [ 0.    0.    0.    1.  ]]
2025-04-28T15:25:03.652653 - Pose:
tensor([[[-0.9858, -0.1065,  0.1299, -0.0518],
         [-0.0059,  0.7949,  0.6067,  0.0644],
         [-0.1679,  0.5973, -0.7842,  0.8537],
         [ 0.0000,  0.0000,  0.0000,  1.0000]]])
2025-04-28T15:25:03.723495 - Final transform:
[[-0.99 -0.09  0.1  -0.05]
 [-0.    0.77  0.63  0.09]
 [-0.14  0.63 -0.77  0.83]
 [ 0.    0.    0.    1.  ]]
2025-04-28T15:25:03.723495 - Pose:
tensor([[[-0.9908, -0.0875,  0.1031, -0.0486],
         [-0.0025,  0.7742,  0.6329,  0.0618],
         [-0.1352,  0.6268, -0.7673,  0.8610],
         [ 0.0000,  0.0000,  0.0000,  1.0000]]])
2025-04-28T15:25:03.790257 - Final transform:
[[-0.99 -0.07  0.09 -0.05]
 [ 0.    0.76  0.65  0.09]
 [-0.12  0.64 -0.76  0.81]
 [ 0.    0.    0.    1.  ]]
2025-04-28T15:25:03.790257 - Pose:
tensor([[[-0.9933, -0.0728,  0.0900, -0.0467],
         [ 0.0030,  0.7611,  0.6486,  0.0626],
         [-0.1158,  0.6445, -0.7558,  0.8475],
         [ 0.0000,  0.0000,  0.0000,  1.0000]]])
2025-04-28T15:25:03.858925 - Final transform:
[[-0.99 -0.11  0.1  -0.05]
 [-0.02  0.77  0.64  0.09]
 [-0.15  0.63 -0.76  0.81]
 [ 0.    0.    0.    1.  ]]
2025-04-28T15:25:03.858925 - Pose:
tensor([[[-0.9883, -0.1130,  0.1023, -0.0485],
         [-0.0222,  0.7707,  0.6368,  0.0642],
         [-0.1509,  0.6270, -0.7642,  0.8403],
         [ 0.0000,  0.0000,  0.0000,  1.0000]]])
2025-04-28T15:25:03.924448 - Final transform:
[[-0.99 -0.08  0.12 -0.05]
 [ 0.01  0.78  0.63  0.09]
 [-0.14  0.62 -0.77  0.81]
 [ 0.    0.    0.    1.  ]]
2025-04-28T15:25:03.924448 - Pose:
tensor([[[-0.9901, -0.0779,  0.1167, -0.0513],
         [ 0.0128,  0.7780,  0.6282,  0.0643],
         [-0.1397,  0.6234, -0.7693,  0.8470],
         [ 0.0000,  0.0000,  0.0000,  1.0000]]])
2025-04-28T15:25:03.994927 - Final transform:
[[-0.99 -0.09  0.11 -0.05]
 [-0.    0.79  0.61  0.09]
 [-0.14  0.6  -0.79  0.82]
 [ 0.    0.    0.    1.  ]]
2025-04-28T15:25:03.994927 - Pose:
tensor([[[-0.9903, -0.0864,  0.1087, -0.0494],
         [-0.0024,  0.7933,  0.6089,  0.0657],
         [-0.1388,  0.6027, -0.7858,  0.8503],
         [ 0.0000,  0.0000,  0.0000,  1.0000]]])
2025-04-28T15:25:04.064259 - Final transform:
[[-0.99 -0.1   0.12 -0.05]
 [-0.01  0.8   0.6   0.09]
 [-0.15  0.59 -0.79  0.82]
 [ 0.    0.    0.    1.  ]]
2025-04-28T15:25:04.064259 - Pose:
tensor([[[-0.9883, -0.0986,  0.1164, -0.0487],
         [-0.0086,  0.7977,  0.6029,  0.0657],
         [-0.1523,  0.5949, -0.7892,  0.8528],
         [ 0.0000,  0.0000,  0.0000,  1.0000]]])
2025-04-28T15:25:04.134961 - Final transform:
[[-0.99 -0.11  0.11 -0.05]
 [-0.02  0.79  0.62  0.09]
 [-0.15  0.61 -0.78  0.81]
 [ 0.    0.    0.    1.  ]]
2025-04-28T15:25:04.134961 - Pose:
tensor([[[-0.9878, -0.1103,  0.1097, -0.0492],
         [-0.0190,  0.7853,  0.6188,  0.0639],
         [-0.1544,  0.6092, -0.7778,  0.8480],
         [ 0.0000,  0.0000,  0.0000,  1.0000]]])
2025-04-28T15:25:04.205453 - Final transform:
[[-0.99 -0.08  0.09 -0.05]
 [-0.    0.77  0.63  0.09]
 [-0.12  0.63 -0.77  0.81]
 [ 0.    0.    0.    1.  ]]
2025-04-28T15:25:04.205453 - Pose:
tensor([[[-0.9925, -0.0813,  0.0917, -0.0478],
         [-0.0048,  0.7734,  0.6339,  0.0638],
         [-0.1224,  0.6287, -0.7679,  0.8414],
         [ 0.0000,  0.0000,  0.0000,  1.0000]]])
2025-04-28T15:25:04.278932 - Final transform:
[[-1.   -0.04  0.09 -0.05]
 [ 0.02  0.77  0.63  0.09]
 [-0.09  0.63 -0.77  0.8 ]
 [ 0.    0.    0.    1.  ]]
2025-04-28T15:25:04.278932 - Pose:
tensor([[[-0.9955, -0.0390,  0.0863, -0.0483],
         [ 0.0245,  0.7746,  0.6320,  0.0649],
         [-0.0915,  0.6313, -0.7701,  0.8368],
         [ 0.0000,  0.0000,  0.0000,  1.0000]]])
2025-04-28T15:25:04.352673 - Final transform:
[[-1.   -0.03  0.09 -0.05]
 [ 0.03  0.79  0.61  0.09]
 [-0.09  0.61 -0.79  0.81]
 [ 0.    0.    0.    1.  ]]
2025-04-28T15:25:04.352673 - Pose:
tensor([[[-0.9955, -0.0301,  0.0895, -0.0481],
         [ 0.0307,  0.7933,  0.6081,  0.0655],
         [-0.0893,  0.6081, -0.7888,  0.8478],
         [ 0.0000,  0.0000,  0.0000,  1.0000]]])
2025-04-28T15:25:04.430356 - Final transform:
[[-0.99 -0.09  0.11 -0.05]
 [-0.    0.79  0.61  0.09]
 [-0.14  0.61 -0.78  0.81]
 [ 0.    0.    0.    1.  ]]
2025-04-28T15:25:04.430356 - Pose:
tensor([[[-9.9041e-01, -8.5275e-02,  1.0873e-01, -4.7504e-02],
         [-8.7764e-04,  7.9073e-01,  6.1217e-01,  6.4022e-02],
         [-1.3818e-01,  6.0620e-01, -7.8322e-01,  8.4662e-01],
         [ 0.0000e+00,  0.0000e+00,  0.0000e+00,  1.0000e+00]]])
2025-04-28T15:25:04.499143 - Final transform:
[[-0.99 -0.08  0.09 -0.05]
 [-0.    0.77  0.63  0.09]
 [-0.12  0.63 -0.77  0.81]
 [ 0.    0.    0.    1.  ]]
2025-04-28T15:25:04.499143 - Pose:
tensor([[[-0.9924, -0.0806,  0.0926, -0.0476],
         [-0.0035,  0.7730,  0.6344,  0.0627],
         [-0.1227,  0.6292, -0.7675,  0.8473],
         [ 0.0000,  0.0000,  0.0000,  1.0000]]])
2025-04-28T15:25:04.567754 - Final transform:
[[-0.99 -0.11  0.1  -0.05]
 [-0.02  0.76  0.65  0.09]
 [-0.15  0.64 -0.76  0.8 ]
 [ 0.    0.    0.    1.  ]]
2025-04-28T15:25:04.567754 - Pose:
tensor([[[-0.9884, -0.1125,  0.1017, -0.0485],
         [-0.0204,  0.7631,  0.6460,  0.0624],
         [-0.1503,  0.6365, -0.7565,  0.8367],
         [ 0.0000,  0.0000,  0.0000,  1.0000]]])
2025-04-28T15:25:04.640725 - Final transform:
[[-1.   -0.03  0.09 -0.05]
 [ 0.03  0.78  0.63  0.09]
 [-0.09  0.63 -0.77  0.81]
 [ 0.    0.    0.    1.  ]]
2025-04-28T15:25:04.640725 - Pose:
tensor([[[-0.9953, -0.0327,  0.0910, -0.0476],
         [ 0.0322,  0.7754,  0.6306,  0.0636],
         [-0.0912,  0.6306, -0.7708,  0.8423],
         [ 0.0000,  0.0000,  0.0000,  1.0000]]])
2025-04-28T15:25:04.711874 - Final transform:
[[-0.99 -0.06  0.1  -0.05]
 [ 0.02  0.77  0.64  0.09]
 [-0.11  0.63 -0.76  0.81]
 [ 0.    0.    0.    1.  ]]
2025-04-28T15:25:04.711874 - Pose:
tensor([[[-0.9934, -0.0575,  0.0990, -0.0488],
         [ 0.0188,  0.7709,  0.6366,  0.0637],
         [-0.1129,  0.6343, -0.7648,  0.8435],
         [ 0.0000,  0.0000,  0.0000,  1.0000]]])
2025-04-28T15:25:04.782327 - Final transform:
[[-0.99 -0.06  0.1  -0.05]
 [ 0.01  0.79  0.61  0.09]
 [-0.12  0.61 -0.78  0.82]
 [ 0.    0.    0.    1.  ]]
2025-04-28T15:25:04.782327 - Pose:
tensor([[[-0.9928, -0.0613,  0.1031, -0.0495],
         [ 0.0149,  0.7896,  0.6134,  0.0671],
         [-0.1190,  0.6105, -0.7830,  0.8499],
         [ 0.0000,  0.0000,  0.0000,  1.0000]]])
2025-04-28T15:25:04.853199 - Final transform:
[[-0.99 -0.08  0.11 -0.05]
 [ 0.01  0.8   0.61  0.09]
 [-0.13  0.6  -0.79  0.83]
 [ 0.    0.    0.    1.  ]]
2025-04-28T15:25:04.853199 - Pose:
tensor([[[-0.9910, -0.0750,  0.1110, -0.0506],
         [ 0.0075,  0.7960,  0.6052,  0.0644],
         [-0.1337,  0.6006, -0.7883,  0.8607],
         [ 0.0000,  0.0000,  0.0000,  1.0000]]])
2025-04-28T15:25:04.928282 - Final transform:
[[-0.98 -0.13  0.12 -0.05]
 [-0.03  0.79  0.61  0.09]
 [-0.18  0.6  -0.78  0.83]
 [ 0.    0.    0.    1.  ]]
2025-04-28T15:25:04.928282 - Pose:
tensor([[[-0.9839, -0.1296,  0.1232, -0.0515],
         [-0.0273,  0.7897,  0.6129,  0.0632],
         [-0.1767,  0.5997, -0.7805,  0.8649],
         [ 0.0000,  0.0000,  0.0000,  1.0000]]])
2025-04-28T15:25:04.998702 - Final transform:
[[-0.99 -0.11  0.12 -0.05]
 [-0.01  0.8   0.6   0.09]
 [-0.16  0.59 -0.79  0.83]
 [ 0.    0.    0.    1.  ]]
2025-04-28T15:25:04.998702 - Pose:
tensor([[[-0.9864, -0.1082,  0.1239, -0.0522],
         [-0.0115,  0.7968,  0.6042,  0.0641],
         [-0.1641,  0.5945, -0.7872,  0.8687],
         [ 0.0000,  0.0000,  0.0000,  1.0000]]])
2025-04-28T15:25:05.070992 - Final transform:
[[-0.99 -0.12  0.1  -0.05]
 [-0.03  0.78  0.63  0.09]
 [-0.16  0.61 -0.77  0.83]
 [ 0.    0.    0.    1.  ]]
2025-04-28T15:25:05.070992 - Pose:
tensor([[[-0.9873, -0.1197,  0.1044, -0.0498],
         [-0.0284,  0.7799,  0.6253,  0.0614],
         [-0.1563,  0.6144, -0.7734,  0.8671],
         [ 0.0000,  0.0000,  0.0000,  1.0000]]])
2025-04-28T15:25:05.139306 - Final transform:
[[-0.99 -0.09  0.11 -0.05]
 [-0.    0.78  0.63  0.09]
 [-0.14  0.62 -0.77  0.83]
 [ 0.    0.    0.    1.  ]]
2025-04-28T15:25:05.139306 - Pose:
tensor([[[-9.8996e-01, -8.9627e-02,  1.0932e-01, -5.0211e-02],
         [-7.0123e-04,  7.7641e-01,  6.3023e-01,  6.2233e-02],
         [-1.4136e-01,  6.2382e-01, -7.6868e-01,  8.6233e-01],
         [ 0.0000e+00,  0.0000e+00,  0.0000e+00,  1.0000e+00]]])
2025-04-28T15:25:05.210787 - Final transform:
[[-0.99 -0.07  0.09 -0.05]
 [-0.    0.77  0.63  0.09]
 [-0.11  0.63 -0.77  0.82]
 [ 0.    0.    0.    1.  ]]
2025-04-28T15:25:05.210787 - Pose:
tensor([[[-0.9935, -0.0737,  0.0868, -0.0486],
         [-0.0023,  0.7749,  0.6321,  0.0618],
         [-0.1138,  0.6278, -0.7700,  0.8578],
         [ 0.0000,  0.0000,  0.0000,  1.0000]]])
2025-04-28T15:25:05.286605 - Final transform:
[[-0.99 -0.06  0.09 -0.05]
 [ 0.01  0.79  0.61  0.09]
 [-0.11  0.61 -0.79  0.82]
 [ 0.    0.    0.    1.  ]]
2025-04-28T15:25:05.286605 - Pose:
tensor([[[-0.9943, -0.0566,  0.0907, -0.0500],
         [ 0.0102,  0.7938,  0.6081,  0.0651],
         [-0.1064,  0.6055, -0.7887,  0.8577],
         [ 0.0000,  0.0000,  0.0000,  1.0000]]])
2025-04-28T15:25:05.358305 - Final transform:
[[-0.99 -0.11  0.13 -0.05]
 [-0.01  0.81  0.59  0.09]
 [-0.17  0.58 -0.8   0.83]
 [ 0.    0.    0.    1.  ]]
2025-04-28T15:25:05.358305 - Pose:
tensor([[[-0.9862, -0.1083,  0.1254, -0.0523],
         [-0.0132,  0.8056,  0.5923,  0.0655],
         [-0.1652,  0.5824, -0.7959,  0.8639],
         [ 0.0000,  0.0000,  0.0000,  1.0000]]])
2025-04-28T15:25:05.429859 - Final transform:
[[-0.98 -0.13  0.12 -0.05]
 [-0.03  0.79  0.61  0.09]
 [-0.17  0.6  -0.78  0.83]
 [ 0.    0.    0.    1.  ]]
2025-04-28T15:25:05.429859 - Pose:
tensor([[[-0.9847, -0.1301,  0.1158, -0.0501],
         [-0.0326,  0.7909,  0.6111,  0.0640],
         [-0.1711,  0.5980, -0.7830,  0.8635],
         [ 0.0000,  0.0000,  0.0000,  1.0000]]])
2025-04-28T15:25:05.513956 - Final transform:
[[-0.99 -0.12  0.11 -0.05]
 [-0.03  0.79  0.62  0.09]
 [-0.16  0.6  -0.78  0.83]
 [ 0.    0.    0.    1.  ]]
2025-04-28T15:25:05.513956 - Pose:
tensor([[[-0.9870, -0.1174,  0.1096, -0.0509],
         [-0.0254,  0.7877,  0.6155,  0.0617],
         [-0.1586,  0.6047, -0.7805,  0.8687],
         [ 0.0000,  0.0000,  0.0000,  1.0000]]])
2025-04-28T15:25:05.583495 - Final transform:
[[-0.99 -0.12  0.11 -0.05]
 [-0.02  0.78  0.62  0.09]
 [-0.16  0.61 -0.78  0.84]
 [ 0.    0.    0.    1.  ]]
2025-04-28T15:25:05.583495 - Pose:
tensor([[[-0.9864, -0.1182,  0.1143, -0.0518],
         [-0.0223,  0.7848,  0.6194,  0.0629],
         [-0.1630,  0.6084, -0.7767,  0.8712],
         [ 0.0000,  0.0000,  0.0000,  1.0000]]])
2025-04-28T15:25:05.655681 - Final transform:
[[-0.98 -0.13  0.12 -0.05]
 [-0.03  0.79  0.61  0.09]
 [-0.17  0.6  -0.78  0.83]
 [ 0.    0.    0.    1.  ]]
2025-04-28T15:25:05.655681 - Pose:
tensor([[[-0.9841, -0.1311,  0.1194, -0.0516],
         [-0.0307,  0.7892,  0.6133,  0.0633],
         [-0.1747,  0.6000, -0.7807,  0.8674],
         [ 0.0000,  0.0000,  0.0000,  1.0000]]])
2025-04-28T15:25:05.727278 - Final transform:
[[-0.99 -0.11  0.11 -0.05]
 [-0.02  0.79  0.61  0.09]
 [-0.16  0.6  -0.78  0.83]
 [ 0.    0.    0.    1.  ]]
2025-04-28T15:25:05.727278 - Pose:
tensor([[[-0.9872, -0.1126,  0.1126, -0.0505],
         [-0.0200,  0.7894,  0.6135,  0.0629],
         [-0.1580,  0.6034, -0.7816,  0.8666],
         [ 0.0000,  0.0000,  0.0000,  1.0000]]])
2025-04-28T15:25:05.796743 - Final transform:
[[-0.99 -0.1   0.12 -0.05]
 [-0.01  0.79  0.61  0.09]
 [-0.15  0.6  -0.79  0.84]
 [ 0.    0.    0.    1.  ]]
2025-04-28T15:25:05.796743 - Pose:
tensor([[[-0.9882, -0.0976,  0.1181, -0.0520],
         [-0.0059,  0.7947,  0.6070,  0.0621],
         [-0.1531,  0.5992, -0.7859,  0.8743],
         [ 0.0000,  0.0000,  0.0000,  1.0000]]])
2025-04-28T15:25:05.867188 - Final transform:
[[-0.99 -0.11  0.11 -0.05]
 [-0.02  0.8   0.61  0.09]
 [-0.15  0.6  -0.79  0.84]
 [ 0.    0.    0.    1.  ]]
2025-04-28T15:25:05.867188 - Pose:
tensor([[[-0.9878, -0.1077,  0.1124, -0.0508],
         [-0.0179,  0.7960,  0.6050,  0.0629],
         [-0.1546,  0.5956, -0.7882,  0.8728],
         [ 0.0000,  0.0000,  0.0000,  1.0000]]])
2025-04-28T15:25:05.938004 - Final transform:
[[-0.99 -0.1   0.11 -0.05]
 [-0.01  0.79  0.61  0.09]
 [-0.15  0.6  -0.79  0.83]
 [ 0.    0.    0.    1.  ]]
2025-04-28T15:25:05.938004 - Pose:
tensor([[[-0.9891, -0.0989,  0.1093, -0.0504],
         [-0.0122,  0.7940,  0.6078,  0.0630],
         [-0.1469,  0.5999, -0.7865,  0.8663],
         [ 0.0000,  0.0000,  0.0000,  1.0000]]])
2025-04-28T15:25:06.008879 - Final transform:
[[-0.99 -0.11  0.11 -0.05]
 [-0.02  0.8   0.61  0.09]
 [-0.15  0.6  -0.79  0.84]
 [ 0.    0.    0.    1.  ]]
2025-04-28T15:25:06.008879 - Pose:
tensor([[[-0.9884, -0.1065,  0.1078, -0.0510],
         [-0.0195,  0.7951,  0.6062,  0.0623],
         [-0.1503,  0.5971, -0.7880,  0.8714],
         [ 0.0000,  0.0000,  0.0000,  1.0000]]])
2025-04-28T15:25:06.078849 - Final transform:
[[-0.99 -0.12  0.11 -0.05]
 [-0.03  0.8   0.6   0.09]
 [-0.16  0.59 -0.79  0.83]
 [ 0.    0.    0.    1.  ]]
2025-04-28T15:25:06.078849 - Pose:
tensor([[[-0.9872, -0.1158,  0.1094, -0.0513],
         [-0.0265,  0.7965,  0.6040,  0.0629],
         [-0.1571,  0.5934, -0.7894,  0.8642],
         [ 0.0000,  0.0000,  0.0000,  1.0000]]])
2025-04-28T15:25:06.150098 - Final transform:
[[-0.99 -0.09  0.1  -0.05]
 [-0.01  0.79  0.62  0.09]
 [-0.13  0.61 -0.78  0.84]
 [ 0.    0.    0.    1.  ]]
2025-04-28T15:25:06.150098 - Pose:
tensor([[[-0.9911, -0.0866,  0.1007, -0.0499],
         [-0.0062,  0.7876,  0.6162,  0.0627],
         [-0.1327,  0.6101, -0.7811,  0.8698],
         [ 0.0000,  0.0000,  0.0000,  1.0000]]])
2025-04-28T15:25:06.219044 - Final transform:
[[-0.99 -0.07  0.1  -0.05]
 [ 0.01  0.78  0.63  0.09]
 [-0.12  0.62 -0.77  0.84]
 [ 0.    0.    0.    1.  ]]
2025-04-28T15:25:06.219044 - Pose:
tensor([[[-0.9926, -0.0689,  0.1004, -0.0514],
         [ 0.0092,  0.7800,  0.6256,  0.0618],
         [-0.1214,  0.6219, -0.7736,  0.8720],
         [ 0.0000,  0.0000,  0.0000,  1.0000]]])
2025-04-28T15:25:06.291232 - Final transform:
[[-0.99 -0.08  0.11 -0.05]
 [ 0.    0.77  0.64  0.09]
 [-0.13  0.63 -0.76  0.83]
 [ 0.    0.    0.    1.  ]]
2025-04-28T15:25:06.291232 - Pose:
tensor([[[-0.9910, -0.0822,  0.1061, -0.0508],
         [ 0.0044,  0.7704,  0.6376,  0.0625],
         [-0.1341,  0.6323, -0.7631,  0.8647],
         [ 0.0000,  0.0000,  0.0000,  1.0000]]])
2025-04-28T15:25:06.359243 - Final transform:
[[-0.99 -0.1   0.1  -0.05]
 [-0.01  0.77  0.64  0.09]
 [-0.14  0.63 -0.76  0.82]
 [ 0.    0.    0.    1.  ]]
2025-04-28T15:25:06.359243 - Pose:
tensor([[[-0.9907, -0.0951,  0.0970, -0.0494],
         [-0.0113,  0.7691,  0.6390,  0.0619],
         [-0.1354,  0.6320, -0.7630,  0.8571],
         [ 0.0000,  0.0000,  0.0000,  1.0000]]])
2025-04-28T15:25:06.429660 - Final transform:
[[-0.99 -0.09  0.1  -0.05]
 [-0.01  0.78  0.63  0.09]
 [-0.13  0.62 -0.77  0.81]
 [ 0.    0.    0.    1.  ]]
2025-04-28T15:25:06.429660 - Pose:
tensor([[[-0.9912, -0.0902,  0.0973, -0.0480],
         [-0.0091,  0.7781,  0.6280,  0.0640],
         [-0.1324,  0.6216, -0.7721,  0.8441],
         [ 0.0000,  0.0000,  0.0000,  1.0000]]])
2025-04-28T15:25:06.498048 - Final transform:
[[-0.99 -0.09  0.11 -0.05]
 [ 0.01  0.78  0.63  0.09]
 [-0.14  0.62 -0.77  0.81]
 [ 0.    0.    0.    1.  ]]
2025-04-28T15:25:06.498048 - Pose:
tensor([[[-0.9899, -0.0850,  0.1134, -0.0496],
         [ 0.0051,  0.7782,  0.6280,  0.0649],
         [-0.1417,  0.6223, -0.7699,  0.8468],
         [ 0.0000,  0.0000,  0.0000,  1.0000]]])
2025-04-28T15:25:06.568410 - Final transform:
[[-0.99 -0.08  0.11 -0.05]
 [ 0.    0.8   0.6   0.09]
 [-0.14  0.59 -0.79  0.82]
 [ 0.    0.    0.    1.  ]]
2025-04-28T15:25:06.568410 - Pose:
tensor([[[-0.9902, -0.0798,  0.1145, -0.0515],
         [ 0.0048,  0.8005,  0.5993,  0.0659],
         [-0.1395,  0.5940, -0.7923,  0.8560],
         [ 0.0000,  0.0000,  0.0000,  1.0000]]])
2025-04-28T15:25:06.639858 - Final transform:
[[-0.99 -0.1   0.12 -0.05]
 [-0.01  0.8   0.6   0.09]
 [-0.16  0.59 -0.79  0.82]
 [ 0.    0.    0.    1.  ]]
2025-04-28T15:25:06.639858 - Pose:
tensor([[[-0.9877, -0.1034,  0.1173, -0.0516],
         [-0.0127,  0.8006,  0.5990,  0.0650],
         [-0.1558,  0.5902, -0.7921,  0.8554],
         [ 0.0000,  0.0000,  0.0000,  1.0000]]])
2025-04-28T15:25:06.709108 - Final transform:
[[-0.99 -0.13  0.11 -0.05]
 [-0.03  0.78  0.62  0.09]
 [-0.16  0.61 -0.78  0.83]
 [ 0.    0.    0.    1.  ]]
2025-04-28T15:25:06.709108 - Pose:
tensor([[[-0.9861, -0.1252,  0.1089, -0.0497],
         [-0.0307,  0.7827,  0.6217,  0.0627],
         [-0.1631,  0.6097, -0.7757,  0.8659],
         [ 0.0000,  0.0000,  0.0000,  1.0000]]])
2025-04-28T15:25:06.776961 - Final transform:
[[-0.99 -0.09  0.11 -0.05]
 [-0.01  0.8   0.6   0.09]
 [-0.14  0.59 -0.79  0.84]
 [ 0.    0.    0.    1.  ]]
2025-04-28T15:25:06.776961 - Pose:
tensor([[[-0.9899, -0.0935,  0.1066, -0.0512],
         [-0.0108,  0.7993,  0.6008,  0.0627],
         [-0.1414,  0.5936, -0.7922,  0.8716],
         [ 0.0000,  0.0000,  0.0000,  1.0000]]])
2025-04-28T15:25:06.846137 - Final transform:
[[-0.99 -0.1   0.11 -0.05]
 [-0.02  0.8   0.6   0.09]
 [-0.15  0.59 -0.79  0.84]
 [ 0.    0.    0.    1.  ]]
2025-04-28T15:25:06.846137 - Pose:
tensor([[[-0.9888, -0.1017,  0.1095, -0.0511],
         [-0.0158,  0.7998,  0.6000,  0.0624],
         [-0.1486,  0.5916, -0.7924,  0.8719],
         [ 0.0000,  0.0000,  0.0000,  1.0000]]])
