2025-04-17T19:00:00.045895 - Final transform:
[[ 0.99  0.06 -0.15  0.11]
 [-0.09 -0.51 -0.85  0.14]
 [-0.13  0.86 -0.5   0.73]
 [ 0.    0.    0.    1.  ]]
2025-04-17T19:00:00.045895 - Pose:
tensor([[[ 0.9871,  0.0624, -0.1474,  0.1123],
         [-0.0948, -0.5139, -0.8526,  0.1385],
         [-0.1290,  0.8556, -0.5013,  0.7274],
         [ 0.0000,  0.0000,  0.0000,  1.0000]]])
2025-04-17T19:00:00.115780 - Final transform:
[[ 0.99  0.06 -0.14  0.11]
 [-0.09 -0.51 -0.85  0.14]
 [-0.12  0.86 -0.5   0.72]
 [ 0.    0.    0.    1.  ]]
2025-04-17T19:00:00.115780 - Pose:
tensor([[[ 0.9885,  0.0632, -0.1373,  0.1121],
         [-0.0859, -0.5129, -0.8542,  0.1387],
         [-0.1244,  0.8561, -0.5016,  0.7261],
         [ 0.0000,  0.0000,  0.0000,  1.0000]]])
2025-04-17T19:00:00.186342 - Final transform:
[[ 0.99  0.07 -0.14  0.11]
 [-0.09 -0.51 -0.85  0.14]
 [-0.13  0.85 -0.5   0.72]
 [ 0.    0.    0.    1.  ]]
2025-04-17T19:00:00.186342 - Pose:
tensor([[[ 0.9878,  0.0664, -0.1407,  0.1122],
         [-0.0869, -0.5147, -0.8530,  0.1388],
         [-0.1290,  0.8548, -0.5026,  0.7263],
         [ 0.0000,  0.0000,  0.0000,  1.0000]]])
2025-04-17T19:00:00.255855 - Final transform:
[[ 0.99  0.06 -0.15  0.11]
 [-0.1  -0.51 -0.85  0.14]
 [-0.13  0.86 -0.5   0.72]
 [ 0.    0.    0.    1.  ]]
2025-04-17T19:00:00.255855 - Pose:
tensor([[[ 0.9875,  0.0593, -0.1462,  0.1124],
         [-0.0954, -0.5134, -0.8528,  0.1386],
         [-0.1256,  0.8561, -0.5013,  0.7263],
         [ 0.0000,  0.0000,  0.0000,  1.0000]]])
2025-04-17T19:00:00.325012 - Final transform:
[[ 0.99  0.06 -0.14  0.11]
 [-0.09 -0.51 -0.85  0.14]
 [-0.12  0.86 -0.5   0.72]
 [ 0.    0.    0.    1.  ]]
2025-04-17T19:00:00.325012 - Pose:
tensor([[[ 0.9887,  0.0595, -0.1378,  0.1120],
         [-0.0879, -0.5146, -0.8529,  0.1387],
         [-0.1216,  0.8554, -0.5035,  0.7260],
         [ 0.0000,  0.0000,  0.0000,  1.0000]]])
2025-04-17T19:00:00.396184 - Final transform:
[[ 0.99  0.06 -0.15  0.11]
 [-0.09 -0.52 -0.85  0.14]
 [-0.13  0.85 -0.5   0.72]
 [ 0.    0.    0.    1.  ]]
2025-04-17T19:00:00.396184 - Pose:
tensor([[[ 0.9874,  0.0608, -0.1460,  0.1121],
         [-0.0942, -0.5154, -0.8517,  0.1388],
         [-0.1270,  0.8548, -0.5032,  0.7260],
         [ 0.0000,  0.0000,  0.0000,  1.0000]]])
2025-04-17T19:00:00.466557 - Final transform:
[[ 0.99  0.05 -0.14  0.11]
 [-0.09 -0.51 -0.85  0.14]
 [-0.12  0.86 -0.5   0.72]
 [ 0.    0.    0.    1.  ]]
2025-04-17T19:00:00.466557 - Pose:
tensor([[[ 0.9890,  0.0513, -0.1388,  0.1123],
         [-0.0930, -0.5143, -0.8526,  0.1386],
         [-0.1152,  0.8561, -0.5038,  0.7254],
         [ 0.0000,  0.0000,  0.0000,  1.0000]]])
2025-04-17T19:00:00.533919 - Final transform:
[[ 0.99  0.06 -0.14  0.11]
 [-0.09 -0.52 -0.85  0.14]
 [-0.12  0.85 -0.5   0.72]
 [ 0.    0.    0.    1.  ]]
2025-04-17T19:00:00.533919 - Pose:
tensor([[[ 0.9878,  0.0594, -0.1438,  0.1118],
         [-0.0929, -0.5167, -0.8511,  0.1387],
         [-0.1249,  0.8541, -0.5049,  0.7256],
         [ 0.0000,  0.0000,  0.0000,  1.0000]]])
