2025-04-17T18:59:37.970819 - Final transform:
[[ 1.    0.04 -0.08  0.12]
 [-0.08  0.89 -0.44  0.04]
 [ 0.05  0.44  0.89  0.8 ]
 [ 0.    0.    0.    1.  ]]
2025-04-17T18:59:37.970819 - Pose:
tensor([[[ 0.9957,  0.0442, -0.0808,  0.1183],
         [-0.0755,  0.8948, -0.4401,  0.0381],
         [ 0.0529,  0.4444,  0.8943,  0.7941],
         [ 0.0000,  0.0000,  0.0000,  1.0000]]])
2025-04-17T18:59:38.052717 - Final transform:
[[ 1.    0.05 -0.08  0.12]
 [-0.08  0.9  -0.44  0.04]
 [ 0.05  0.44  0.9   0.8 ]
 [ 0.    0.    0.    1.  ]]
2025-04-17T18:59:38.052717 - Pose:
tensor([[[ 0.9957,  0.0480, -0.0793,  0.1186],
         [-0.0780,  0.8968, -0.4356,  0.0380],
         [ 0.0502,  0.4399,  0.8967,  0.7939],
         [ 0.0000,  0.0000,  0.0000,  1.0000]]])
2025-04-17T18:59:38.124567 - Final transform:
[[ 1.    0.05 -0.07  0.12]
 [-0.07  0.9  -0.44  0.04]
 [ 0.04  0.44  0.9   0.8 ]
 [ 0.    0.    0.    1.  ]]
2025-04-17T18:59:38.124567 - Pose:
tensor([[[ 0.9964,  0.0472, -0.0706,  0.1186],
         [-0.0733,  0.8968, -0.4364,  0.0379],
         [ 0.0427,  0.4400,  0.8970,  0.7938],
         [ 0.0000,  0.0000,  0.0000,  1.0000]]])
2025-04-17T18:59:38.196355 - Final transform:
[[ 1.    0.05 -0.05  0.12]
 [-0.07  0.9  -0.44  0.04]
 [ 0.03  0.44  0.9   0.8 ]
 [ 0.    0.    0.    1.  ]]
2025-04-17T18:59:38.196355 - Pose:
tensor([[[ 0.9972,  0.0504, -0.0549,  0.1188],
         [-0.0693,  0.8976, -0.4353,  0.0381],
         [ 0.0274,  0.4379,  0.8986,  0.7945],
         [ 0.0000,  0.0000,  0.0000,  1.0000]]])
2025-04-17T18:59:38.268072 - Final transform:
[[ 1.    0.05 -0.07  0.12]
 [-0.08  0.89 -0.44  0.04]
 [ 0.04  0.44  0.9   0.8 ]
 [ 0.    0.    0.    1.  ]]
2025-04-17T18:59:38.268072 - Pose:
tensor([[[ 0.9962,  0.0491, -0.0723,  0.1187],
         [-0.0761,  0.8948, -0.4400,  0.0381],
         [ 0.0430,  0.4438,  0.8951,  0.7946],
         [ 0.0000,  0.0000,  0.0000,  1.0000]]])
2025-04-17T18:59:38.341071 - Final transform:
[[ 1.    0.05 -0.07  0.12]
 [-0.07  0.9  -0.44  0.04]
 [ 0.04  0.44  0.9   0.8 ]
 [ 0.    0.    0.    1.  ]]
2025-04-17T18:59:38.341071 - Pose:
tensor([[[ 0.9968,  0.0461, -0.0653,  0.1187],
         [-0.0700,  0.8976, -0.4352,  0.0380],
         [ 0.0385,  0.4383,  0.8980,  0.7946],
         [ 0.0000,  0.0000,  0.0000,  1.0000]]])
2025-04-17T18:59:38.412782 - Final transform:
[[ 1.    0.04 -0.06  0.12]
 [-0.07  0.9  -0.43  0.04]
 [ 0.04  0.44  0.9   0.8 ]
 [ 0.    0.    0.    1.  ]]
2025-04-17T18:59:38.412782 - Pose:
tensor([[[ 0.9971,  0.0448, -0.0621,  0.1187],
         [-0.0674,  0.8986, -0.4336,  0.0380],
         [ 0.0364,  0.4365,  0.8990,  0.7941],
         [ 0.0000,  0.0000,  0.0000,  1.0000]]])
2025-04-17T18:59:38.489020 - Final transform:
[[ 1.    0.05 -0.07  0.12]
 [-0.07  0.9  -0.43  0.04]
 [ 0.04  0.44  0.9   0.8 ]
 [ 0.    0.    0.    1.  ]]
2025-04-17T18:59:38.489020 - Pose:
tensor([[[ 0.9962,  0.0473, -0.0726,  0.1187],
         [-0.0742,  0.8978, -0.4342,  0.0380],
         [ 0.0446,  0.4379,  0.8979,  0.7943],
         [ 0.0000,  0.0000,  0.0000,  1.0000]]])
2025-04-17T18:59:38.557787 - Final transform:
[[ 1.    0.05 -0.06  0.12]
 [-0.07  0.9  -0.43  0.04]
 [ 0.03  0.44  0.9   0.8 ]
 [ 0.    0.    0.    1.  ]]
2025-04-17T18:59:38.557787 - Pose:
tensor([[[ 0.9972,  0.0494, -0.0557,  0.1187],
         [-0.0687,  0.8979, -0.4348,  0.0381],
         [ 0.0285,  0.4374,  0.8988,  0.7939],
         [ 0.0000,  0.0000,  0.0000,  1.0000]]])
2025-04-17T18:59:38.627849 - Final transform:
[[ 1.    0.04 -0.07  0.12]
 [-0.07  0.9  -0.43  0.04]
 [ 0.05  0.44  0.9   0.8 ]
 [ 0.    0.    0.    1.  ]]
2025-04-17T18:59:38.627849 - Pose:
tensor([[[ 0.9965,  0.0441, -0.0716,  0.1187],
         [-0.0710,  0.8976, -0.4350,  0.0379],
         [ 0.0451,  0.4385,  0.8976,  0.7944],
         [ 0.0000,  0.0000,  0.0000,  1.0000]]])
2025-04-17T18:59:38.698927 - Final transform:
[[ 1.    0.05 -0.07  0.12]
 [-0.07  0.9  -0.43  0.04]
 [ 0.04  0.44  0.9   0.8 ]
 [ 0.    0.    0.    1.  ]]
2025-04-17T18:59:38.698927 - Pose:
tensor([[[ 0.9966,  0.0500, -0.0655,  0.1187],
         [-0.0736,  0.8981, -0.4335,  0.0382],
         [ 0.0371,  0.4369,  0.8988,  0.7943],
         [ 0.0000,  0.0000,  0.0000,  1.0000]]])
2025-04-17T18:59:38.766760 - Final transform:
[[ 1.    0.04 -0.08  0.12]
 [-0.07  0.89 -0.44  0.04]
 [ 0.06  0.45  0.89  0.8 ]
 [ 0.    0.    0.    1.  ]]
2025-04-17T18:59:38.766760 - Pose:
tensor([[[ 0.9957,  0.0425, -0.0828,  0.1183],
         [-0.0749,  0.8943, -0.4412,  0.0382],
         [ 0.0553,  0.4455,  0.8936,  0.7937],
         [ 0.0000,  0.0000,  0.0000,  1.0000]]])
2025-04-17T18:59:38.849973 - Final transform:
[[ 1.    0.04 -0.06  0.12]
 [-0.07  0.9  -0.43  0.04]
 [ 0.04  0.44  0.9   0.8 ]
 [ 0.    0.    0.    1.  ]]
2025-04-17T18:59:38.849973 - Pose:
tensor([[[ 0.9972,  0.0423, -0.0619,  0.1186],
         [-0.0650,  0.8994, -0.4323,  0.0380],
         [ 0.0374,  0.4351,  0.8996,  0.7944],
         [ 0.0000,  0.0000,  0.0000,  1.0000]]])
2025-04-17T18:59:38.919006 - Final transform:
[[ 1.    0.05 -0.07  0.12]
 [-0.08  0.9  -0.44  0.04]
 [ 0.04  0.44  0.9   0.8 ]
 [ 0.    0.    0.    1.  ]]
2025-04-17T18:59:38.919006 - Pose:
tensor([[[ 0.9962,  0.0493, -0.0718,  0.1185],
         [-0.0759,  0.8957, -0.4382,  0.0382],
         [ 0.0427,  0.4420,  0.8960,  0.7941],
         [ 0.0000,  0.0000,  0.0000,  1.0000]]])
2025-04-17T18:59:38.991352 - Final transform:
[[ 1.    0.05 -0.07  0.12]
 [-0.07  0.9  -0.43  0.04]
 [ 0.04  0.44  0.9   0.8 ]
 [ 0.    0.    0.    1.  ]]
2025-04-17T18:59:38.991352 - Pose:
tensor([[[ 0.9965,  0.0490, -0.0675,  0.1185],
         [-0.0734,  0.8988, -0.4321,  0.0378],
         [ 0.0395,  0.4356,  0.8993,  0.7943],
         [ 0.0000,  0.0000,  0.0000,  1.0000]]])
2025-04-17T18:59:39.062851 - Final transform:
[[ 1.    0.05 -0.06  0.12]
 [-0.07  0.9  -0.43  0.04]
 [ 0.04  0.44  0.9   0.8 ]
 [ 0.    0.    0.    1.  ]]
2025-04-17T18:59:39.062851 - Pose:
tensor([[[ 0.9967,  0.0507, -0.0640,  0.1187],
         [-0.0735,  0.8977, -0.4344,  0.0379],
         [ 0.0354,  0.4377,  0.8984,  0.7944],
         [ 0.0000,  0.0000,  0.0000,  1.0000]]])
2025-04-17T18:59:39.132330 - Final transform:
[[ 1.    0.05 -0.08  0.12]
 [-0.07  0.89 -0.44  0.04]
 [ 0.05  0.44  0.89  0.8 ]
 [ 0.    0.    0.    1.  ]]
2025-04-17T18:59:39.132330 - Pose:
tensor([[[ 0.9961,  0.0452, -0.0763,  0.1185],
         [-0.0743,  0.8948, -0.4403,  0.0381],
         [ 0.0484,  0.4442,  0.8946,  0.7946],
         [ 0.0000,  0.0000,  0.0000,  1.0000]]])
2025-04-17T18:59:39.205106 - Final transform:
[[ 1.    0.05 -0.06  0.12]
 [-0.07  0.9  -0.44  0.04]
 [ 0.03  0.44  0.9   0.8 ]
 [ 0.    0.    0.    1.  ]]
2025-04-17T18:59:39.205106 - Pose:
tensor([[[ 0.9969,  0.0478, -0.0619,  0.1187],
         [-0.0701,  0.8970, -0.4364,  0.0380],
         [ 0.0347,  0.4394,  0.8976,  0.7944],
         [ 0.0000,  0.0000,  0.0000,  1.0000]]])
2025-04-17T18:59:39.275791 - Final transform:
[[ 1.    0.05 -0.07  0.12]
 [-0.07  0.89 -0.44  0.04]
 [ 0.04  0.44  0.89  0.8 ]
 [ 0.    0.    0.    1.  ]]
2025-04-17T18:59:39.275791 - Pose:
tensor([[[ 0.9964,  0.0453, -0.0723,  0.1185],
         [-0.0726,  0.8948, -0.4405,  0.0380],
         [ 0.0447,  0.4442,  0.8948,  0.7943],
         [ 0.0000,  0.0000,  0.0000,  1.0000]]])
2025-04-17T18:59:39.358850 - Final transform:
[[ 1.    0.05 -0.07  0.12]
 [-0.07  0.9  -0.44  0.04]
 [ 0.04  0.44  0.9   0.8 ]
 [ 0.    0.    0.    1.  ]]
2025-04-17T18:59:39.358850 - Pose:
tensor([[[ 0.9964,  0.0478, -0.0703,  0.1185],
         [-0.0738,  0.8969, -0.4360,  0.0380],
         [ 0.0422,  0.4396,  0.8972,  0.7943],
         [ 0.0000,  0.0000,  0.0000,  1.0000]]])
2025-04-17T18:59:39.429430 - Final transform:
[[ 1.    0.04 -0.07  0.12]
 [-0.07  0.89 -0.44  0.04]
 [ 0.05  0.44  0.89  0.8 ]
 [ 0.    0.    0.    1.  ]]
2025-04-17T18:59:39.429430 - Pose:
tensor([[[ 0.9964,  0.0439, -0.0721,  0.1185],
         [-0.0713,  0.8947, -0.4409,  0.0380],
         [ 0.0452,  0.4444,  0.8947,  0.7939],
         [ 0.0000,  0.0000,  0.0000,  1.0000]]])
2025-04-17T18:59:39.502661 - Final transform:
[[ 1.    0.04 -0.08  0.12]
 [-0.07  0.9  -0.43  0.04]
 [ 0.05  0.44  0.9   0.8 ]
 [ 0.    0.    0.    1.  ]]
2025-04-17T18:59:39.502661 - Pose:
tensor([[[ 0.9961,  0.0437, -0.0770,  0.1185],
         [-0.0729,  0.8985, -0.4329,  0.0379],
         [ 0.0503,  0.4368,  0.8981,  0.7946],
         [ 0.0000,  0.0000,  0.0000,  1.0000]]])
2025-04-17T18:59:39.576814 - Final transform:
[[ 1.    0.04 -0.08  0.12]
 [-0.07  0.9  -0.43  0.04]
 [ 0.05  0.44  0.9   0.8 ]
 [ 0.    0.    0.    1.  ]]
2025-04-17T18:59:39.576814 - Pose:
tensor([[[ 0.9962,  0.0413, -0.0771,  0.1183],
         [-0.0708,  0.8984, -0.4334,  0.0378],
         [ 0.0514,  0.4372,  0.8979,  0.7943],
         [ 0.0000,  0.0000,  0.0000,  1.0000]]])
2025-04-17T18:59:39.645589 - Final transform:
[[ 1.    0.04 -0.08  0.12]
 [-0.07  0.9  -0.44  0.04]
 [ 0.05  0.44  0.9   0.8 ]
 [ 0.    0.    0.    1.  ]]
2025-04-17T18:59:39.645589 - Pose:
tensor([[[ 0.9959,  0.0427, -0.0793,  0.1184],
         [-0.0732,  0.8964, -0.4371,  0.0380],
         [ 0.0524,  0.4411,  0.8959,  0.7945],
         [ 0.0000,  0.0000,  0.0000,  1.0000]]])
2025-04-17T18:59:39.721000 - Final transform:
[[ 1.    0.04 -0.07  0.12]
 [-0.07  0.9  -0.43  0.04]
 [ 0.04  0.43  0.9   0.8 ]
 [ 0.    0.    0.    1.  ]]
2025-04-17T18:59:39.721000 - Pose:
tensor([[[ 0.9966,  0.0447, -0.0692,  0.1184],
         [-0.0703,  0.8995, -0.4312,  0.0377],
         [ 0.0430,  0.4346,  0.8996,  0.7944],
         [ 0.0000,  0.0000,  0.0000,  1.0000]]])
2025-04-17T18:59:39.793703 - Final transform:
[[ 1.    0.05 -0.07  0.12]
 [-0.07  0.9  -0.43  0.04]
 [ 0.04  0.43  0.9   0.8 ]
 [ 0.    0.    0.    1.  ]]
2025-04-17T18:59:39.793703 - Pose:
tensor([[[ 0.9966,  0.0463, -0.0682,  0.1184],
         [-0.0712,  0.9002, -0.4296,  0.0384],
         [ 0.0415,  0.4330,  0.9004,  0.7946],
         [ 0.0000,  0.0000,  0.0000,  1.0000]]])
2025-04-17T18:59:39.867400 - Final transform:
[[ 1.    0.04 -0.08  0.12]
 [-0.07  0.89 -0.44  0.04]
 [ 0.06  0.44  0.89  0.8 ]
 [ 0.    0.    0.    1.  ]]
2025-04-17T18:59:39.867400 - Pose:
tensor([[[ 0.9958,  0.0399, -0.0821,  0.1187],
         [-0.0722,  0.8948, -0.4406,  0.0383],
         [ 0.0559,  0.4447,  0.8939,  0.7945],
         [ 0.0000,  0.0000,  0.0000,  1.0000]]])
2025-04-17T18:59:39.936465 - Final transform:
[[ 1.    0.04 -0.08  0.12]
 [-0.08  0.89 -0.44  0.04]
 [ 0.06  0.44  0.89  0.8 ]
 [ 0.    0.    0.    1.  ]]
2025-04-17T18:59:39.936465 - Pose:
tensor([[[ 0.9955,  0.0433, -0.0840,  0.1185],
         [-0.0761,  0.8947, -0.4401,  0.0379],
         [ 0.0561,  0.4445,  0.8940,  0.7943],
         [ 0.0000,  0.0000,  0.0000,  1.0000]]])
2025-04-17T18:59:40.005943 - Final transform:
[[ 1.    0.04 -0.06  0.12]
 [-0.06  0.9  -0.43  0.04]
 [ 0.04  0.44  0.9   0.8 ]
 [ 0.    0.    0.    1.  ]]
2025-04-17T18:59:40.005943 - Pose:
tensor([[[ 0.9972,  0.0408, -0.0630,  0.1188],
         [-0.0641,  0.8990, -0.4331,  0.0380],
         [ 0.0390,  0.4359,  0.8991,  0.7944],
         [ 0.0000,  0.0000,  0.0000,  1.0000]]])
2025-04-17T18:59:40.078515 - Final transform:
[[ 1.    0.05 -0.06  0.12]
 [-0.07  0.9  -0.43  0.04]
 [ 0.03  0.44  0.9   0.8 ]
 [ 0.    0.    0.    1.  ]]
2025-04-17T18:59:40.078515 - Pose:
tensor([[[ 0.9968,  0.0511, -0.0619,  0.1187],
         [-0.0729,  0.8987, -0.4325,  0.0379],
         [ 0.0336,  0.4357,  0.8995,  0.7946],
         [ 0.0000,  0.0000,  0.0000,  1.0000]]])
2025-04-17T18:59:40.150789 - Final transform:
[[ 1.    0.04 -0.07  0.12]
 [-0.07  0.9  -0.44  0.04]
 [ 0.04  0.44  0.9   0.8 ]
 [ 0.    0.    0.    1.  ]]
2025-04-17T18:59:40.150789 - Pose:
tensor([[[ 0.9969,  0.0430, -0.0661,  0.1184],
         [-0.0676,  0.8973, -0.4363,  0.0382],
         [ 0.0406,  0.4394,  0.8974,  0.7943],
         [ 0.0000,  0.0000,  0.0000,  1.0000]]])
2025-04-17T18:59:40.221657 - Final transform:
[[ 1.    0.04 -0.07  0.12]
 [-0.07  0.9  -0.44  0.04]
 [ 0.04  0.44  0.9   0.8 ]
 [ 0.    0.    0.    1.  ]]
2025-04-17T18:59:40.221657 - Pose:
tensor([[[ 0.9969,  0.0432, -0.0652,  0.1187],
         [-0.0675,  0.8963, -0.4383,  0.0380],
         [ 0.0395,  0.4414,  0.8965,  0.7942],
         [ 0.0000,  0.0000,  0.0000,  1.0000]]])
2025-04-17T18:59:40.289447 - Final transform:
[[ 1.    0.04 -0.07  0.12]
 [-0.07  0.9  -0.44  0.04]
 [ 0.04  0.44  0.9   0.8 ]
 [ 0.    0.    0.    1.  ]]
2025-04-17T18:59:40.289447 - Pose:
tensor([[[ 0.9965,  0.0447, -0.0709,  0.1186],
         [-0.0713,  0.8968, -0.4366,  0.0381],
         [ 0.0440,  0.4401,  0.8969,  0.7945],
         [ 0.0000,  0.0000,  0.0000,  1.0000]]])
2025-04-17T18:59:40.362186 - Final transform:
[[ 1.    0.05 -0.05  0.12]
 [-0.07  0.9  -0.44  0.04]
 [ 0.02  0.44  0.9   0.8 ]
 [ 0.    0.    0.    1.  ]]
2025-04-17T18:59:40.362186 - Pose:
tensor([[[ 0.9974,  0.0533, -0.0492,  0.1187],
         [-0.0694,  0.8974, -0.4358,  0.0379],
         [ 0.0209,  0.4380,  0.8987,  0.7942],
         [ 0.0000,  0.0000,  0.0000,  1.0000]]])
2025-04-17T18:59:40.433257 - Final transform:
[[ 1.    0.05 -0.06  0.12]
 [-0.07  0.9  -0.43  0.04]
 [ 0.04  0.44  0.9   0.8 ]
 [ 0.    0.    0.    1.  ]]
2025-04-17T18:59:40.433257 - Pose:
tensor([[[ 0.9968,  0.0487, -0.0639,  0.1185],
         [-0.0717,  0.8977, -0.4348,  0.0379],
         [ 0.0362,  0.4380,  0.8982,  0.7940],
         [ 0.0000,  0.0000,  0.0000,  1.0000]]])
2025-04-17T18:59:40.516478 - Final transform:
[[ 1.    0.05 -0.06  0.12]
 [-0.07  0.9  -0.43  0.04]
 [ 0.03  0.43  0.9   0.8 ]
 [ 0.    0.    0.    1.  ]]
2025-04-17T18:59:40.516478 - Pose:
tensor([[[ 0.9971,  0.0481, -0.0585,  0.1186],
         [-0.0687,  0.8992, -0.4321,  0.0378],
         [ 0.0319,  0.4349,  0.8999,  0.7942],
         [ 0.0000,  0.0000,  0.0000,  1.0000]]])
2025-04-17T18:59:40.588869 - Final transform:
[[ 1.    0.04 -0.08  0.12]
 [-0.07  0.89 -0.44  0.04]
 [ 0.05  0.44  0.89  0.8 ]
 [ 0.    0.    0.    1.  ]]
2025-04-17T18:59:40.588869 - Pose:
tensor([[[ 0.9960,  0.0424, -0.0787,  0.1185],
         [-0.0729,  0.8947, -0.4407,  0.0379],
         [ 0.0518,  0.4447,  0.8942,  0.7943],
         [ 0.0000,  0.0000,  0.0000,  1.0000]]])
2025-04-17T18:59:40.662529 - Final transform:
[[ 1.    0.04 -0.07  0.12]
 [-0.07  0.9  -0.43  0.04]
 [ 0.05  0.44  0.9   0.8 ]
 [ 0.    0.    0.    1.  ]]
2025-04-17T18:59:40.662529 - Pose:
tensor([[[ 0.9965,  0.0404, -0.0729,  0.1184],
         [-0.0682,  0.8983, -0.4340,  0.0379],
         [ 0.0479,  0.4375,  0.8980,  0.7944],
         [ 0.0000,  0.0000,  0.0000,  1.0000]]])
2025-04-17T18:59:40.735156 - Final transform:
[[ 1.    0.04 -0.07  0.12]
 [-0.07  0.9  -0.43  0.04]
 [ 0.05  0.44  0.9   0.8 ]
 [ 0.    0.    0.    1.  ]]
2025-04-17T18:59:40.735156 - Pose:
tensor([[[ 0.9965,  0.0425, -0.0715,  0.1189],
         [-0.0694,  0.8989, -0.4327,  0.0379],
         [ 0.0459,  0.4361,  0.8987,  0.7944],
         [ 0.0000,  0.0000,  0.0000,  1.0000]]])
2025-04-17T18:59:40.805541 - Final transform:
[[ 1.    0.04 -0.07  0.12]
 [-0.07  0.9  -0.43  0.04]
 [ 0.04  0.44  0.9   0.8 ]
 [ 0.    0.    0.    1.  ]]
2025-04-17T18:59:40.805541 - Pose:
tensor([[[ 0.9965,  0.0443, -0.0711,  0.1186],
         [-0.0710,  0.8976, -0.4350,  0.0380],
         [ 0.0446,  0.4385,  0.8976,  0.7943],
         [ 0.0000,  0.0000,  0.0000,  1.0000]]])
2025-04-17T18:59:40.878329 - Final transform:
[[ 1.    0.04 -0.07  0.12]
 [-0.07  0.9  -0.43  0.04]
 [ 0.05  0.44  0.9   0.8 ]
 [ 0.    0.    0.    1.  ]]
2025-04-17T18:59:40.878329 - Pose:
tensor([[[ 0.9964,  0.0420, -0.0732,  0.1189],
         [-0.0697,  0.8991, -0.4322,  0.0380],
         [ 0.0476,  0.4357,  0.8988,  0.7945],
         [ 0.0000,  0.0000,  0.0000,  1.0000]]])
2025-04-17T18:59:40.950184 - Final transform:
[[ 1.    0.05 -0.07  0.12]
 [-0.07  0.9  -0.43  0.04]
 [ 0.04  0.44  0.9   0.8 ]
 [ 0.    0.    0.    1.  ]]
2025-04-17T18:59:40.950184 - Pose:
tensor([[[ 0.9966,  0.0473, -0.0668,  0.1183],
         [-0.0717,  0.8984, -0.4334,  0.0380],
         [ 0.0395,  0.4367,  0.8987,  0.7945],
         [ 0.0000,  0.0000,  0.0000,  1.0000]]])
2025-04-17T18:59:41.021902 - Final transform:
[[ 1.    0.04 -0.07  0.12]
 [-0.07  0.9  -0.44  0.04]
 [ 0.05  0.44  0.89  0.8 ]
 [ 0.    0.    0.    1.  ]]
2025-04-17T18:59:41.021902 - Pose:
tensor([[[ 0.9963,  0.0439, -0.0743,  0.1181],
         [-0.0723,  0.8951, -0.4399,  0.0381],
         [ 0.0472,  0.4436,  0.8950,  0.7936],
         [ 0.0000,  0.0000,  0.0000,  1.0000]]])
2025-04-17T18:59:41.095979 - Final transform:
[[ 1.    0.04 -0.06  0.12]
 [-0.06  0.9  -0.44  0.04]
 [ 0.04  0.44  0.9   0.8 ]
 [ 0.    0.    0.    1.  ]]
2025-04-17T18:59:41.095979 - Pose:
tensor([[[ 0.9973,  0.0426, -0.0606,  0.1187],
         [-0.0649,  0.8967, -0.4379,  0.0381],
         [ 0.0357,  0.4407,  0.8970,  0.7941],
         [ 0.0000,  0.0000,  0.0000,  1.0000]]])
2025-04-17T18:59:41.168151 - Final transform:
[[ 1.    0.05 -0.07  0.12]
 [-0.07  0.9  -0.44  0.04]
 [ 0.04  0.44  0.9   0.8 ]
 [ 0.    0.    0.    1.  ]]
2025-04-17T18:59:41.168151 - Pose:
tensor([[[ 0.9967,  0.0468, -0.0671,  0.1186],
         [-0.0716,  0.8958, -0.4386,  0.0382],
         [ 0.0395,  0.4420,  0.8962,  0.7940],
         [ 0.0000,  0.0000,  0.0000,  1.0000]]])
2025-04-17T18:59:41.237775 - Final transform:
[[ 1.    0.05 -0.05  0.12]
 [-0.07  0.9  -0.44  0.04]
 [ 0.02  0.44  0.9   0.8 ]
 [ 0.    0.    0.    1.  ]]
2025-04-17T18:59:41.237775 - Pose:
tensor([[[ 0.9972,  0.0525, -0.0533,  0.1184],
         [-0.0706,  0.8968, -0.4368,  0.0381],
         [ 0.0248,  0.4394,  0.8980,  0.7945],
         [ 0.0000,  0.0000,  0.0000,  1.0000]]])
2025-04-17T18:59:41.313597 - Final transform:
[[ 1.    0.05 -0.07  0.12]
 [-0.07  0.9  -0.44  0.04]
 [ 0.04  0.44  0.9   0.8 ]
 [ 0.    0.    0.    1.  ]]
2025-04-17T18:59:41.313597 - Pose:
tensor([[[ 0.9967,  0.0464, -0.0665,  0.1184],
         [-0.0709,  0.8966, -0.4370,  0.0380],
         [ 0.0393,  0.4403,  0.8970,  0.7942],
         [ 0.0000,  0.0000,  0.0000,  1.0000]]])
2025-04-17T18:59:41.384246 - Final transform:
[[ 1.    0.04 -0.08  0.12]
 [-0.07  0.9  -0.44  0.04]
 [ 0.05  0.44  0.9   0.8 ]
 [ 0.    0.    0.    1.  ]]
2025-04-17T18:59:41.384246 - Pose:
tensor([[[ 0.9961,  0.0435, -0.0766,  0.1184],
         [-0.0727,  0.8969, -0.4362,  0.0378],
         [ 0.0498,  0.4401,  0.8966,  0.7940],
         [ 0.0000,  0.0000,  0.0000,  1.0000]]])
2025-04-17T18:59:41.457598 - Final transform:
[[ 1.    0.05 -0.07  0.12]
 [-0.07  0.89 -0.44  0.04]
 [ 0.04  0.44  0.89  0.8 ]
 [ 0.    0.    0.    1.  ]]
2025-04-17T18:59:41.457598 - Pose:
tensor([[[ 0.9964,  0.0480, -0.0695,  0.1186],
         [-0.0738,  0.8943, -0.4413,  0.0382],
         [ 0.0410,  0.4449,  0.8947,  0.7939],
         [ 0.0000,  0.0000,  0.0000,  1.0000]]])
2025-04-17T18:59:41.528905 - Final transform:
[[ 1.    0.05 -0.05  0.12]
 [-0.06  0.9  -0.43  0.04]
 [ 0.03  0.43  0.9   0.8 ]
 [ 0.    0.    0.    1.  ]]
2025-04-17T18:59:41.528905 - Pose:
tensor([[[ 0.9976,  0.0454, -0.0530,  0.1188],
         [-0.0638,  0.9015, -0.4280,  0.0379],
         [ 0.0283,  0.4303,  0.9022,  0.7945],
         [ 0.0000,  0.0000,  0.0000,  1.0000]]])
2025-04-17T18:59:41.600167 - Final transform:
[[ 1.    0.05 -0.07  0.12]
 [-0.07  0.9  -0.44  0.04]
 [ 0.04  0.44  0.9   0.8 ]
 [ 0.    0.    0.    1.  ]]
2025-04-17T18:59:41.600167 - Pose:
tensor([[[ 0.9964,  0.0495, -0.0682,  0.1188],
         [-0.0744,  0.8963, -0.4371,  0.0380],
         [ 0.0395,  0.4406,  0.8968,  0.7943],
         [ 0.0000,  0.0000,  0.0000,  1.0000]]])
2025-04-17T18:59:41.670777 - Final transform:
[[ 1.    0.05 -0.06  0.12]
 [-0.07  0.9  -0.43  0.04]
 [ 0.04  0.44  0.9   0.8 ]
 [ 0.    0.    0.    1.  ]]
2025-04-17T18:59:41.670777 - Pose:
tensor([[[ 0.9968,  0.0474, -0.0647,  0.1186],
         [-0.0708,  0.8989, -0.4325,  0.0379],
         [ 0.0376,  0.4357,  0.8993,  0.7941],
         [ 0.0000,  0.0000,  0.0000,  1.0000]]])
2025-04-17T18:59:41.740349 - Final transform:
[[ 1.    0.04 -0.07  0.12]
 [-0.07  0.9  -0.44  0.04]
 [ 0.04  0.44  0.9   0.8 ]
 [ 0.    0.    0.    1.  ]]
2025-04-17T18:59:41.740349 - Pose:
tensor([[[ 0.9967,  0.0435, -0.0690,  0.1187],
         [-0.0693,  0.8973, -0.4359,  0.0381],
         [ 0.0429,  0.4392,  0.8973,  0.7943],
         [ 0.0000,  0.0000,  0.0000,  1.0000]]])
2025-04-17T18:59:41.807724 - Final transform:
[[ 1.    0.04 -0.07  0.12]
 [-0.07  0.9  -0.44  0.04]
 [ 0.04  0.44  0.9   0.8 ]
 [ 0.    0.    0.    1.  ]]
2025-04-17T18:59:41.807724 - Pose:
tensor([[[ 0.9965,  0.0443, -0.0715,  0.1186],
         [-0.0712,  0.8969, -0.4364,  0.0379],
         [ 0.0448,  0.4399,  0.8969,  0.7941],
         [ 0.0000,  0.0000,  0.0000,  1.0000]]])
2025-04-17T18:59:41.878800 - Final transform:
[[ 1.    0.05 -0.07  0.12]
 [-0.07  0.9  -0.44  0.04]
 [ 0.04  0.44  0.9   0.8 ]
 [ 0.    0.    0.    1.  ]]
2025-04-17T18:59:41.878800 - Pose:
tensor([[[ 0.9965,  0.0456, -0.0704,  0.1183],
         [-0.0719,  0.8973, -0.4356,  0.0378],
         [ 0.0432,  0.4391,  0.8974,  0.7940],
         [ 0.0000,  0.0000,  0.0000,  1.0000]]])
2025-04-17T18:59:41.952214 - Final transform:
[[ 1.    0.05 -0.07  0.12]
 [-0.07  0.89 -0.44  0.04]
 [ 0.04  0.44  0.9   0.8 ]
 [ 0.    0.    0.    1.  ]]
2025-04-17T18:59:41.952214 - Pose:
tensor([[[ 0.9962,  0.0472, -0.0731,  0.1185],
         [-0.0746,  0.8950, -0.4398,  0.0383],
         [ 0.0446,  0.4436,  0.8951,  0.7941],
         [ 0.0000,  0.0000,  0.0000,  1.0000]]])
2025-04-17T18:59:42.020785 - Final transform:
[[ 1.    0.05 -0.07  0.12]
 [-0.07  0.9  -0.43  0.04]
 [ 0.04  0.44  0.9   0.8 ]
 [ 0.    0.    0.    1.  ]]
2025-04-17T18:59:42.020785 - Pose:
tensor([[[ 0.9965,  0.0451, -0.0700,  0.1184],
         [-0.0711,  0.8982, -0.4338,  0.0379],
         [ 0.0433,  0.4373,  0.8983,  0.7941],
         [ 0.0000,  0.0000,  0.0000,  1.0000]]])
2025-04-17T18:59:42.089076 - Final transform:
[[ 1.    0.04 -0.08  0.12]
 [-0.07  0.9  -0.44  0.04]
 [ 0.05  0.44  0.9   0.8 ]
 [ 0.    0.    0.    1.  ]]
2025-04-17T18:59:42.089076 - Pose:
tensor([[[ 0.9961,  0.0441, -0.0767,  0.1186],
         [-0.0734,  0.8955, -0.4389,  0.0378],
         [ 0.0493,  0.4429,  0.8952,  0.7939],
         [ 0.0000,  0.0000,  0.0000,  1.0000]]])
2025-04-17T18:59:42.158882 - Final transform:
[[ 1.    0.04 -0.07  0.12]
 [-0.07  0.9  -0.44  0.04]
 [ 0.05  0.44  0.9   0.8 ]
 [ 0.    0.    0.    1.  ]]
2025-04-17T18:59:42.158882 - Pose:
tensor([[[ 0.9963,  0.0441, -0.0738,  0.1184],
         [-0.0721,  0.8962, -0.4377,  0.0380],
         [ 0.0469,  0.4414,  0.8961,  0.7941],
         [ 0.0000,  0.0000,  0.0000,  1.0000]]])
2025-04-17T18:59:42.226243 - Final transform:
[[ 1.    0.04 -0.07  0.12]
 [-0.07  0.9  -0.44  0.04]
 [ 0.04  0.44  0.9   0.8 ]
 [ 0.    0.    0.    1.  ]]
2025-04-17T18:59:42.226243 - Pose:
tensor([[[ 0.9968,  0.0445, -0.0669,  0.1185],
         [-0.0694,  0.8968, -0.4369,  0.0379],
         [ 0.0406,  0.4401,  0.8970,  0.7940],
         [ 0.0000,  0.0000,  0.0000,  1.0000]]])
2025-04-17T18:59:42.299163 - Final transform:
[[ 1.    0.04 -0.07  0.12]
 [-0.07  0.9  -0.43  0.04]
 [ 0.05  0.44  0.9   0.8 ]
 [ 0.    0.    0.    1.  ]]
2025-04-17T18:59:42.299163 - Pose:
tensor([[[ 0.9964,  0.0413, -0.0737,  0.1185],
         [-0.0692,  0.8993, -0.4318,  0.0379],
         [ 0.0485,  0.4353,  0.8990,  0.7944],
         [ 0.0000,  0.0000,  0.0000,  1.0000]]])
2025-04-17T18:59:42.369402 - Final transform:
[[ 1.    0.04 -0.07  0.12]
 [-0.07  0.9  -0.44  0.04]
 [ 0.04  0.44  0.9   0.8 ]
 [ 0.    0.    0.    1.  ]]
2025-04-17T18:59:42.369402 - Pose:
tensor([[[ 0.9965,  0.0450, -0.0705,  0.1185],
         [-0.0715,  0.8959, -0.4385,  0.0380],
         [ 0.0434,  0.4421,  0.8959,  0.7945],
         [ 0.0000,  0.0000,  0.0000,  1.0000]]])
2025-04-17T18:59:42.438190 - Final transform:
[[ 1.    0.04 -0.08  0.12]
 [-0.07  0.9  -0.43  0.04]
 [ 0.06  0.44  0.9   0.8 ]
 [ 0.    0.    0.    1.  ]]
2025-04-17T18:59:42.438190 - Pose:
tensor([[[ 0.9958,  0.0413, -0.0813,  0.1184],
         [-0.0727,  0.8977, -0.4345,  0.0380],
         [ 0.0550,  0.4386,  0.8970,  0.7944],
         [ 0.0000,  0.0000,  0.0000,  1.0000]]])
2025-04-17T18:59:42.509679 - Final transform:
[[ 1.    0.04 -0.07  0.12]
 [-0.07  0.9  -0.44  0.04]
 [ 0.04  0.44  0.9   0.8 ]
 [ 0.    0.    0.    1.  ]]
2025-04-17T18:59:42.509679 - Pose:
tensor([[[ 0.9967,  0.0423, -0.0694,  0.1186],
         [-0.0684,  0.8975, -0.4357,  0.0380],
         [ 0.0438,  0.4390,  0.8974,  0.7946],
         [ 0.0000,  0.0000,  0.0000,  1.0000]]])
2025-04-17T18:59:42.581102 - Final transform:
[[ 1.    0.05 -0.07  0.12]
 [-0.07  0.9  -0.44  0.04]
 [ 0.04  0.44  0.9   0.8 ]
 [ 0.    0.    0.    1.  ]]
2025-04-17T18:59:42.581102 - Pose:
tensor([[[ 0.9966,  0.0454, -0.0694,  0.1183],
         [-0.0714,  0.8959, -0.4385,  0.0380],
         [ 0.0423,  0.4420,  0.8960,  0.7938],
         [ 0.0000,  0.0000,  0.0000,  1.0000]]])
2025-04-17T18:59:42.651165 - Final transform:
[[ 1.    0.04 -0.09  0.12]
 [-0.08  0.9  -0.44  0.04]
 [ 0.06  0.44  0.89  0.8 ]
 [ 0.    0.    0.    1.  ]]
2025-04-17T18:59:42.651165 - Pose:
tensor([[[ 0.9952,  0.0422, -0.0883,  0.1187],
         [-0.0769,  0.8953, -0.4388,  0.0381],
         [ 0.0605,  0.4435,  0.8942,  0.7943],
         [ 0.0000,  0.0000,  0.0000,  1.0000]]])
2025-04-17T18:59:42.721690 - Final transform:
[[ 1.    0.04 -0.07  0.12]
 [-0.07  0.9  -0.44  0.04]
 [ 0.05  0.44  0.9   0.8 ]
 [ 0.    0.    0.    1.  ]]
2025-04-17T18:59:42.721690 - Pose:
tensor([[[ 0.9962,  0.0448, -0.0746,  0.1188],
         [-0.0730,  0.8968, -0.4365,  0.0381],
         [ 0.0474,  0.4402,  0.8966,  0.7949],
         [ 0.0000,  0.0000,  0.0000,  1.0000]]])
2025-04-17T18:59:42.793930 - Final transform:
[[ 1.    0.04 -0.07  0.12]
 [-0.07  0.9  -0.43  0.04]
 [ 0.04  0.44  0.9   0.8 ]
 [ 0.    0.    0.    1.  ]]
2025-04-17T18:59:42.793930 - Pose:
tensor([[[ 0.9970,  0.0411, -0.0657,  0.1190],
         [-0.0656,  0.8990, -0.4331,  0.0380],
         [ 0.0413,  0.4361,  0.8990,  0.7945],
         [ 0.0000,  0.0000,  0.0000,  1.0000]]])
2025-04-17T18:59:42.864265 - Final transform:
[[ 1.    0.05 -0.04  0.12]
 [-0.06  0.9  -0.43  0.04]
 [ 0.02  0.43  0.9   0.8 ]
 [ 0.    0.    0.    1.  ]]
2025-04-17T18:59:42.864265 - Pose:
tensor([[[ 0.9981,  0.0453, -0.0407,  0.1187],
         [-0.0584,  0.9013, -0.4292,  0.0379],
         [ 0.0172,  0.4308,  0.9023,  0.7941],
         [ 0.0000,  0.0000,  0.0000,  1.0000]]])
2025-04-17T18:59:42.936012 - Final transform:
[[ 1.    0.05 -0.06  0.12]
 [-0.07  0.9  -0.43  0.04]
 [ 0.03  0.43  0.9   0.8 ]
 [ 0.    0.    0.    1.  ]]
2025-04-17T18:59:42.936012 - Pose:
tensor([[[ 0.9970,  0.0486, -0.0596,  0.1186],
         [-0.0695,  0.9006, -0.4290,  0.0381],
         [ 0.0328,  0.4319,  0.9013,  0.7944],
         [ 0.0000,  0.0000,  0.0000,  1.0000]]])
2025-04-17T18:59:43.006758 - Final transform:
[[ 1.    0.05 -0.06  0.12]
 [-0.07  0.89 -0.44  0.04]
 [ 0.04  0.44  0.89  0.8 ]
 [ 0.    0.    0.    1.  ]]
2025-04-17T18:59:43.006758 - Pose:
tensor([[[ 0.9969,  0.0458, -0.0647,  0.1185],
         [-0.0698,  0.8945, -0.4415,  0.0381],
         [ 0.0376,  0.4447,  0.8949,  0.7942],
         [ 0.0000,  0.0000,  0.0000,  1.0000]]])
2025-04-17T18:59:43.077437 - Final transform:
[[ 1.    0.04 -0.07  0.12]
 [-0.07  0.9  -0.44  0.04]
 [ 0.05  0.44  0.9   0.8 ]
 [ 0.    0.    0.    1.  ]]
2025-04-17T18:59:43.077437 - Pose:
tensor([[[ 0.9965,  0.0413, -0.0723,  0.1184],
         [-0.0689,  0.8962, -0.4382,  0.0380],
         [ 0.0467,  0.4417,  0.8960,  0.7940],
         [ 0.0000,  0.0000,  0.0000,  1.0000]]])
2025-04-17T18:59:43.149640 - Final transform:
[[ 1.    0.04 -0.07  0.12]
 [-0.07  0.9  -0.43  0.04]
 [ 0.05  0.43  0.9   0.8 ]
 [ 0.    0.    0.    1.  ]]
2025-04-17T18:59:43.149640 - Pose:
tensor([[[ 0.9964,  0.0440, -0.0721,  0.1188],
         [-0.0709,  0.8998, -0.4306,  0.0379],
         [ 0.0460,  0.4342,  0.8997,  0.7945],
         [ 0.0000,  0.0000,  0.0000,  1.0000]]])
2025-04-17T18:59:43.221497 - Final transform:
[[ 1.    0.05 -0.07  0.12]
 [-0.07  0.9  -0.44  0.04]
 [ 0.05  0.44  0.9   0.8 ]
 [ 0.    0.    0.    1.  ]]
2025-04-17T18:59:43.221497 - Pose:
tensor([[[ 0.9963,  0.0458, -0.0726,  0.1186],
         [-0.0730,  0.8971, -0.4357,  0.0379],
         [ 0.0452,  0.4394,  0.8971,  0.7943],
         [ 0.0000,  0.0000,  0.0000,  1.0000]]])
2025-04-17T18:59:43.294360 - Final transform:
[[ 1.    0.05 -0.07  0.12]
 [-0.07  0.89 -0.44  0.04]
 [ 0.05  0.44  0.89  0.8 ]
 [ 0.    0.    0.    1.  ]]
2025-04-17T18:59:43.294360 - Pose:
tensor([[[ 0.9962,  0.0455, -0.0738,  0.1185],
         [-0.0735,  0.8949, -0.4402,  0.0381],
         [ 0.0460,  0.4440,  0.8949,  0.7943],
         [ 0.0000,  0.0000,  0.0000,  1.0000]]])
2025-04-17T18:59:43.365823 - Final transform:
[[ 1.    0.04 -0.08  0.12]
 [-0.07  0.9  -0.44  0.04]
 [ 0.06  0.44  0.9   0.8 ]
 [ 0.    0.    0.    1.  ]]
2025-04-17T18:59:43.365823 - Pose:
tensor([[[ 0.9957,  0.0401, -0.0830,  0.1186],
         [-0.0724,  0.8973, -0.4354,  0.0380],
         [ 0.0570,  0.4396,  0.8964,  0.7946],
         [ 0.0000,  0.0000,  0.0000,  1.0000]]])
2025-04-17T18:59:43.437195 - Final transform:
[[ 1.    0.05 -0.08  0.12]
 [-0.08  0.9  -0.44  0.04]
 [ 0.05  0.44  0.9   0.8 ]
 [ 0.    0.    0.    1.  ]]
2025-04-17T18:59:43.437195 - Pose:
tensor([[[ 0.9959,  0.0467, -0.0772,  0.1188],
         [-0.0758,  0.8971, -0.4354,  0.0382],
         [ 0.0489,  0.4394,  0.8969,  0.7944],
         [ 0.0000,  0.0000,  0.0000,  1.0000]]])
2025-04-17T18:59:43.507673 - Final transform:
[[ 1.    0.04 -0.07  0.12]
 [-0.07  0.9  -0.43  0.04]
 [ 0.05  0.43  0.9   0.8 ]
 [ 0.    0.    0.    1.  ]]
2025-04-17T18:59:43.507673 - Pose:
tensor([[[ 0.9962,  0.0435, -0.0748,  0.1186],
         [-0.0716,  0.8998, -0.4305,  0.0380],
         [ 0.0486,  0.4342,  0.8995,  0.7946],
         [ 0.0000,  0.0000,  0.0000,  1.0000]]])
2025-04-17T18:59:43.580172 - Final transform:
[[ 1.    0.05 -0.06  0.12]
 [-0.07  0.9  -0.43  0.04]
 [ 0.04  0.44  0.9   0.8 ]
 [ 0.    0.    0.    1.  ]]
2025-04-17T18:59:43.580172 - Pose:
tensor([[[ 0.9969,  0.0475, -0.0627,  0.1187],
         [-0.0700,  0.8985, -0.4333,  0.0381],
         [ 0.0358,  0.4364,  0.8990,  0.7942],
         [ 0.0000,  0.0000,  0.0000,  1.0000]]])
2025-04-17T18:59:43.653817 - Final transform:
[[ 1.    0.05 -0.06  0.12]
 [-0.07  0.9  -0.43  0.04]
 [ 0.04  0.44  0.9   0.8 ]
 [ 0.    0.    0.    1.  ]]
2025-04-17T18:59:43.653817 - Pose:
tensor([[[ 0.9968,  0.0470, -0.0646,  0.1187],
         [-0.0704,  0.8986, -0.4331,  0.0380],
         [ 0.0377,  0.4362,  0.8990,  0.7941],
         [ 0.0000,  0.0000,  0.0000,  1.0000]]])
2025-04-17T18:59:43.724461 - Final transform:
[[ 1.    0.04 -0.05  0.12]
 [-0.06  0.9  -0.43  0.04]
 [ 0.03  0.43  0.9   0.8 ]
 [ 0.    0.    0.    1.  ]]
2025-04-17T18:59:43.724461 - Pose:
tensor([[[ 0.9976,  0.0442, -0.0532,  0.1187],
         [-0.0628,  0.9003, -0.4307,  0.0380],
         [ 0.0289,  0.4330,  0.9009,  0.7941],
         [ 0.0000,  0.0000,  0.0000,  1.0000]]])
2025-04-17T18:59:43.796430 - Final transform:
[[ 1.    0.05 -0.06  0.12]
 [-0.07  0.9  -0.44  0.04]
 [ 0.04  0.44  0.9   0.8 ]
 [ 0.    0.    0.    1.  ]]
2025-04-17T18:59:43.796430 - Pose:
tensor([[[ 0.9968,  0.0481, -0.0636,  0.1188],
         [-0.0711,  0.8965, -0.4374,  0.0381],
         [ 0.0359,  0.4405,  0.8970,  0.7945],
         [ 0.0000,  0.0000,  0.0000,  1.0000]]])
2025-04-17T18:59:43.867550 - Final transform:
[[ 1.    0.04 -0.07  0.12]
 [-0.07  0.9  -0.44  0.04]
 [ 0.04  0.44  0.9   0.8 ]
 [ 0.    0.    0.    1.  ]]
2025-04-17T18:59:43.867550 - Pose:
tensor([[[ 0.9968,  0.0423, -0.0675,  0.1184],
         [-0.0678,  0.8957, -0.4395,  0.0382],
         [ 0.0418,  0.4427,  0.8957,  0.7942],
         [ 0.0000,  0.0000,  0.0000,  1.0000]]])
2025-04-17T18:59:43.955913 - Final transform:
[[ 1.    0.04 -0.08  0.12]
 [-0.07  0.9  -0.44  0.04]
 [ 0.05  0.44  0.9   0.8 ]
 [ 0.    0.    0.    1.  ]]
2025-04-17T18:59:43.955913 - Pose:
tensor([[[ 0.9962,  0.0439, -0.0753,  0.1187],
         [-0.0725,  0.8968, -0.4364,  0.0380],
         [ 0.0484,  0.4403,  0.8966,  0.7944],
         [ 0.0000,  0.0000,  0.0000,  1.0000]]])
2025-04-17T18:59:44.032107 - Final transform:
[[ 1.    0.04 -0.07  0.12]
 [-0.07  0.9  -0.44  0.04]
 [ 0.04  0.44  0.9   0.8 ]
 [ 0.    0.    0.    1.  ]]
2025-04-17T18:59:44.032107 - Pose:
tensor([[[ 0.9966,  0.0437, -0.0704,  0.1189],
         [-0.0703,  0.8958, -0.4388,  0.0382],
         [ 0.0439,  0.4423,  0.8958,  0.7943],
         [ 0.0000,  0.0000,  0.0000,  1.0000]]])
2025-04-17T18:59:44.103627 - Final transform:
[[ 1.    0.05 -0.06  0.12]
 [-0.07  0.9  -0.43  0.04]
 [ 0.04  0.44  0.9   0.8 ]
 [ 0.    0.    0.    1.  ]]
2025-04-17T18:59:44.103627 - Pose:
tensor([[[ 0.9969,  0.0454, -0.0636,  0.1186],
         [-0.0686,  0.8981, -0.4345,  0.0380],
         [ 0.0374,  0.4375,  0.8984,  0.7944],
         [ 0.0000,  0.0000,  0.0000,  1.0000]]])
2025-04-17T18:59:44.172228 - Final transform:
[[ 1.    0.05 -0.06  0.12]
 [-0.07  0.9  -0.43  0.04]
 [ 0.04  0.43  0.9   0.8 ]
 [ 0.    0.    0.    1.  ]]
2025-04-17T18:59:44.172228 - Pose:
tensor([[[ 0.9970,  0.0454, -0.0621,  0.1186],
         [-0.0678,  0.9005, -0.4295,  0.0380],
         [ 0.0364,  0.4324,  0.9009,  0.7946],
         [ 0.0000,  0.0000,  0.0000,  1.0000]]])
2025-04-17T18:59:44.244545 - Final transform:
[[ 1.    0.05 -0.06  0.12]
 [-0.07  0.9  -0.43  0.04]
 [ 0.03  0.44  0.9   0.8 ]
 [ 0.    0.    0.    1.  ]]
2025-04-17T18:59:44.244545 - Pose:
tensor([[[ 0.9970,  0.0482, -0.0614,  0.1188],
         [-0.0700,  0.8990, -0.4323,  0.0379],
         [ 0.0343,  0.4353,  0.8996,  0.7947],
         [ 0.0000,  0.0000,  0.0000,  1.0000]]])
2025-04-17T18:59:44.318508 - Final transform:
[[ 1.    0.04 -0.08  0.12]
 [-0.07  0.9  -0.43  0.04]
 [ 0.05  0.44  0.9   0.8 ]
 [ 0.    0.    0.    1.  ]]
2025-04-17T18:59:44.318508 - Pose:
tensor([[[ 0.9961,  0.0448, -0.0763,  0.1184],
         [-0.0736,  0.8980, -0.4338,  0.0380],
         [ 0.0491,  0.4377,  0.8978,  0.7939],
         [ 0.0000,  0.0000,  0.0000,  1.0000]]])
2025-04-17T18:59:44.389579 - Final transform:
[[ 1.    0.04 -0.08  0.12]
 [-0.07  0.9  -0.44  0.04]
 [ 0.06  0.44  0.9   0.8 ]
 [ 0.    0.    0.    1.  ]]
2025-04-17T18:59:44.389579 - Pose:
tensor([[[ 0.9957,  0.0422, -0.0828,  0.1185],
         [-0.0744,  0.8962, -0.4373,  0.0381],
         [ 0.0558,  0.4416,  0.8955,  0.7941],
         [ 0.0000,  0.0000,  0.0000,  1.0000]]])
2025-04-17T18:59:44.458790 - Final transform:
[[ 1.    0.04 -0.07  0.12]
 [-0.07  0.9  -0.44  0.04]
 [ 0.05  0.44  0.9   0.8 ]
 [ 0.    0.    0.    1.  ]]
2025-04-17T18:59:44.458790 - Pose:
tensor([[[ 0.9964,  0.0430, -0.0729,  0.1186],
         [-0.0707,  0.8965, -0.4373,  0.0380],
         [ 0.0465,  0.4409,  0.8963,  0.7945],
         [ 0.0000,  0.0000,  0.0000,  1.0000]]])
2025-04-17T18:59:44.537831 - Final transform:
[[ 1.    0.04 -0.08  0.12]
 [-0.07  0.9  -0.44  0.04]
 [ 0.05  0.44  0.9   0.8 ]
 [ 0.    0.    0.    1.  ]]
2025-04-17T18:59:44.537831 - Pose:
tensor([[[ 0.9958,  0.0433, -0.0811,  0.1185],
         [-0.0746,  0.8958, -0.4381,  0.0378],
         [ 0.0537,  0.4423,  0.8953,  0.7941],
         [ 0.0000,  0.0000,  0.0000,  1.0000]]])
2025-04-17T18:59:44.609331 - Final transform:
[[ 0.99  0.04 -0.09  0.12]
 [-0.08  0.9  -0.43  0.04]
 [ 0.07  0.44  0.9   0.8 ]
 [ 0.    0.    0.    1.  ]]
2025-04-17T18:59:44.609331 - Pose:
tensor([[[ 0.9947,  0.0406, -0.0943,  0.1185],
         [-0.0778,  0.8973, -0.4344,  0.0381],
         [ 0.0670,  0.4395,  0.8957,  0.7941],
         [ 0.0000,  0.0000,  0.0000,  1.0000]]])
2025-04-17T18:59:44.681217 - Final transform:
[[ 1.    0.05 -0.07  0.12]
 [-0.07  0.9  -0.44  0.04]
 [ 0.04  0.44  0.9   0.8 ]
 [ 0.    0.    0.    1.  ]]
2025-04-17T18:59:44.681217 - Pose:
tensor([[[ 0.9967,  0.0455, -0.0677,  0.1185],
         [-0.0706,  0.8972, -0.4359,  0.0382],
         [ 0.0409,  0.4392,  0.8974,  0.7942],
         [ 0.0000,  0.0000,  0.0000,  1.0000]]])
2025-04-17T18:59:44.751055 - Final transform:
[[ 1.    0.04 -0.07  0.12]
 [-0.07  0.9  -0.44  0.04]
 [ 0.04  0.44  0.9   0.8 ]
 [ 0.    0.    0.    1.  ]]
2025-04-17T18:59:44.751055 - Pose:
tensor([[[ 0.9968,  0.0431, -0.0671,  0.1185],
         [-0.0683,  0.8962, -0.4384,  0.0381],
         [ 0.0413,  0.4416,  0.8963,  0.7939],
         [ 0.0000,  0.0000,  0.0000,  1.0000]]])
2025-04-17T18:59:44.823300 - Final transform:
[[ 1.    0.04 -0.07  0.12]
 [-0.07  0.9  -0.44  0.04]
 [ 0.05  0.44  0.9   0.8 ]
 [ 0.    0.    0.    1.  ]]
2025-04-17T18:59:44.823300 - Pose:
tensor([[[ 0.9964,  0.0419, -0.0738,  0.1185],
         [-0.0699,  0.8975, -0.4355,  0.0381],
         [ 0.0480,  0.4391,  0.8972,  0.7946],
         [ 0.0000,  0.0000,  0.0000,  1.0000]]])
2025-04-17T18:59:44.898469 - Final transform:
[[ 1.    0.04 -0.07  0.12]
 [-0.07  0.9  -0.43  0.04]
 [ 0.05  0.44  0.9   0.8 ]
 [ 0.    0.    0.    1.  ]]
2025-04-17T18:59:44.898469 - Pose:
tensor([[[ 0.9964,  0.0442, -0.0729,  0.1185],
         [-0.0717,  0.8977, -0.4348,  0.0381],
         [ 0.0462,  0.4385,  0.8976,  0.7942],
         [ 0.0000,  0.0000,  0.0000,  1.0000]]])
2025-04-17T18:59:44.971714 - Final transform:
[[ 1.    0.05 -0.06  0.12]
 [-0.07  0.9  -0.44  0.04]
 [ 0.03  0.44  0.9   0.8 ]
 [ 0.    0.    0.    1.  ]]
2025-04-17T18:59:44.971714 - Pose:
tensor([[[ 0.9971,  0.0484, -0.0592,  0.1190],
         [-0.0694,  0.8973, -0.4360,  0.0382],
         [ 0.0320,  0.4388,  0.8980,  0.7945],
         [ 0.0000,  0.0000,  0.0000,  1.0000]]])
2025-04-17T18:59:45.042806 - Final transform:
[[ 1.    0.04 -0.07  0.12]
 [-0.07  0.9  -0.44  0.04]
 [ 0.04  0.44  0.9   0.8 ]
 [ 0.    0.    0.    1.  ]]
2025-04-17T18:59:45.042806 - Pose:
tensor([[[ 0.9968,  0.0429, -0.0668,  0.1187],
         [-0.0678,  0.8978, -0.4351,  0.0381],
         [ 0.0413,  0.4382,  0.8979,  0.7943],
         [ 0.0000,  0.0000,  0.0000,  1.0000]]])
2025-04-17T18:59:45.116279 - Final transform:
[[ 1.    0.05 -0.06  0.12]
 [-0.07  0.9  -0.44  0.04]
 [ 0.03  0.44  0.9   0.8 ]
 [ 0.    0.    0.    1.  ]]
2025-04-17T18:59:45.116279 - Pose:
tensor([[[ 0.9969,  0.0519, -0.0594,  0.1186],
         [-0.0727,  0.8963, -0.4374,  0.0380],
         [ 0.0306,  0.4404,  0.8973,  0.7935],
         [ 0.0000,  0.0000,  0.0000,  1.0000]]])
2025-04-17T18:59:45.189773 - Final transform:
[[ 1.    0.04 -0.05  0.12]
 [-0.06  0.9  -0.43  0.04]
 [ 0.03  0.43  0.9   0.8 ]
 [ 0.    0.    0.    1.  ]]
2025-04-17T18:59:45.189773 - Pose:
tensor([[[ 0.9976,  0.0448, -0.0525,  0.1189],
         [-0.0631,  0.9004, -0.4305,  0.0379],
         [ 0.0280,  0.4328,  0.9011,  0.7946],
         [ 0.0000,  0.0000,  0.0000,  1.0000]]])
2025-04-17T18:59:45.262146 - Final transform:
[[ 1.    0.05 -0.06  0.12]
 [-0.07  0.9  -0.43  0.04]
 [ 0.03  0.43  0.9   0.8 ]
 [ 0.    0.    0.    1.  ]]
2025-04-17T18:59:45.262146 - Pose:
tensor([[[ 0.9974,  0.0467, -0.0553,  0.1187],
         [-0.0660,  0.8998, -0.4313,  0.0380],
         [ 0.0296,  0.4338,  0.9005,  0.7942],
         [ 0.0000,  0.0000,  0.0000,  1.0000]]])
2025-04-17T18:59:45.343546 - Final transform:
[[ 1.    0.05 -0.05  0.12]
 [-0.07  0.9  -0.43  0.04]
 [ 0.03  0.43  0.9   0.8 ]
 [ 0.    0.    0.    1.  ]]
2025-04-17T18:59:45.343546 - Pose:
tensor([[[ 0.9974,  0.0478, -0.0533,  0.1187],
         [-0.0662,  0.8993, -0.4323,  0.0379],
         [ 0.0273,  0.4347,  0.9002,  0.7942],
         [ 0.0000,  0.0000,  0.0000,  1.0000]]])
2025-04-17T18:59:45.416254 - Final transform:
[[ 1.    0.05 -0.05  0.12]
 [-0.06  0.9  -0.43  0.04]
 [ 0.02  0.43  0.9   0.8 ]
 [ 0.    0.    0.    1.  ]]
2025-04-17T18:59:45.416254 - Pose:
tensor([[[ 0.9977,  0.0476, -0.0475,  0.1189],
         [-0.0634,  0.9016, -0.4280,  0.0380],
         [ 0.0225,  0.4300,  0.9025,  0.7944],
         [ 0.0000,  0.0000,  0.0000,  1.0000]]])
2025-04-17T18:59:45.489933 - Final transform:
[[ 1.    0.05 -0.07  0.12]
 [-0.08  0.9  -0.44  0.04]
 [ 0.05  0.44  0.9   0.8 ]
 [ 0.    0.    0.    1.  ]]
2025-04-17T18:59:45.489933 - Pose:
tensor([[[ 0.9961,  0.0480, -0.0744,  0.1189],
         [-0.0758,  0.8966, -0.4362,  0.0380],
         [ 0.0457,  0.4401,  0.8968,  0.7948],
         [ 0.0000,  0.0000,  0.0000,  1.0000]]])
2025-04-17T18:59:45.565590 - Final transform:
[[ 1.    0.04 -0.07  0.12]
 [-0.07  0.9  -0.43  0.04]
