2025-04-28T17:34:10.697639 - Final transform:
[[-0.96  0.28  0.04  0.02]
 [-0.07 -0.38  0.92 -0.05]
 [ 0.28  0.88  0.39  0.94]
 [ 0.    0.    0.    1.  ]]
2025-04-28T17:34:10.697639 - Pose:
tensor([[[-0.9576,  0.2848,  0.0430,  0.0267],
         [-0.0727, -0.3833,  0.9208, -0.0504],
         [ 0.2787,  0.8786,  0.3877,  0.9362],
         [ 0.0000,  0.0000,  0.0000,  1.0000]]])
2025-04-28T17:34:10.770649 - Final transform:
[[-0.95  0.31  0.04  0.02]
 [-0.08 -0.38  0.92 -0.05]
 [ 0.31  0.87  0.38  0.94]
 [ 0.    0.    0.    1.  ]]
2025-04-28T17:34:10.770649 - Pose:
tensor([[[-0.9485,  0.3138,  0.0428,  0.0270],
         [-0.0830, -0.3769,  0.9225, -0.0508],
         [ 0.3056,  0.8715,  0.3836,  0.9370],
         [ 0.0000,  0.0000,  0.0000,  1.0000]]])
2025-04-28T17:34:10.838567 - Final transform:
[[-0.96  0.29  0.05  0.02]
 [-0.07 -0.4   0.91 -0.05]
 [ 0.28  0.87  0.4   0.94]
 [ 0.    0.    0.    1.  ]]
2025-04-28T17:34:10.838567 - Pose:
tensor([[[-0.9566,  0.2875,  0.0479,  0.0265],
         [-0.0745, -0.4001,  0.9134, -0.0499],
         [ 0.2818,  0.8702,  0.4042,  0.9369],
         [ 0.0000,  0.0000,  0.0000,  1.0000]]])
2025-04-28T17:34:10.904693 - Final transform:
[[-0.97  0.25  0.05  0.02]
 [-0.06 -0.4   0.92 -0.05]
 [ 0.25  0.88  0.4   0.94]
 [ 0.    0.    0.    1.  ]]
2025-04-28T17:34:10.904693 - Pose:
tensor([[[-0.9664,  0.2527,  0.0473,  0.0263],
         [-0.0586, -0.3957,  0.9165, -0.0502],
         [ 0.2503,  0.8829,  0.3972,  0.9366],
         [ 0.0000,  0.0000,  0.0000,  1.0000]]])
2025-04-28T17:34:10.970293 - Final transform:
[[-0.96  0.29  0.05  0.02]
 [-0.07 -0.38  0.92 -0.06]
 [ 0.28  0.88  0.39  0.94]
 [ 0.    0.    0.    1.  ]]
2025-04-28T17:34:10.970293 - Pose:
tensor([[[-0.9561,  0.2894,  0.0458,  0.0266],
         [-0.0719, -0.3834,  0.9208, -0.0510],
         [ 0.2840,  0.8771,  0.3874,  0.9386],
         [ 0.0000,  0.0000,  0.0000,  1.0000]]])
2025-04-28T17:34:11.035022 - Final transform:
[[-0.96  0.27  0.06  0.02]
 [-0.06 -0.41  0.91 -0.05]
 [ 0.27  0.87  0.41  0.93]
 [ 0.    0.    0.    1.  ]]
2025-04-28T17:34:11.035022 - Pose:
tensor([[[-0.9617,  0.2683,  0.0562,  0.0263],
         [-0.0615, -0.4109,  0.9096, -0.0507],
         [ 0.2671,  0.8713,  0.4116,  0.9334],
         [ 0.0000,  0.0000,  0.0000,  1.0000]]])
2025-04-28T17:34:11.103292 - Final transform:
[[-0.94  0.33  0.04  0.02]
 [-0.1  -0.39  0.92 -0.06]
 [ 0.32  0.86  0.4   0.94]
 [ 0.    0.    0.    1.  ]]
2025-04-28T17:34:11.103292 - Pose:
tensor([[[-0.9427,  0.3313,  0.0391,  0.0272],
         [-0.0975, -0.3858,  0.9174, -0.0511],
         [ 0.3190,  0.8611,  0.3960,  0.9385],
         [ 0.0000,  0.0000,  0.0000,  1.0000]]])
2025-04-28T17:34:11.179577 - Final transform:
[[-0.96  0.29  0.05  0.02]
 [-0.08 -0.42  0.91 -0.05]
 [ 0.28  0.86  0.42  0.93]
 [ 0.    0.    0.    1.  ]]
2025-04-28T17:34:11.179577 - Pose:
tensor([[[-0.9567,  0.2862,  0.0522,  0.0261],
         [-0.0751, -0.4165,  0.9060, -0.0505],
         [ 0.2811,  0.8629,  0.4200,  0.9346],
         [ 0.0000,  0.0000,  0.0000,  1.0000]]])
2025-04-28T17:34:11.251890 - Final transform:
[[-0.95  0.3   0.05  0.02]
 [-0.08 -0.39  0.92 -0.06]
 [ 0.29  0.87  0.4   0.94]
 [ 0.    0.    0.    1.  ]]
2025-04-28T17:34:11.251890 - Pose:
tensor([[[-0.9527,  0.3002,  0.0468,  0.0269],
         [-0.0786, -0.3924,  0.9164, -0.0511],
         [ 0.2935,  0.8694,  0.3974,  0.9372],
         [ 0.0000,  0.0000,  0.0000,  1.0000]]])
2025-04-28T17:34:11.318149 - Final transform:
[[-0.96  0.28  0.04  0.02]
 [-0.08 -0.41  0.91 -0.05]
 [ 0.28  0.87  0.42  0.94]
 [ 0.    0.    0.    1.  ]]
2025-04-28T17:34:11.318149 - Pose:
tensor([[[-0.9578,  0.2841,  0.0443,  0.0264],
         [-0.0801, -0.4116,  0.9079, -0.0508],
         [ 0.2762,  0.8660,  0.4169,  0.9361],
         [ 0.0000,  0.0000,  0.0000,  1.0000]]])
2025-04-28T17:34:11.386692 - Final transform:
[[-0.95  0.32  0.03  0.02]
 [-0.1  -0.38  0.92 -0.06]
 [ 0.31  0.87  0.39  0.94]
 [ 0.    0.    0.    1.  ]]
2025-04-28T17:34:11.386692 - Pose:
tensor([[[-0.9463,  0.3216,  0.0332,  0.0271],
         [-0.0961, -0.3780,  0.9208, -0.0511],
         [ 0.3087,  0.8681,  0.3886,  0.9383],
         [ 0.0000,  0.0000,  0.0000,  1.0000]]])
2025-04-28T17:34:11.453832 - Final transform:
[[-0.95  0.32  0.04  0.02]
 [-0.1  -0.41  0.91 -0.05]
 [ 0.31  0.86  0.42  0.94]
 [ 0.    0.    0.    1.  ]]
2025-04-28T17:34:11.453832 - Pose:
tensor([[[-0.9467,  0.3195,  0.0405,  0.0270],
         [-0.0985, -0.4070,  0.9081, -0.0507],
         [ 0.3066,  0.8557,  0.4168,  0.9356],
         [ 0.0000,  0.0000,  0.0000,  1.0000]]])
2025-04-28T17:34:11.531600 - Final transform:
[[-0.95  0.32  0.05  0.02]
 [-0.09 -0.4   0.91 -0.05]
 [ 0.31  0.86  0.41  0.94]
 [ 0.    0.    0.    1.  ]]
2025-04-28T17:34:11.531600 - Pose:
tensor([[[-0.9473,  0.3169,  0.0460,  0.0267],
         [-0.0891, -0.3988,  0.9127, -0.0508],
         [ 0.3076,  0.8606,  0.4060,  0.9365],
         [ 0.0000,  0.0000,  0.0000,  1.0000]]])
2025-04-28T17:34:11.601598 - Final transform:
[[-0.95  0.29  0.06  0.02]
 [-0.08 -0.42  0.91 -0.05]
 [ 0.29  0.86  0.42  0.94]
 [ 0.    0.    0.    1.  ]]
2025-04-28T17:34:11.601598 - Pose:
tensor([[[-0.9541,  0.2942,  0.0558,  0.0266],
         [-0.0753, -0.4161,  0.9062, -0.0510],
         [ 0.2899,  0.8604,  0.4192,  0.9367],
         [ 0.0000,  0.0000,  0.0000,  1.0000]]])
2025-04-28T17:34:11.672231 - Final transform:
[[-0.96  0.29  0.05  0.02]
 [-0.08 -0.4   0.91 -0.05]
 [ 0.28  0.87  0.4   0.94]
 [ 0.    0.    0.    1.  ]]
2025-04-28T17:34:11.672231 - Pose:
tensor([[[-0.9559,  0.2900,  0.0460,  0.0268],
         [-0.0766, -0.3974,  0.9144, -0.0503],
         [ 0.2835,  0.8706,  0.4021,  0.9358],
         [ 0.0000,  0.0000,  0.0000,  1.0000]]])
2025-04-28T17:34:11.741434 - Final transform:
[[-0.94  0.32  0.05  0.02]
 [-0.09 -0.41  0.91 -0.05]
 [ 0.32  0.85  0.41  0.94]
 [ 0.    0.    0.    1.  ]]
2025-04-28T17:34:11.741434 - Pose:
tensor([[[-0.9446,  0.3239,  0.0524,  0.0268],
         [-0.0886, -0.4055,  0.9098, -0.0505],
         [ 0.3159,  0.8548,  0.4117,  0.9362],
         [ 0.0000,  0.0000,  0.0000,  1.0000]]])
2025-04-28T17:34:11.809808 - Final transform:
[[-0.95  0.3   0.05  0.02]
 [-0.08 -0.41  0.91 -0.05]
 [ 0.29  0.87  0.41  0.94]
 [ 0.    0.    0.    1.  ]]
2025-04-28T17:34:11.809808 - Pose:
tensor([[[-0.9544,  0.2950,  0.0453,  0.0267],
         [-0.0820, -0.4051,  0.9106, -0.0507],
         [ 0.2870,  0.8653,  0.4108,  0.9353],
         [ 0.0000,  0.0000,  0.0000,  1.0000]]])
2025-04-28T17:34:11.881279 - Final transform:
[[-0.96  0.27  0.04  0.02]
 [-0.07 -0.39  0.92 -0.05]
 [ 0.27  0.88  0.39  0.94]
 [ 0.    0.    0.    1.  ]]
2025-04-28T17:34:11.881279 - Pose:
tensor([[[-0.9616,  0.2709,  0.0438,  0.0262],
         [-0.0673, -0.3873,  0.9195, -0.0510],
         [ 0.2661,  0.8812,  0.3907,  0.9365],
         [ 0.0000,  0.0000,  0.0000,  1.0000]]])
2025-04-28T17:34:11.950782 - Final transform:
[[-0.95  0.3   0.04  0.02]
 [-0.09 -0.4   0.91 -0.05]
 [ 0.29  0.86  0.41  0.94]
 [ 0.    0.    0.    1.  ]]
2025-04-28T17:34:11.950782 - Pose:
tensor([[[-0.9522,  0.3025,  0.0438,  0.0267],
         [-0.0862, -0.4031,  0.9111, -0.0500],
         [ 0.2932,  0.8637,  0.4099,  0.9370],
         [ 0.0000,  0.0000,  0.0000,  1.0000]]])
2025-04-28T17:34:12.019625 - Final transform:
[[-0.95  0.3   0.05  0.02]
 [-0.07 -0.39  0.92 -0.05]
 [ 0.29  0.87  0.4   0.94]
 [ 0.    0.    0.    1.  ]]
2025-04-28T17:34:12.019625 - Pose:
tensor([[[-0.9541,  0.2953,  0.0502,  0.0263],
         [-0.0737, -0.3938,  0.9162, -0.0500],
         [ 0.2903,  0.8705,  0.3975,  0.9377],
         [ 0.0000,  0.0000,  0.0000,  1.0000]]])
2025-04-28T17:34:12.086145 - Final transform:
[[-0.95  0.32  0.05  0.02]
 [-0.09 -0.41  0.91 -0.05]
 [ 0.31  0.85  0.42  0.94]
 [ 0.    0.    0.    1.  ]]
2025-04-28T17:34:12.086145 - Pose:
tensor([[[-0.9470,  0.3178,  0.0466,  0.0268],
         [-0.0936, -0.4118,  0.9065, -0.0505],
         [ 0.3072,  0.8541,  0.4197,  0.9371],
         [ 0.0000,  0.0000,  0.0000,  1.0000]]])
2025-04-28T17:34:12.156303 - Final transform:
[[-0.96  0.28  0.04  0.02]
 [-0.08 -0.41  0.91 -0.05]
 [ 0.27  0.87  0.41  0.94]
 [ 0.    0.    0.    1.  ]]
2025-04-28T17:34:12.156303 - Pose:
tensor([[[-0.9594,  0.2787,  0.0426,  0.0265],
         [-0.0781, -0.4080,  0.9096, -0.0505],
         [ 0.2709,  0.8694,  0.4132,  0.9373],
         [ 0.0000,  0.0000,  0.0000,  1.0000]]])
2025-04-28T17:34:12.225841 - Final transform:
[[-0.96  0.28  0.04  0.02]
 [-0.08 -0.39  0.92 -0.05]
 [ 0.27  0.88  0.4   0.94]
 [ 0.    0.    0.    1.  ]]
2025-04-28T17:34:12.225841 - Pose:
tensor([[[-0.9586,  0.2821,  0.0384,  0.0265],
         [-0.0782, -0.3906,  0.9172, -0.0509],
         [ 0.2738,  0.8763,  0.3965,  0.9366],
         [ 0.0000,  0.0000,  0.0000,  1.0000]]])
2025-04-28T17:34:12.294444 - Final transform:
[[-0.95  0.31  0.04  0.02]
 [-0.09 -0.41  0.91 -0.05]
 [ 0.3   0.86  0.42  0.94]
 [ 0.    0.    0.    1.  ]]
2025-04-28T17:34:12.294444 - Pose:
tensor([[[-0.9501,  0.3089,  0.0428,  0.0274],
         [-0.0919, -0.4085,  0.9081, -0.0507],
         [ 0.2980,  0.8589,  0.4165,  0.9356],
         [ 0.0000,  0.0000,  0.0000,  1.0000]]])
2025-04-28T17:34:12.363518 - Final transform:
[[-0.96  0.29  0.05  0.02]
 [-0.08 -0.4   0.91 -0.05]
 [ 0.28  0.87  0.41  0.94]
 [ 0.    0.    0.    1.  ]]
2025-04-28T17:34:12.363518 - Pose:
tensor([[[-0.9560,  0.2894,  0.0485,  0.0269],
         [-0.0757, -0.4028,  0.9122, -0.0509],
         [ 0.2835,  0.8683,  0.4069,  0.9356],
         [ 0.0000,  0.0000,  0.0000,  1.0000]]])
2025-04-28T17:34:12.432668 - Final transform:
[[-0.97  0.26  0.04  0.02]
 [-0.07 -0.41  0.91 -0.05]
 [ 0.25  0.88  0.41  0.94]
 [ 0.    0.    0.    1.  ]]
2025-04-28T17:34:12.432668 - Pose:
tensor([[[-0.9659,  0.2551,  0.0441,  0.0264],
         [-0.0664, -0.4087,  0.9102, -0.0506],
         [ 0.2503,  0.8763,  0.4117,  0.9370],
         [ 0.0000,  0.0000,  0.0000,  1.0000]]])
2025-04-28T17:34:12.499729 - Final transform:
[[-0.96  0.28  0.04  0.02]
 [-0.07 -0.39  0.92 -0.05]
 [ 0.27  0.88  0.4   0.94]
 [ 0.    0.    0.    1.  ]]
2025-04-28T17:34:12.499729 - Pose:
tensor([[[-0.9605,  0.2754,  0.0392,  0.0265],
         [-0.0746, -0.3909,  0.9174, -0.0507],
         [ 0.2680,  0.8783,  0.3960,  0.9387],
         [ 0.0000,  0.0000,  0.0000,  1.0000]]])
2025-04-28T17:34:12.567271 - Final transform:
[[-0.95  0.3   0.05  0.02]
 [-0.08 -0.4   0.91 -0.06]
 [ 0.29  0.86  0.41  0.94]
 [ 0.    0.    0.    1.  ]]
2025-04-28T17:34:12.567271 - Pose:
tensor([[[-0.9533,  0.2988,  0.0452,  0.0262],
         [-0.0834, -0.4041,  0.9109, -0.0514],
         [ 0.2904,  0.8646,  0.4101,  0.9352],
         [ 0.0000,  0.0000,  0.0000,  1.0000]]])
2025-04-28T17:34:12.631610 - Final transform:
[[-0.96  0.28  0.06  0.02]
 [-0.07 -0.42  0.91 -0.05]
 [ 0.28  0.86  0.42  0.94]
 [ 0.    0.    0.    1.  ]]
2025-04-28T17:34:12.631610 - Pose:
tensor([[[-0.9576,  0.2824,  0.0566,  0.0267],
         [-0.0700, -0.4190,  0.9053, -0.0503],
         [ 0.2793,  0.8630,  0.4210,  0.9389],
         [ 0.0000,  0.0000,  0.0000,  1.0000]]])
2025-04-28T17:34:12.696073 - Final transform:
[[-0.95  0.3   0.04  0.02]
 [-0.08 -0.38  0.92 -0.05]
 [ 0.3   0.87  0.39  0.94]
 [ 0.    0.    0.    1.  ]]
2025-04-28T17:34:12.696073 - Pose:
tensor([[[-0.9522,  0.3022,  0.0449,  0.0266],
         [-0.0781, -0.3829,  0.9205, -0.0505],
         [ 0.2953,  0.8730,  0.3882,  0.9360],
         [ 0.0000,  0.0000,  0.0000,  1.0000]]])
2025-04-28T17:34:12.767066 - Final transform:
[[-0.94  0.34  0.04  0.02]
 [-0.11 -0.41  0.91 -0.05]
 [ 0.33  0.84  0.42  0.94]
 [ 0.    0.    0.    1.  ]]
2025-04-28T17:34:12.767066 - Pose:
tensor([[[-0.9387,  0.3419,  0.0449,  0.0272],
         [-0.1066, -0.4115,  0.9051, -0.0508],
         [ 0.3279,  0.8448,  0.4227,  0.9390],
         [ 0.0000,  0.0000,  0.0000,  1.0000]]])
2025-04-28T17:34:12.831529 - Final transform:
[[-0.95  0.3   0.04  0.02]
 [-0.09 -0.4   0.91 -0.05]
 [ 0.29  0.87  0.41  0.94]
 [ 0.    0.    0.    1.  ]]
2025-04-28T17:34:12.831529 - Pose:
tensor([[[-0.9515,  0.3048,  0.0409,  0.0271],
         [-0.0880, -0.3975,  0.9133, -0.0509],
         [ 0.2947,  0.8655,  0.4051,  0.9362],
         [ 0.0000,  0.0000,  0.0000,  1.0000]]])
2025-04-28T17:34:12.901411 - Final transform:
[[-0.95  0.31  0.06  0.02]
 [-0.08 -0.41  0.91 -0.05]
 [ 0.3   0.86  0.42  0.93]
 [ 0.    0.    0.    1.  ]]
2025-04-28T17:34:12.901411 - Pose:
tensor([[[-0.9498,  0.3077,  0.0565,  0.0269],
         [-0.0792, -0.4113,  0.9080, -0.0510],
         [ 0.3026,  0.8580,  0.4150,  0.9342],
         [ 0.0000,  0.0000,  0.0000,  1.0000]]])
2025-04-28T17:34:12.968825 - Final transform:
[[-0.94  0.34  0.05  0.02]
 [-0.1  -0.41  0.91 -0.05]
 [ 0.33  0.85  0.42  0.94]
 [ 0.    0.    0.    1.  ]]
2025-04-28T17:34:12.968825 - Pose:
tensor([[[-0.9394,  0.3390,  0.0506,  0.0267],
         [-0.0995, -0.4109,  0.9062, -0.0508],
         [ 0.3280,  0.8463,  0.4198,  0.9362],
         [ 0.0000,  0.0000,  0.0000,  1.0000]]])
2025-04-28T17:34:13.034418 - Final transform:
[[-0.95  0.31  0.06  0.02]
 [-0.08 -0.42  0.91 -0.05]
 [ 0.3   0.86  0.42  0.94]
 [ 0.    0.    0.    1.  ]]
2025-04-28T17:34:13.034418 - Pose:
tensor([[[-0.9504,  0.3060,  0.0557,  0.0265],
         [-0.0811, -0.4166,  0.9054, -0.0504],
         [ 0.3003,  0.8560,  0.4208,  0.9357],
         [ 0.0000,  0.0000,  0.0000,  1.0000]]])
2025-04-28T17:34:13.102165 - Final transform:
[[-0.95  0.31  0.06  0.02]
 [-0.08 -0.41  0.91 -0.06]
 [ 0.31  0.86  0.42  0.94]
 [ 0.    0.    0.    1.  ]]
2025-04-28T17:34:13.102165 - Pose:
tensor([[[-0.9481,  0.3126,  0.0584,  0.0267],
         [-0.0803, -0.4130,  0.9072, -0.0513],
         [ 0.3077,  0.8554,  0.4167,  0.9364],
         [ 0.0000,  0.0000,  0.0000,  1.0000]]])
2025-04-28T17:34:13.169558 - Final transform:
[[-0.95  0.29  0.05  0.02]
 [-0.08 -0.42  0.9  -0.05]
 [ 0.29  0.86  0.43  0.94]
 [ 0.    0.    0.    1.  ]]
2025-04-28T17:34:13.169558 - Pose:
tensor([[[-0.9541,  0.2945,  0.0550,  0.0274],
         [-0.0782, -0.4220,  0.9032, -0.0508],
         [ 0.2892,  0.8574,  0.4256,  0.9368],
         [ 0.0000,  0.0000,  0.0000,  1.0000]]])
2025-04-28T17:34:13.236356 - Final transform:
[[-0.95  0.32  0.05  0.02]
 [-0.09 -0.41  0.91 -0.05]
 [ 0.31  0.85  0.41  0.94]
 [ 0.    0.    0.    1.  ]]
2025-04-28T17:34:13.236356 - Pose:
tensor([[[-0.9456,  0.3216,  0.0485,  0.0267],
         [-0.0919, -0.4073,  0.9087, -0.0506],
         [ 0.3120,  0.8548,  0.4147,  0.9362],
         [ 0.0000,  0.0000,  0.0000,  1.0000]]])
2025-04-28T17:34:13.307447 - Final transform:
[[-0.97  0.25  0.05  0.02]
 [-0.06 -0.41  0.91 -0.05]
 [ 0.25  0.88  0.41  0.94]
 [ 0.    0.    0.    1.  ]]
2025-04-28T17:34:13.307447 - Pose:
tensor([[[-0.9668,  0.2508,  0.0493,  0.0267],
         [-0.0587, -0.4053,  0.9123, -0.0509],
         [ 0.2488,  0.8791,  0.4066,  0.9401],
         [ 0.0000,  0.0000,  0.0000,  1.0000]]])
2025-04-28T17:34:13.378767 - Final transform:
[[-0.95  0.3   0.04  0.02]
 [-0.09 -0.4   0.91 -0.06]
 [ 0.29  0.86  0.41  0.94]
 [ 0.    0.    0.    1.  ]]
2025-04-28T17:34:13.378767 - Pose:
tensor([[[-0.9518,  0.3044,  0.0376,  0.0271],
         [-0.0934, -0.4042,  0.9099, -0.0510],
         [ 0.2922,  0.8625,  0.4131,  0.9367],
         [ 0.0000,  0.0000,  0.0000,  1.0000]]])
2025-04-28T17:34:13.462372 - Final transform:
[[-0.95  0.3   0.06  0.02]
 [-0.07 -0.42  0.91 -0.05]
 [ 0.3   0.86  0.42  0.94]
 [ 0.    0.    0.    1.  ]]
2025-04-28T17:34:13.462372 - Pose:
tensor([[[-0.9506,  0.3040,  0.0627,  0.0269],
         [-0.0733, -0.4162,  0.9063, -0.0510],
         [ 0.3016,  0.8570,  0.4179,  0.9367],
         [ 0.0000,  0.0000,  0.0000,  1.0000]]])
2025-04-28T17:34:13.529998 - Final transform:
[[-0.96  0.28  0.05  0.02]
 [-0.06 -0.39  0.92 -0.05]
 [ 0.27  0.88  0.4   0.94]
 [ 0.    0.    0.    1.  ]]
2025-04-28T17:34:13.529998 - Pose:
tensor([[[-0.9596,  0.2763,  0.0528,  0.0266],
         [-0.0631, -0.3942,  0.9169, -0.0506],
         [ 0.2742,  0.8765,  0.3957,  0.9394],
         [ 0.0000,  0.0000,  0.0000,  1.0000]]])
2025-04-28T17:34:13.596910 - Final transform:
[[-0.95  0.3   0.06  0.02]
 [-0.08 -0.41  0.91 -0.05]
 [ 0.3   0.86  0.41  0.94]
 [ 0.    0.    0.    1.  ]]
2025-04-28T17:34:13.596910 - Pose:
tensor([[[-0.9514,  0.3029,  0.0555,  0.0269],
         [-0.0777, -0.4105,  0.9086, -0.0502],
         [ 0.2980,  0.8601,  0.4141,  0.9361],
         [ 0.0000,  0.0000,  0.0000,  1.0000]]])
2025-04-28T17:34:13.665823 - Final transform:
[[-0.95  0.31  0.05  0.02]
 [-0.08 -0.39  0.92 -0.05]
 [ 0.3   0.87  0.39  0.94]
 [ 0.    0.    0.    1.  ]]
2025-04-28T17:34:13.665823 - Pose:
tensor([[[-0.9491,  0.3113,  0.0468,  0.0262],
         [-0.0810, -0.3853,  0.9192, -0.0500],
         [ 0.3042,  0.8687,  0.3909,  0.9355],
         [ 0.0000,  0.0000,  0.0000,  1.0000]]])
2025-04-28T17:34:13.735544 - Final transform:
[[-0.94  0.35  0.05  0.02]
 [-0.1  -0.41  0.91 -0.05]
 [ 0.33  0.85  0.42  0.94]
 [ 0.    0.    0.    1.  ]]
2025-04-28T17:34:13.735544 - Pose:
tensor([[[-0.9370,  0.3460,  0.0486,  0.0276],
         [-0.1030, -0.4066,  0.9078, -0.0508],
         [ 0.3338,  0.8456,  0.4166,  0.9363],
         [ 0.0000,  0.0000,  0.0000,  1.0000]]])
2025-04-28T17:34:13.802659 - Final transform:
[[-0.96  0.26  0.04  0.02]
 [-0.06 -0.38  0.92 -0.05]
 [ 0.26  0.89  0.38  0.94]
 [ 0.    0.    0.    1.  ]]
2025-04-28T17:34:13.802659 - Pose:
tensor([[[-0.9641,  0.2620,  0.0428,  0.0267],
         [-0.0609, -0.3754,  0.9249, -0.0508],
         [ 0.2584,  0.8891,  0.3779,  0.9361],
         [ 0.0000,  0.0000,  0.0000,  1.0000]]])
2025-04-28T17:34:13.871527 - Final transform:
[[-0.95  0.3   0.04  0.02]
 [-0.09 -0.4   0.91 -0.05]
 [ 0.29  0.86  0.41  0.94]
 [ 0.    0.    0.    1.  ]]
2025-04-28T17:34:13.871527 - Pose:
tensor([[[-0.9522,  0.3023,  0.0434,  0.0268],
         [-0.0863, -0.4028,  0.9112, -0.0509],
         [ 0.2929,  0.8639,  0.4096,  0.9368],
         [ 0.0000,  0.0000,  0.0000,  1.0000]]])
2025-04-28T17:34:13.937309 - Final transform:
[[-0.95  0.31  0.05  0.02]
 [-0.09 -0.4   0.91 -0.05]
 [ 0.3   0.86  0.41  0.94]
 [ 0.    0.    0.    1.  ]]
2025-04-28T17:34:13.937309 - Pose:
tensor([[[-0.9494,  0.3103,  0.0487,  0.0267],
         [-0.0851, -0.4036,  0.9110, -0.0506],
         [ 0.3024,  0.8607,  0.4096,  0.9390],
         [ 0.0000,  0.0000,  0.0000,  1.0000]]])
2025-04-28T17:34:14.004153 - Final transform:
[[-0.95  0.31  0.06  0.02]
 [-0.08 -0.41  0.91 -0.05]
 [ 0.3   0.86  0.41  0.94]
 [ 0.    0.    0.    1.  ]]
2025-04-28T17:34:14.004153 - Pose:
tensor([[[-0.9504,  0.3054,  0.0584,  0.0263],
         [-0.0762, -0.4110,  0.9085, -0.0506],
         [ 0.3014,  0.8590,  0.4139,  0.9362],
         [ 0.0000,  0.0000,  0.0000,  1.0000]]])
2025-04-28T17:34:14.069030 - Final transform:
[[-0.96  0.29  0.05  0.02]
 [-0.08 -0.4   0.91 -0.05]
 [ 0.28  0.87  0.41  0.94]
 [ 0.    0.    0.    1.  ]]
2025-04-28T17:34:14.069030 - Pose:
tensor([[[-0.9564,  0.2884,  0.0453,  0.0267],
         [-0.0789, -0.4049,  0.9109, -0.0504],
         [ 0.2811,  0.8677,  0.4101,  0.9385],
         [ 0.0000,  0.0000,  0.0000,  1.0000]]])
2025-04-28T17:34:14.135564 - Final transform:
[[-0.95  0.3   0.05  0.02]
 [-0.08 -0.41  0.91 -0.05]
 [ 0.29  0.86  0.41  0.93]
 [ 0.    0.    0.    1.  ]]
2025-04-28T17:34:14.135564 - Pose:
tensor([[[-0.9532,  0.2985,  0.0487,  0.0270],
         [-0.0806, -0.4060,  0.9103, -0.0505],
         [ 0.2915,  0.8638,  0.4110,  0.9347],
         [ 0.0000,  0.0000,  0.0000,  1.0000]]])
2025-04-28T17:34:14.201459 - Final transform:
[[-0.95  0.32  0.04  0.02]
 [-0.09 -0.39  0.92 -0.05]
 [ 0.31  0.87  0.4   0.94]
 [ 0.    0.    0.    1.  ]]
2025-04-28T17:34:14.201459 - Pose:
tensor([[[-0.9472,  0.3184,  0.0371,  0.0269],
         [-0.0943, -0.3876,  0.9170, -0.0506],
         [ 0.3063,  0.8651,  0.3971,  0.9382],
         [ 0.0000,  0.0000,  0.0000,  1.0000]]])
2025-04-28T17:34:14.268187 - Final transform:
[[-0.95  0.31  0.05  0.02]
 [-0.08 -0.4   0.91 -0.05]
 [ 0.31  0.86  0.4   0.94]
 [ 0.    0.    0.    1.  ]]
2025-04-28T17:34:14.268187 - Pose:
tensor([[[-0.9483,  0.3135,  0.0491,  0.0270],
         [-0.0838, -0.3965,  0.9142, -0.0505],
         [ 0.3061,  0.8628,  0.4023,  0.9351],
         [ 0.0000,  0.0000,  0.0000,  1.0000]]])
2025-04-28T17:34:14.335151 - Final transform:
[[-0.96  0.28  0.05  0.02]
 [-0.07 -0.4   0.91 -0.05]
 [ 0.28  0.87  0.41  0.94]
 [ 0.    0.    0.    1.  ]]
2025-04-28T17:34:14.335151 - Pose:
tensor([[[-0.9574,  0.2846,  0.0486,  0.0268],
         [-0.0732, -0.4022,  0.9126, -0.0503],
         [ 0.2793,  0.8702,  0.4059,  0.9374],
         [ 0.0000,  0.0000,  0.0000,  1.0000]]])
2025-04-28T17:34:14.403322 - Final transform:
[[-0.96  0.29  0.04  0.02]
 [-0.08 -0.4   0.92 -0.05]
 [ 0.28  0.87  0.4   0.94]
 [ 0.    0.    0.    1.  ]]
2025-04-28T17:34:14.403322 - Pose:
tensor([[[-0.9560,  0.2902,  0.0422,  0.0268],
         [-0.0795, -0.3952,  0.9151, -0.0507],
         [ 0.2823,  0.8715,  0.4009,  0.9387],
         [ 0.0000,  0.0000,  0.0000,  1.0000]]])
2025-04-28T17:34:14.471516 - Final transform:
[[-0.95  0.29  0.06  0.02]
 [-0.07 -0.41  0.91 -0.05]
 [ 0.29  0.86  0.41  0.94]
 [ 0.    0.    0.    1.  ]]
2025-04-28T17:34:14.471516 - Pose:
tensor([[[-0.9548,  0.2913,  0.0590,  0.0267],
         [-0.0689, -0.4100,  0.9095, -0.0509],
         [ 0.2891,  0.8643,  0.4115,  0.9363],
         [ 0.0000,  0.0000,  0.0000,  1.0000]]])
2025-04-28T17:34:14.540029 - Final transform:
[[-0.95  0.32  0.04  0.02]
 [-0.1  -0.4   0.91 -0.06]
 [ 0.31  0.86  0.41  0.94]
 [ 0.    0.    0.    1.  ]]
2025-04-28T17:34:14.540029 - Pose:
tensor([[[-0.9461,  0.3212,  0.0404,  0.0270],
         [-0.0956, -0.3962,  0.9132, -0.0511],
         [ 0.3093,  0.8601,  0.4056,  0.9388],
         [ 0.0000,  0.0000,  0.0000,  1.0000]]])
2025-04-28T17:34:14.610072 - Final transform:
[[-0.95  0.31  0.04  0.02]
 [-0.09 -0.4   0.91 -0.05]
 [ 0.3   0.86  0.41  0.93]
 [ 0.    0.    0.    1.  ]]
2025-04-28T17:34:14.610072 - Pose:
tensor([[[-0.9492,  0.3122,  0.0386,  0.0269],
         [-0.0948, -0.4009,  0.9112, -0.0504],
         [ 0.3000,  0.8613,  0.4102,  0.9349],
         [ 0.0000,  0.0000,  0.0000,  1.0000]]])
2025-04-28T17:34:14.675906 - Final transform:
[[-0.95  0.32  0.05  0.02]
 [-0.09 -0.41  0.91 -0.06]
 [ 0.31  0.85  0.42  0.94]
 [ 0.    0.    0.    1.  ]]
2025-04-28T17:34:14.675906 - Pose:
tensor([[[-0.9455,  0.3218,  0.0489,  0.0267],
         [-0.0934, -0.4121,  0.9064, -0.0511],
         [ 0.3118,  0.8524,  0.4197,  0.9379],
         [ 0.0000,  0.0000,  0.0000,  1.0000]]])
2025-04-28T17:34:14.742914 - Final transform:
[[-0.94  0.34  0.06  0.02]
 [-0.09 -0.4   0.91 -0.05]
 [ 0.33  0.85  0.41  0.94]
 [ 0.    0.    0.    1.  ]]
2025-04-28T17:34:14.742914 - Pose:
tensor([[[-0.9404,  0.3354,  0.0567,  0.0269],
         [-0.0886, -0.4025,  0.9111, -0.0509],
         [ 0.3284,  0.8518,  0.4082,  0.9360],
         [ 0.0000,  0.0000,  0.0000,  1.0000]]])
2025-04-28T17:34:14.813128 - Final transform:
[[-0.95  0.32  0.04  0.02]
 [-0.1  -0.4   0.91 -0.05]
 [ 0.31  0.86  0.41  0.94]
 [ 0.    0.    0.    1.  ]]
2025-04-28T17:34:14.813128 - Pose:
tensor([[[-0.9454,  0.3240,  0.0351,  0.0267],
         [-0.1042, -0.4026,  0.9094, -0.0509],
         [ 0.3088,  0.8561,  0.4144,  0.9385],
         [ 0.0000,  0.0000,  0.0000,  1.0000]]])
2025-04-28T17:34:14.884401 - Final transform:
[[-0.97  0.26  0.04  0.02]
 [-0.07 -0.4   0.91 -0.05]
 [ 0.25  0.88  0.4   0.94]
 [ 0.    0.    0.    1.  ]]
2025-04-28T17:34:14.884401 - Pose:
tensor([[[-0.9655,  0.2570,  0.0422,  0.0262],
         [-0.0661, -0.3985,  0.9148, -0.0504],
         [ 0.2520,  0.8804,  0.4018,  0.9380],
         [ 0.0000,  0.0000,  0.0000,  1.0000]]])
2025-04-28T17:34:14.954464 - Final transform:
[[-0.96  0.28  0.04  0.02]
 [-0.08 -0.38  0.92 -0.05]
 [ 0.27  0.88  0.39  0.94]
 [ 0.    0.    0.    1.  ]]
2025-04-28T17:34:14.954464 - Pose:
tensor([[[-0.9598,  0.2782,  0.0371,  0.0269],
         [-0.0752, -0.3824,  0.9209, -0.0509],
         [ 0.2704,  0.8811,  0.3879,  0.9383],
         [ 0.0000,  0.0000,  0.0000,  1.0000]]])
2025-04-28T17:34:15.025825 - Final transform:
[[-0.95  0.31  0.04  0.02]
 [-0.08 -0.37  0.93 -0.05]
 [ 0.3   0.88  0.38  0.94]
 [ 0.    0.    0.    1.  ]]
2025-04-28T17:34:15.025825 - Pose:
tensor([[[-0.9503,  0.3091,  0.0363,  0.0270],
         [-0.0842, -0.3674,  0.9263, -0.0507],
         [ 0.2997,  0.8772,  0.3751,  0.9352],
         [ 0.0000,  0.0000,  0.0000,  1.0000]]])
2025-04-28T17:34:15.094765 - Final transform:
[[-0.95  0.32  0.04  0.02]
 [-0.09 -0.39  0.91 -0.05]
 [ 0.31  0.86  0.4   0.94]
 [ 0.    0.    0.    1.  ]]
2025-04-28T17:34:15.094765 - Pose:
tensor([[[-0.9467,  0.3192,  0.0422,  0.0268],
         [-0.0921, -0.3942,  0.9144, -0.0508],
         [ 0.3085,  0.8618,  0.4026,  0.9365],
         [ 0.0000,  0.0000,  0.0000,  1.0000]]])
2025-04-28T17:34:15.162261 - Final transform:
[[-0.95  0.3   0.05  0.02]
 [-0.08 -0.42  0.91 -0.05]
 [ 0.29  0.86  0.42  0.94]
 [ 0.    0.    0.    1.  ]]
2025-04-28T17:34:15.162261 - Pose:
tensor([[[-0.9520,  0.3019,  0.0503,  0.0263],
         [-0.0839, -0.4155,  0.9057, -0.0508],
         [ 0.2943,  0.8580,  0.4209,  0.9376],
         [ 0.0000,  0.0000,  0.0000,  1.0000]]])
2025-04-28T17:34:15.229581 - Final transform:
[[-0.95  0.32  0.05  0.02]
 [-0.09 -0.4   0.91 -0.05]
 [ 0.31  0.86  0.41  0.94]
 [ 0.    0.    0.    1.  ]]
2025-04-28T17:34:15.229581 - Pose:
tensor([[[-0.9453,  0.3226,  0.0486,  0.0263],
         [-0.0890, -0.3981,  0.9130, -0.0508],
         [ 0.3139,  0.8587,  0.4050,  0.9353],
         [ 0.0000,  0.0000,  0.0000,  1.0000]]])
2025-04-28T17:34:15.294746 - Final transform:
[[-0.93  0.35  0.07  0.02]
 [-0.09 -0.42  0.9  -0.06]
 [ 0.35  0.84  0.42  0.94]
 [ 0.    0.    0.    1.  ]]
2025-04-28T17:34:15.294746 - Pose:
tensor([[[-0.9327,  0.3539,  0.0690,  0.0271],
         [-0.0918, -0.4181,  0.9037, -0.0514],
         [ 0.3487,  0.8366,  0.4225,  0.9385],
         [ 0.0000,  0.0000,  0.0000,  1.0000]]])
2025-04-28T17:34:15.362297 - Final transform:
[[-0.96  0.27  0.05  0.02]
 [-0.07 -0.42  0.91 -0.05]
 [ 0.27  0.87  0.42  0.94]
 [ 0.    0.    0.    1.  ]]
2025-04-28T17:34:15.362297 - Pose:
tensor([[[-0.9603,  0.2745,  0.0498,  0.0267],
         [-0.0726, -0.4183,  0.9054, -0.0502],
         [ 0.2693,  0.8658,  0.4217,  0.9370],
         [ 0.0000,  0.0000,  0.0000,  1.0000]]])
2025-04-28T17:34:15.428027 - Final transform:
[[-0.95  0.32  0.05  0.02]
 [-0.09 -0.4   0.91 -0.05]
 [ 0.31  0.86  0.41  0.94]
 [ 0.    0.    0.    1.  ]]
2025-04-28T17:34:15.428027 - Pose:
tensor([[[-0.9471,  0.3175,  0.0459,  0.0263],
         [-0.0916, -0.4046,  0.9099, -0.0503],
         [ 0.3075,  0.8576,  0.4123,  0.9370],
         [ 0.0000,  0.0000,  0.0000,  1.0000]]])
2025-04-28T17:34:15.496371 - Final transform:
[[-0.94  0.33  0.05  0.02]
 [-0.1  -0.41  0.91 -0.06]
 [ 0.32  0.85  0.42  0.94]
 [ 0.    0.    0.    1.  ]]
2025-04-28T17:34:15.496371 - Pose:
tensor([[[-0.9417,  0.3332,  0.0471,  0.0267],
         [-0.1006, -0.4125,  0.9054, -0.0512],
         [ 0.3211,  0.8478,  0.4219,  0.9372],
         [ 0.0000,  0.0000,  0.0000,  1.0000]]])
2025-04-28T17:34:15.564724 - Final transform:
[[-0.96  0.28  0.03  0.02]
 [-0.08 -0.38  0.92 -0.05]
 [ 0.27  0.88  0.39  0.94]
 [ 0.    0.    0.    1.  ]]
2025-04-28T17:34:15.564724 - Pose:
tensor([[[-0.9602,  0.2777,  0.0297,  0.0266],
         [-0.0808, -0.3777,  0.9224, -0.0507],
         [ 0.2674,  0.8833,  0.3851,  0.9373],
         [ 0.0000,  0.0000,  0.0000,  1.0000]]])
2025-04-28T17:34:15.631639 - Final transform:
[[-0.95  0.3   0.06  0.02]
 [-0.07 -0.41  0.91 -0.06]
 [ 0.3   0.86  0.41  0.94]
 [ 0.    0.    0.    1.  ]]
2025-04-28T17:34:15.631639 - Pose:
tensor([[[-0.9529,  0.2970,  0.0619,  0.0268],
         [-0.0685, -0.4095,  0.9097, -0.0512],
         [ 0.2956,  0.8626,  0.4106,  0.9370],
         [ 0.0000,  0.0000,  0.0000,  1.0000]]])
2025-04-28T17:34:15.701342 - Final transform:
[[-0.94  0.34  0.05  0.02]
 [-0.1  -0.4   0.91 -0.05]
 [ 0.33  0.85  0.41  0.94]
 [ 0.    0.    0.    1.  ]]
2025-04-28T17:34:15.701342 - Pose:
tensor([[[-0.9379,  0.3431,  0.0507,  0.0270],
         [-0.0985, -0.4039,  0.9095, -0.0509],
         [ 0.3325,  0.8481,  0.4126,  0.9386],
         [ 0.0000,  0.0000,  0.0000,  1.0000]]])
2025-04-28T17:34:15.768638 - Final transform:
[[-0.95  0.31  0.03  0.02]
 [-0.1  -0.39  0.91 -0.05]
 [ 0.3   0.87  0.4   0.94]
 [ 0.    0.    0.    1.  ]]
2025-04-28T17:34:15.768638 - Pose:
tensor([[[-0.9492,  0.3133,  0.0305,  0.0267],
         [-0.0998, -0.3913,  0.9148, -0.0507],
         [ 0.2986,  0.8653,  0.4027,  0.9371],
         [ 0.0000,  0.0000,  0.0000,  1.0000]]])
2025-04-28T17:34:15.835315 - Final transform:
[[-0.95  0.31  0.04  0.02]
 [-0.09 -0.39  0.92 -0.05]
 [ 0.3   0.87  0.39  0.94]
 [ 0.    0.    0.    1.  ]]
2025-04-28T17:34:15.835315 - Pose:
tensor([[[-0.9492,  0.3118,  0.0428,  0.0271],
         [-0.0857, -0.3871,  0.9181, -0.0509],
         [ 0.3028,  0.8677,  0.3941,  0.9398],
         [ 0.0000,  0.0000,  0.0000,  1.0000]]])
2025-04-28T17:34:15.903285 - Final transform:
[[-0.96  0.29  0.04  0.02]
 [-0.08 -0.39  0.92 -0.06]
 [ 0.28  0.87  0.4   0.94]
 [ 0.    0.    0.    1.  ]]
2025-04-28T17:34:15.903285 - Pose:
tensor([[[-0.9564,  0.2895,  0.0393,  0.0270],
         [-0.0806, -0.3907,  0.9170, -0.0511],
         [ 0.2808,  0.8738,  0.3970,  0.9379],
         [ 0.0000,  0.0000,  0.0000,  1.0000]]])
2025-04-28T17:34:15.969230 - Final transform:
[[-0.97  0.24  0.05  0.02]
 [-0.06 -0.4   0.91 -0.05]
 [ 0.24  0.88  0.41  0.94]
 [ 0.    0.    0.    1.  ]]
2025-04-28T17:34:15.969230 - Pose:
tensor([[[-0.9696,  0.2402,  0.0476,  0.0262],
         [-0.0554, -0.4044,  0.9129, -0.0511],
         [ 0.2385,  0.8825,  0.4054,  0.9382],
         [ 0.0000,  0.0000,  0.0000,  1.0000]]])
2025-04-28T17:34:16.035571 - Final transform:
[[-0.96  0.27  0.05  0.02]
 [-0.07 -0.4   0.91 -0.05]
 [ 0.27  0.87  0.4   0.94]
 [ 0.    0.    0.    1.  ]]
2025-04-28T17:34:16.035571 - Pose:
tensor([[[-0.9604,  0.2744,  0.0485,  0.0274],
         [-0.0682, -0.4004,  0.9138, -0.0510],
         [ 0.2702,  0.8743,  0.4033,  0.9380],
         [ 0.0000,  0.0000,  0.0000,  1.0000]]])
2025-04-28T17:34:16.102606 - Final transform:
[[-0.94  0.33  0.06  0.02]
 [-0.08 -0.39  0.92 -0.06]
 [ 0.32  0.86  0.39  0.94]
 [ 0.    0.    0.    1.  ]]
2025-04-28T17:34:16.102606 - Pose:
tensor([[[-0.9426,  0.3288,  0.0578,  0.0274],
         [-0.0800, -0.3905,  0.9171, -0.0511],
         [ 0.3241,  0.8599,  0.3943,  0.9380],
         [ 0.0000,  0.0000,  0.0000,  1.0000]]])
2025-04-28T17:34:16.174199 - Final transform:
[[-0.94  0.32  0.06  0.02]
 [-0.08 -0.42  0.9  -0.05]
 [ 0.32  0.85  0.42  0.93]
 [ 0.    0.    0.    1.  ]]
2025-04-28T17:34:16.174199 - Pose:
tensor([[[-0.9439,  0.3241,  0.0634,  0.0271],
         [-0.0829, -0.4185,  0.9044, -0.0503],
         [ 0.3197,  0.8484,  0.4219,  0.9349],
         [ 0.0000,  0.0000,  0.0000,  1.0000]]])
2025-04-28T17:34:16.242840 - Final transform:
[[-0.94  0.35  0.06  0.02]
 [-0.1  -0.41  0.91 -0.06]
 [ 0.34  0.84  0.42  0.94]
 [ 0.    0.    0.    1.  ]]
2025-04-28T17:34:16.242840 - Pose:
tensor([[[-0.9353,  0.3485,  0.0614,  0.0274],
         [-0.0951, -0.4145,  0.9051, -0.0510],
         [ 0.3409,  0.8407,  0.4208,  0.9361],
         [ 0.0000,  0.0000,  0.0000,  1.0000]]])
2025-04-28T17:34:16.308729 - Final transform:
[[-0.95  0.31  0.04  0.02]
 [-0.1  -0.4   0.91 -0.05]
 [ 0.3   0.86  0.41  0.94]
 [ 0.    0.    0.    1.  ]]
2025-04-28T17:34:16.308729 - Pose:
tensor([[[-0.9488,  0.3135,  0.0378,  0.0265],
         [-0.0957, -0.3994,  0.9118, -0.0509],
         [ 0.3009,  0.8615,  0.4090,  0.9358],
         [ 0.0000,  0.0000,  0.0000,  1.0000]]])
2025-04-28T17:34:16.376328 - Final transform:
[[-0.96  0.28  0.03  0.02]
 [-0.08 -0.39  0.92 -0.05]
 [ 0.27  0.88  0.4   0.94]
 [ 0.    0.    0.    1.  ]]
2025-04-28T17:34:16.376328 - Pose:
tensor([[[-0.9603,  0.2773,  0.0290,  0.0266],
         [-0.0846, -0.3891,  0.9173, -0.0508],
         [ 0.2657,  0.8785,  0.3971,  0.9372],
         [ 0.0000,  0.0000,  0.0000,  1.0000]]])
2025-04-28T17:34:16.446500 - Final transform:
[[-0.95  0.32  0.05  0.02]
 [-0.09 -0.42  0.9  -0.05]
 [ 0.31  0.85  0.42  0.94]
 [ 0.    0.    0.    1.  ]]
2025-04-28T17:34:16.446500 - Pose:
tensor([[[-0.9475,  0.3157,  0.0496,  0.0265],
         [-0.0912, -0.4158,  0.9049, -0.0508],
         [ 0.3063,  0.8529,  0.4228,  0.9362],
         [ 0.0000,  0.0000,  0.0000,  1.0000]]])
2025-04-28T17:34:16.518158 - Final transform:
[[-0.95  0.3   0.04  0.02]
 [-0.09 -0.4   0.91 -0.05]
 [ 0.29  0.87  0.4   0.94]
 [ 0.    0.    0.    1.  ]]
2025-04-28T17:34:16.518158 - Pose:
tensor([[[-0.9531,  0.2997,  0.0411,  0.0267],
         [-0.0852, -0.3963,  0.9142, -0.0506],
         [ 0.2903,  0.8678,  0.4032,  0.9379],
         [ 0.0000,  0.0000,  0.0000,  1.0000]]])
2025-04-28T17:34:16.586789 - Final transform:
[[-0.94  0.32  0.06  0.02]
 [-0.09 -0.42  0.91 -0.05]
 [ 0.32  0.85  0.42  0.94]
 [ 0.    0.    0.    1.  ]]
2025-04-28T17:34:16.586789 - Pose:
tensor([[[-0.9444,  0.3234,  0.0598,  0.0270],
         [-0.0850, -0.4158,  0.9055, -0.0503],
         [ 0.3177,  0.8500,  0.4202,  0.9363],
         [ 0.0000,  0.0000,  0.0000,  1.0000]]])
2025-04-28T17:34:16.658642 - Final transform:
[[-0.95  0.3   0.04  0.02]
 [-0.1  -0.42  0.9  -0.05]
 [ 0.28  0.86  0.43  0.94]
 [ 0.    0.    0.    1.  ]]
2025-04-28T17:34:16.658642 - Pose:
tensor([[[-0.9545,  0.2961,  0.0357,  0.0266],
         [-0.0979, -0.4240,  0.9003, -0.0509],
         [ 0.2818,  0.8559,  0.4337,  0.9375],
         [ 0.0000,  0.0000,  0.0000,  1.0000]]])
2025-04-28T17:34:16.726446 - Final transform:
[[-0.95  0.3   0.05  0.02]
 [-0.07 -0.4   0.91 -0.05]
 [ 0.29  0.86  0.41  0.94]
 [ 0.    0.    0.    1.  ]]
2025-04-28T17:34:16.726446 - Pose:
tensor([[[-0.9527,  0.2988,  0.0549,  0.0269],
         [-0.0741, -0.4039,  0.9118, -0.0509],
         [ 0.2946,  0.8646,  0.4069,  0.9394],
         [ 0.0000,  0.0000,  0.0000,  1.0000]]])
2025-04-28T17:34:16.794108 - Final transform:
[[-0.95  0.31  0.04  0.02]
 [-0.09 -0.39  0.91 -0.05]
 [ 0.3   0.86  0.4   0.94]
 [ 0.    0.    0.    1.  ]]
2025-04-28T17:34:16.794108 - Pose:
tensor([[[-0.9491,  0.3122,  0.0426,  0.0270],
         [-0.0885, -0.3939,  0.9149, -0.0510],
         [ 0.3024,  0.8645,  0.4015,  0.9370],
         [ 0.0000,  0.0000,  0.0000,  1.0000]]])
2025-04-28T17:34:16.860946 - Final transform:
[[-0.93  0.36  0.05  0.02]
 [-0.11 -0.41  0.9  -0.05]
 [ 0.35  0.84  0.42  0.94]
 [ 0.    0.    0.    1.  ]]
2025-04-28T17:34:16.860946 - Pose:
tensor([[[-0.9315,  0.3602,  0.0505,  0.0274],
         [-0.1100, -0.4114,  0.9048, -0.0508],
         [ 0.3466,  0.8373,  0.4229,  0.9372],
         [ 0.0000,  0.0000,  0.0000,  1.0000]]])
2025-04-28T17:34:16.939997 - Final transform:
[[-0.95  0.32  0.04  0.02]
 [-0.1  -0.39  0.92 -0.05]
 [ 0.31  0.86  0.4   0.94]
 [ 0.    0.    0.    1.  ]]
2025-04-28T17:34:16.939997 - Pose:
tensor([[[-0.9470,  0.3194,  0.0354,  0.0270],
         [-0.0973, -0.3898,  0.9158, -0.0509],
         [ 0.3063,  0.8638,  0.4002,  0.9381],
         [ 0.0000,  0.0000,  0.0000,  1.0000]]])
2025-04-28T17:34:17.012614 - Final transform:
[[-0.95  0.32  0.04  0.02]
 [-0.09 -0.39  0.92 -0.06]
 [ 0.31  0.86  0.4   0.94]
 [ 0.    0.    0.    1.  ]]
2025-04-28T17:34:17.012614 - Pose:
tensor([[[-0.9457,  0.3224,  0.0412,  0.0271],
         [-0.0934, -0.3909,  0.9157, -0.0510],
         [ 0.3114,  0.8621,  0.3998,  0.9380],
         [ 0.0000,  0.0000,  0.0000,  1.0000]]])
2025-04-28T17:34:17.082303 - Final transform:
[[-0.96  0.29  0.04  0.02]
 [-0.09 -0.4   0.91 -0.06]
 [ 0.28  0.87  0.41  0.94]
 [ 0.    0.    0.    1.  ]]
2025-04-28T17:34:17.082303 - Pose:
tensor([[[-0.9550,  0.2938,  0.0396,  0.0263],
         [-0.0851, -0.3997,  0.9127, -0.0510],
         [ 0.2840,  0.8683,  0.4068,  0.9365],
         [ 0.0000,  0.0000,  0.0000,  1.0000]]])
2025-04-28T17:34:17.147235 - Final transform:
[[-0.95  0.3   0.05  0.02]
 [-0.08 -0.4   0.91 -0.05]
 [ 0.3   0.86  0.41  0.94]
 [ 0.    0.    0.    1.  ]]
2025-04-28T17:34:17.147235 - Pose:
tensor([[[-0.9513,  0.3035,  0.0533,  0.0266],
         [-0.0779, -0.4044,  0.9113, -0.0504],
         [ 0.2981,  0.8628,  0.4083,  0.9369],
         [ 0.0000,  0.0000,  0.0000,  1.0000]]])
2025-04-28T17:34:17.212407 - Final transform:
[[-0.94  0.33  0.04  0.02]
 [-0.1  -0.39  0.91 -0.06]
 [ 0.32  0.86  0.41  0.94]
 [ 0.    0.    0.    1.  ]]
2025-04-28T17:34:17.212407 - Pose:
tensor([[[-0.9416,  0.3347,  0.0372,  0.0271],
         [-0.1043, -0.3950,  0.9127, -0.0512],
         [ 0.3202,  0.8555,  0.4068,  0.9384],
         [ 0.0000,  0.0000,  0.0000,  1.0000]]])
2025-04-28T17:34:17.281734 - Final transform:
[[-0.93  0.35  0.05  0.02]
 [-0.11 -0.41  0.91 -0.05]
 [ 0.34  0.84  0.42  0.94]
 [ 0.    0.    0.    1.  ]]
2025-04-28T17:34:17.281734 - Pose:
tensor([[[-0.9345,  0.3528,  0.0478,  0.0273],
         [-0.1085, -0.4099,  0.9057, -0.0508],
         [ 0.3391,  0.8412,  0.4213,  0.9370],
         [ 0.0000,  0.0000,  0.0000,  1.0000]]])
2025-04-28T17:34:17.351569 - Final transform:
[[-0.95  0.3   0.04  0.02]
 [-0.09 -0.4   0.91 -0.05]
 [ 0.29  0.87  0.41  0.93]
 [ 0.    0.    0.    1.  ]]
2025-04-28T17:34:17.351569 - Pose:
tensor([[[-0.9538,  0.2978,  0.0406,  0.0267],
         [-0.0862, -0.4006,  0.9122, -0.0506],
         [ 0.2879,  0.8665,  0.4078,  0.9347],
         [ 0.0000,  0.0000,  0.0000,  1.0000]]])
2025-04-28T17:34:17.418884 - Final transform:
[[-0.96  0.27  0.03  0.02]
 [-0.08 -0.4   0.91 -0.05]
 [ 0.26  0.88  0.41  0.94]
 [ 0.    0.    0.    1.  ]]
2025-04-28T17:34:17.418884 - Pose:
tensor([[[-0.9635,  0.2654,  0.0337,  0.0266],
         [-0.0786, -0.4015,  0.9125, -0.0506],
         [ 0.2557,  0.8766,  0.4077,  0.9379],
         [ 0.0000,  0.0000,  0.0000,  1.0000]]])
2025-04-28T17:34:17.488093 - Final transform:
[[-0.96  0.29  0.04  0.02]
 [-0.08 -0.39  0.92 -0.05]
 [ 0.28  0.88  0.4   0.94]
 [ 0.    0.    0.    1.  ]]
2025-04-28T17:34:17.488093 - Pose:
tensor([[[-0.9578,  0.2852,  0.0373,  0.0270],
         [-0.0807, -0.3911,  0.9168, -0.0509],
         [ 0.2760,  0.8750,  0.3976,  0.9375],
         [ 0.0000,  0.0000,  0.0000,  1.0000]]])
2025-04-28T17:34:17.553831 - Final transform:
[[-0.95  0.32  0.05  0.02]
 [-0.09 -0.43  0.9  -0.05]
 [ 0.31  0.85  0.43  0.94]
 [ 0.    0.    0.    1.  ]]
2025-04-28T17:34:17.553831 - Pose:
tensor([[[-0.9472,  0.3158,  0.0550,  0.0267],
         [-0.0906, -0.4284,  0.8990, -0.0508],
         [ 0.3074,  0.8466,  0.4344,  0.9388],
         [ 0.0000,  0.0000,  0.0000,  1.0000]]])
2025-04-28T17:34:17.620667 - Final transform:
[[-0.97  0.26  0.05  0.02]
 [-0.07 -0.41  0.91 -0.05]
 [ 0.25  0.87  0.42  0.94]
 [ 0.    0.    0.    1.  ]]
2025-04-28T17:34:17.620667 - Pose:
tensor([[[-0.9656,  0.2560,  0.0467,  0.0261],
         [-0.0659, -0.4141,  0.9078, -0.0506],
         [ 0.2517,  0.8735,  0.4167,  0.9376],
         [ 0.0000,  0.0000,  0.0000,  1.0000]]])
2025-04-28T17:34:17.688315 - Final transform:
[[-0.95  0.32  0.05  0.02]
 [-0.09 -0.39  0.92 -0.05]
 [ 0.31  0.86  0.4   0.94]
 [ 0.    0.    0.    1.  ]]
2025-04-28T17:34:17.688315 - Pose:
tensor([[[-0.9467,  0.3190,  0.0452,  0.0270],
         [-0.0878, -0.3903,  0.9165, -0.0508],
         [ 0.3100,  0.8637,  0.3975,  0.9386],
         [ 0.0000,  0.0000,  0.0000,  1.0000]]])
2025-04-28T17:34:17.754670 - Final transform:
[[-0.95  0.31  0.05  0.02]
 [-0.08 -0.41  0.91 -0.05]
 [ 0.3   0.86  0.42  0.94]
 [ 0.    0.    0.    1.  ]]
2025-04-28T17:34:17.754670 - Pose:
tensor([[[-0.9508,  0.3051,  0.0543,  0.0264],
         [-0.0805, -0.4123,  0.9075, -0.0508],
         [ 0.2992,  0.8585,  0.4165,  0.9375],
         [ 0.0000,  0.0000,  0.0000,  1.0000]]])
2025-04-28T17:34:17.821088 - Final transform:
[[-0.94  0.34  0.05  0.02]
 [-0.1  -0.4   0.91 -0.06]
 [ 0.32  0.85  0.41  0.94]
 [ 0.    0.    0.    1.  ]]
2025-04-28T17:34:17.821088 - Pose:
tensor([[[-0.9406,  0.3362,  0.0476,  0.0271],
         [-0.0984, -0.4041,  0.9094, -0.0510],
         [ 0.3250,  0.8507,  0.4132,  0.9378],
         [ 0.0000,  0.0000,  0.0000,  1.0000]]])
2025-04-28T17:34:17.886727 - Final transform:
[[-0.95  0.31  0.05  0.02]
 [-0.09 -0.41  0.91 -0.05]
