2025-04-28T17:30:39.669414 - Final transform:
[[ 0.92 -0.39  0.1   0.19]
 [ 0.09  0.44  0.89 -0.01]
 [-0.39 -0.81  0.44  0.89]
 [ 0.    0.    0.    1.  ]]
2025-04-28T17:30:39.669414 - Pose:
tensor([[[ 0.9170, -0.3868,  0.0977,  0.1848],
         [ 0.0893,  0.4376,  0.8947, -0.0047],
         [-0.3888, -0.8117,  0.4358,  0.8940],
         [ 0.0000,  0.0000,  0.0000,  1.0000]]])
2025-04-28T17:30:39.740548 - Final transform:
[[ 0.89 -0.44  0.08  0.19]
 [ 0.13  0.43  0.89 -0.01]
 [-0.43 -0.79  0.44  0.89]
 [ 0.    0.    0.    1.  ]]
2025-04-28T17:30:39.740548 - Pose:
tensor([[[ 0.8930, -0.4421,  0.0842,  0.1844],
         [ 0.1304,  0.4332,  0.8918, -0.0044],
         [-0.4307, -0.7854,  0.4445,  0.8947],
         [ 0.0000,  0.0000,  0.0000,  1.0000]]])
2025-04-28T17:30:39.808475 - Final transform:
[[ 0.93 -0.36  0.09  0.19]
 [ 0.09  0.46  0.88 -0.01]
 [-0.36 -0.81  0.46  0.89]
 [ 0.    0.    0.    1.  ]]
2025-04-28T17:30:39.808475 - Pose:
tensor([[[ 0.9299, -0.3561,  0.0917,  0.1846],
         [ 0.0910,  0.4646,  0.8808, -0.0045],
         [-0.3563, -0.8108,  0.4644,  0.8962],
         [ 0.0000,  0.0000,  0.0000,  1.0000]]])
2025-04-28T17:30:39.876601 - Final transform:
[[ 0.93 -0.35  0.1   0.19]
 [ 0.09  0.5   0.86 -0.01]
 [-0.35 -0.79  0.49  0.89]
 [ 0.    0.    0.    1.  ]]
2025-04-28T17:30:39.876601 - Pose:
tensor([[[ 0.9303, -0.3528,  0.1004,  0.1864],
         [ 0.0947,  0.4953,  0.8636, -0.0037],
         [-0.3544, -0.7939,  0.4941,  0.8948],
         [ 0.0000,  0.0000,  0.0000,  1.0000]]])
2025-04-28T17:30:39.942960 - Final transform:
[[ 0.92 -0.39  0.09  0.19]
 [ 0.1   0.44  0.89 -0.01]
 [-0.39 -0.81  0.44  0.89]
 [ 0.    0.    0.    1.  ]]
2025-04-28T17:30:39.942960 - Pose:
tensor([[[ 0.9175, -0.3871,  0.0919,  0.1845],
         [ 0.0979,  0.4436,  0.8909, -0.0049],
         [-0.3856, -0.8083,  0.4449,  0.8965],
         [ 0.0000,  0.0000,  0.0000,  1.0000]]])
2025-04-28T17:30:40.012138 - Final transform:
[[ 0.92 -0.39  0.1   0.19]
 [ 0.1   0.46  0.88 -0.01]
 [-0.39 -0.8   0.46  0.89]
 [ 0.    0.    0.    1.  ]]
2025-04-28T17:30:40.012138 - Pose:
tensor([[[ 0.9158, -0.3880,  0.1037,  0.1849],
         [ 0.0954,  0.4610,  0.8823, -0.0043],
         [-0.3901, -0.7981,  0.4592,  0.8945],
         [ 0.0000,  0.0000,  0.0000,  1.0000]]])
2025-04-28T17:30:40.081030 - Final transform:
[[ 0.92 -0.37  0.1   0.19]
 [ 0.09  0.47  0.88 -0.01]
 [-0.37 -0.8   0.46  0.89]
 [ 0.    0.    0.    1.  ]]
2025-04-28T17:30:40.081030 - Pose:
tensor([[[ 0.9248, -0.3673,  0.0992,  0.1834],
         [ 0.0909,  0.4666,  0.8798, -0.0040],
         [-0.3694, -0.8046,  0.4649,  0.8958],
         [ 0.0000,  0.0000,  0.0000,  1.0000]]])
2025-04-28T17:30:40.150097 - Final transform:
[[ 0.92 -0.38  0.08  0.19]
 [ 0.12  0.47  0.87 -0.01]
 [-0.37 -0.79  0.48  0.89]
 [ 0.    0.    0.    1.  ]]
2025-04-28T17:30:40.150097 - Pose:
tensor([[[ 0.9201, -0.3827,  0.0833,  0.1846],
         [ 0.1174,  0.4722,  0.8736, -0.0042],
         [-0.3737, -0.7940,  0.4794,  0.8943],
         [ 0.0000,  0.0000,  0.0000,  1.0000]]])
2025-04-28T17:30:40.219753 - Final transform:
[[ 0.92 -0.38  0.1   0.19]
 [ 0.09  0.46  0.88 -0.01]
 [-0.38 -0.81  0.46  0.89]
 [ 0.    0.    0.    1.  ]]
2025-04-28T17:30:40.219753 - Pose:
tensor([[[ 0.9216, -0.3761,  0.0954,  0.1845],
         [ 0.0949,  0.4570,  0.8844, -0.0047],
         [-0.3762, -0.8060,  0.4569,  0.8956],
         [ 0.0000,  0.0000,  0.0000,  1.0000]]])
2025-04-28T17:30:40.290140 - Final transform:
[[ 0.94 -0.32  0.08  0.19]
 [ 0.08  0.47  0.88 -0.01]
 [-0.32 -0.82  0.47  0.89]
 [ 0.    0.    0.    1.  ]]
2025-04-28T17:30:40.290140 - Pose:
tensor([[[ 0.9433, -0.3209,  0.0845,  0.1863],
         [ 0.0800,  0.4670,  0.8806, -0.0045],
         [-0.3221, -0.8239,  0.4662,  0.8948],
         [ 0.0000,  0.0000,  0.0000,  1.0000]]])
2025-04-28T17:30:40.359445 - Final transform:
[[ 0.91 -0.4   0.1   0.19]
 [ 0.11  0.47  0.88 -0.01]
 [-0.4  -0.79  0.47  0.89]
 [ 0.    0.    0.    1.  ]]
2025-04-28T17:30:40.359445 - Pose:
tensor([[[ 0.9099, -0.4014,  0.1048,  0.1846],
         [ 0.1071,  0.4713,  0.8754, -0.0044],
         [-0.4008, -0.7853,  0.4718,  0.8949],
         [ 0.0000,  0.0000,  0.0000,  1.0000]]])
2025-04-28T17:30:40.433021 - Final transform:
[[ 0.91 -0.4   0.11  0.19]
 [ 0.11  0.48  0.87 -0.01]
 [-0.41 -0.78  0.48  0.89]
 [ 0.    0.    0.    1.  ]]
2025-04-28T17:30:40.433021 - Pose:
tensor([[[ 0.9078, -0.4046,  0.1106,  0.1846],
         [ 0.1081,  0.4803,  0.8704, -0.0042],
         [-0.4053, -0.7782,  0.4797,  0.8940],
         [ 0.0000,  0.0000,  0.0000,  1.0000]]])
2025-04-28T17:30:40.502541 - Final transform:
[[ 0.91 -0.39  0.09  0.19]
 [ 0.1   0.44  0.89 -0.01]
 [-0.39 -0.81  0.44  0.89]
 [ 0.    0.    0.    1.  ]]
2025-04-28T17:30:40.502541 - Pose:
tensor([[[ 0.9147, -0.3929,  0.0947,  0.1838],
         [ 0.0960,  0.4387,  0.8935, -0.0048],
         [-0.3926, -0.8082,  0.4390,  0.8950],
         [ 0.0000,  0.0000,  0.0000,  1.0000]]])
2025-04-28T17:30:40.567233 - Final transform:
[[ 0.91 -0.4   0.08  0.19]
 [ 0.13  0.47  0.87 -0.01]
 [-0.39 -0.78  0.48  0.89]
 [ 0.    0.    0.    1.  ]]
2025-04-28T17:30:40.567233 - Pose:
tensor([[[ 0.9113, -0.4030,  0.0847,  0.1849],
         [ 0.1275,  0.4716,  0.8726, -0.0038],
         [-0.3916, -0.7843,  0.4811,  0.8971],
         [ 0.0000,  0.0000,  0.0000,  1.0000]]])
2025-04-28T17:30:40.633554 - Final transform:
[[ 0.91 -0.39  0.12  0.19]
 [ 0.09  0.48  0.87 -0.01]
 [-0.39 -0.79  0.47  0.89]
 [ 0.    0.    0.    1.  ]]
2025-04-28T17:30:40.633554 - Pose:
tensor([[[ 0.9148, -0.3857,  0.1201,  0.1843],
         [ 0.0874,  0.4793,  0.8733, -0.0042],
         [-0.3944, -0.7883,  0.4722,  0.8922],
         [ 0.0000,  0.0000,  0.0000,  1.0000]]])
2025-04-28T17:30:40.705880 - Final transform:
[[ 0.9  -0.41  0.11  0.19]
 [ 0.12  0.48  0.87 -0.01]
 [-0.41 -0.77  0.49  0.89]
 [ 0.    0.    0.    1.  ]]
2025-04-28T17:30:40.705880 - Pose:
tensor([[[ 0.9040, -0.4142,  0.1061,  0.1848],
         [ 0.1204,  0.4848,  0.8663, -0.0038],
         [-0.4103, -0.7704,  0.4881,  0.8938],
         [ 0.0000,  0.0000,  0.0000,  1.0000]]])
2025-04-28T17:30:40.782612 - Final transform:
[[ 0.92 -0.39  0.1   0.19]
 [ 0.12  0.49  0.86 -0.01]
 [-0.38 -0.78  0.5   0.89]
 [ 0.    0.    0.    1.  ]]
2025-04-28T17:30:40.782612 - Pose:
tensor([[[ 0.9160, -0.3895,  0.0963,  0.1841],
         [ 0.1188,  0.4925,  0.8621, -0.0041],
         [-0.3832, -0.7783,  0.4974,  0.8952],
         [ 0.0000,  0.0000,  0.0000,  1.0000]]])
2025-04-28T17:30:40.850617 - Final transform:
[[ 0.89 -0.44  0.1   0.19]
 [ 0.14  0.47  0.87 -0.01]
 [-0.43 -0.76  0.48  0.89]
 [ 0.    0.    0.    1.  ]]
2025-04-28T17:30:40.850617 - Pose:
tensor([[[ 0.8908, -0.4434,  0.0996,  0.1835],
         [ 0.1378,  0.4724,  0.8705, -0.0036],
         [-0.4331, -0.7617,  0.4819,  0.8933],
         [ 0.0000,  0.0000,  0.0000,  1.0000]]])
2025-04-28T17:30:40.917930 - Final transform:
[[ 0.91 -0.4   0.09  0.19]
 [ 0.12  0.48  0.87 -0.01]
 [-0.39 -0.78  0.49  0.89]
 [ 0.    0.    0.    1.  ]]
2025-04-28T17:30:40.917930 - Pose:
tensor([[[ 0.9122, -0.3991,  0.0927,  0.1852],
         [ 0.1228,  0.4823,  0.8674, -0.0040],
         [-0.3909, -0.7799,  0.4889,  0.8950],
         [ 0.0000,  0.0000,  0.0000,  1.0000]]])
2025-04-28T17:30:40.984045 - Final transform:
[[ 0.92 -0.39  0.07  0.19]
 [ 0.13  0.47  0.88 -0.01]
 [-0.37 -0.8   0.48  0.89]
 [ 0.    0.    0.    1.  ]]
2025-04-28T17:30:40.984045 - Pose:
tensor([[[ 0.9198, -0.3860,  0.0703,  0.1859],
         [ 0.1289,  0.4666,  0.8750, -0.0038],
         [-0.3705, -0.7958,  0.4790,  0.8959],
         [ 0.0000,  0.0000,  0.0000,  1.0000]]])
2025-04-28T17:30:41.049968 - Final transform:
[[ 0.93 -0.36  0.09  0.19]
 [ 0.09  0.46  0.88 -0.01]
 [-0.36 -0.81  0.46  0.89]
 [ 0.    0.    0.    1.  ]]
2025-04-28T17:30:41.049968 - Pose:
tensor([[[ 0.9279, -0.3607,  0.0943,  0.1855],
         [ 0.0888,  0.4595,  0.8837, -0.0043],
         [-0.3621, -0.8116,  0.4584,  0.8939],
         [ 0.0000,  0.0000,  0.0000,  1.0000]]])
2025-04-28T17:30:41.115682 - Final transform:
[[ 0.91 -0.4   0.1   0.19]
 [ 0.11  0.46  0.88 -0.01]
 [-0.4  -0.79  0.47  0.89]
 [ 0.    0.    0.    1.  ]]
2025-04-28T17:30:41.115682 - Pose:
tensor([[[ 0.9089, -0.4041,  0.1029,  0.1831],
         [ 0.1070,  0.4646,  0.8790, -0.0042],
         [-0.4031, -0.7879,  0.4655,  0.8951],
         [ 0.0000,  0.0000,  0.0000,  1.0000]]])
2025-04-28T17:30:41.180905 - Final transform:
[[ 0.92 -0.39  0.09  0.19]
 [ 0.11  0.46  0.88 -0.01]
 [-0.39 -0.8   0.47  0.89]
 [ 0.    0.    0.    1.  ]]
2025-04-28T17:30:41.180905 - Pose:
tensor([[[ 0.9155, -0.3931,  0.0863,  0.1845],
         [ 0.1148,  0.4606,  0.8801, -0.0044],
         [-0.3857, -0.7958,  0.4668,  0.8949],
         [ 0.0000,  0.0000,  0.0000,  1.0000]]])
2025-04-28T17:30:41.245853 - Final transform:
[[ 0.93 -0.35  0.11  0.19]
 [ 0.07  0.47  0.88 -0.01]
 [-0.36 -0.81  0.46  0.89]
 [ 0.    0.    0.    1.  ]]
2025-04-28T17:30:41.245853 - Pose:
tensor([[[ 0.9296, -0.3501,  0.1149,  0.1832],
         [ 0.0688,  0.4712,  0.8794, -0.0046],
         [-0.3620, -0.8096,  0.4621,  0.8941],
         [ 0.0000,  0.0000,  0.0000,  1.0000]]])
2025-04-28T17:30:41.311800 - Final transform:
[[ 0.92 -0.38  0.1   0.19]
 [ 0.09  0.47  0.88 -0.01]
 [-0.38 -0.8   0.47  0.89]
 [ 0.    0.    0.    1.  ]]
2025-04-28T17:30:41.311800 - Pose:
tensor([[[ 0.9217, -0.3750,  0.0992,  0.1842],
         [ 0.0950,  0.4660,  0.8797, -0.0043],
         [-0.3761, -0.8014,  0.4652,  0.8946],
         [ 0.0000,  0.0000,  0.0000,  1.0000]]])
2025-04-28T17:30:41.379380 - Final transform:
[[ 0.91 -0.39  0.1   0.19]
 [ 0.1   0.46  0.88 -0.01]
 [-0.39 -0.8   0.46  0.89]
 [ 0.    0.    0.    1.  ]]
2025-04-28T17:30:41.379380 - Pose:
tensor([[[ 0.9144, -0.3914,  0.1034,  0.1843],
         [ 0.0956,  0.4571,  0.8843, -0.0046],
         [-0.3934, -0.7987,  0.4554,  0.8934],
         [ 0.0000,  0.0000,  0.0000,  1.0000]]])
2025-04-28T17:30:41.448416 - Final transform:
[[ 0.91 -0.4   0.1   0.19]
 [ 0.1   0.45  0.89 -0.01]
 [-0.4  -0.8   0.45  0.89]
 [ 0.    0.    0.    1.  ]]
2025-04-28T17:30:41.448416 - Pose:
tensor([[[ 0.9127, -0.3963,  0.0995,  0.1833],
         [ 0.0980,  0.4487,  0.8883, -0.0046],
         [-0.3967, -0.8010,  0.4484,  0.8925],
         [ 0.0000,  0.0000,  0.0000,  1.0000]]])
2025-04-28T17:30:41.516834 - Final transform:
[[ 0.93 -0.37  0.1   0.19]
 [ 0.09  0.46  0.88 -0.01]
 [-0.37 -0.81  0.46  0.89]
 [ 0.    0.    0.    1.  ]]
2025-04-28T17:30:41.516834 - Pose:
tensor([[[ 0.9255, -0.3666,  0.0954,  0.1835],
         [ 0.0920,  0.4618,  0.8822, -0.0042],
         [-0.3675, -0.8077,  0.4611,  0.8959],
         [ 0.0000,  0.0000,  0.0000,  1.0000]]])
2025-04-28T17:30:41.586612 - Final transform:
[[ 0.91 -0.4   0.09  0.19]
 [ 0.1   0.43  0.9  -0.01]
 [-0.4  -0.81  0.43  0.89]
 [ 0.    0.    0.    1.  ]]
2025-04-28T17:30:41.586612 - Pose:
tensor([[[ 0.9119, -0.3995,  0.0937,  0.1842],
         [ 0.0978,  0.4333,  0.8959, -0.0048],
         [-0.3985, -0.8079,  0.4342,  0.8945],
         [ 0.0000,  0.0000,  0.0000,  1.0000]]])
2025-04-28T17:30:41.658063 - Final transform:
[[ 0.91 -0.41  0.09  0.19]
 [ 0.11  0.43  0.89 -0.01]
 [-0.41 -0.8   0.44  0.89]
 [ 0.    0.    0.    1.  ]]
2025-04-28T17:30:41.658063 - Pose:
tensor([[[ 0.9064, -0.4134,  0.0866,  0.1835],
         [ 0.1119,  0.4329,  0.8945, -0.0043],
         [-0.4072, -0.8011,  0.4387,  0.8954],
         [ 0.0000,  0.0000,  0.0000,  1.0000]]])
2025-04-28T17:30:41.724512 - Final transform:
[[ 0.91 -0.4   0.11  0.19]
 [ 0.1   0.45  0.89 -0.01]
 [-0.4  -0.8   0.45  0.89]
 [ 0.    0.    0.    1.  ]]
2025-04-28T17:30:41.724512 - Pose:
tensor([[[ 0.9104, -0.3997,  0.1066,  0.1832],
         [ 0.0960,  0.4547,  0.8855, -0.0042],
         [-0.4024, -0.7959,  0.4523,  0.8963],
         [ 0.0000,  0.0000,  0.0000,  1.0000]]])
2025-04-28T17:30:41.796470 - Final transform:
[[ 0.91 -0.4   0.09  0.19]
 [ 0.11  0.47  0.88 -0.01]
 [-0.39 -0.79  0.47  0.89]
 [ 0.    0.    0.    1.  ]]
2025-04-28T17:30:41.796470 - Pose:
tensor([[[ 0.9119, -0.3994,  0.0948,  0.1843],
         [ 0.1136,  0.4675,  0.8767, -0.0041],
         [-0.3945, -0.7886,  0.4717,  0.8959],
         [ 0.0000,  0.0000,  0.0000,  1.0000]]])
2025-04-28T17:30:41.871573 - Final transform:
[[ 0.93 -0.36  0.11  0.19]
 [ 0.06  0.43  0.9  -0.01]
 [-0.37 -0.83  0.42  0.89]
 [ 0.    0.    0.    1.  ]]
2025-04-28T17:30:41.871573 - Pose:
tensor([[[ 0.9265, -0.3599,  0.1102,  0.1819],
         [ 0.0618,  0.4342,  0.8987, -0.0053],
         [-0.3713, -0.8258,  0.4245,  0.8942],
         [ 0.0000,  0.0000,  0.0000,  1.0000]]])
2025-04-28T17:30:41.940982 - Final transform:
[[ 0.89 -0.44  0.08  0.19]
 [ 0.15  0.46  0.87 -0.01]
 [-0.42 -0.77  0.48  0.89]
 [ 0.    0.    0.    1.  ]]
2025-04-28T17:30:41.940982 - Pose:
tensor([[[ 0.8942, -0.4412,  0.0765,  0.1852],
         [ 0.1534,  0.4625,  0.8732, -0.0037],
         [-0.4206, -0.7691,  0.4812,  0.8950],
         [ 0.0000,  0.0000,  0.0000,  1.0000]]])
2025-04-28T17:30:42.008142 - Final transform:
[[ 0.91 -0.4   0.1   0.19]
 [ 0.12  0.49  0.86 -0.01]
 [-0.39 -0.77  0.5   0.89]
 [ 0.    0.    0.    1.  ]]
2025-04-28T17:30:42.008142 - Pose:
tensor([[[ 0.9120, -0.3974,  0.1013,  0.1855],
         [ 0.1194,  0.4935,  0.8615, -0.0040],
         [-0.3923, -0.7736,  0.4976,  0.8955],
         [ 0.0000,  0.0000,  0.0000,  1.0000]]])
2025-04-28T17:30:42.076123 - Final transform:
[[ 0.93 -0.36  0.08  0.19]
 [ 0.11  0.48  0.87 -0.01]
 [-0.35 -0.8   0.49  0.89]
 [ 0.    0.    0.    1.  ]]
2025-04-28T17:30:42.076123 - Pose:
tensor([[[ 0.9284, -0.3635,  0.0768,  0.1856],
         [ 0.1149,  0.4776,  0.8711, -0.0039],
         [-0.3533, -0.7999,  0.4851,  0.8963],
         [ 0.0000,  0.0000,  0.0000,  1.0000]]])
2025-04-28T17:30:42.143348 - Final transform:
[[ 0.91 -0.39  0.13  0.19]
 [ 0.08  0.48  0.88 -0.01]
 [-0.4  -0.79  0.46  0.89]
 [ 0.    0.    0.    1.  ]]
2025-04-28T17:30:42.143348 - Pose:
tensor([[[ 0.9136, -0.3854,  0.1298,  0.1825],
         [ 0.0765,  0.4765,  0.8759, -0.0038],
         [-0.3994, -0.7902,  0.4648,  0.8961],
         [ 0.0000,  0.0000,  0.0000,  1.0000]]])
2025-04-28T17:30:42.211090 - Final transform:
[[ 0.91 -0.39  0.1   0.19]
 [ 0.11  0.48  0.87 -0.01]
 [-0.39 -0.79  0.48  0.89]
 [ 0.    0.    0.    1.  ]]
2025-04-28T17:30:42.211090 - Pose:
tensor([[[ 0.9140, -0.3940,  0.0968,  0.1858],
         [ 0.1135,  0.4773,  0.8714, -0.0042],
         [-0.3895, -0.7855,  0.4809,  0.8967],
         [ 0.0000,  0.0000,  0.0000,  1.0000]]])
2025-04-28T17:30:42.277484 - Final transform:
[[ 0.91 -0.41  0.1   0.19]
 [ 0.12  0.47  0.88 -0.01]
 [-0.4  -0.78  0.47  0.89]
 [ 0.    0.    0.    1.  ]]
2025-04-28T17:30:42.277484 - Pose:
tensor([[[ 0.9081, -0.4077,  0.0958,  0.1842],
         [ 0.1183,  0.4692,  0.8751, -0.0039],
         [-0.4018, -0.7833,  0.4743,  0.8965],
         [ 0.0000,  0.0000,  0.0000,  1.0000]]])
2025-04-28T17:30:42.345378 - Final transform:
[[ 0.93 -0.35  0.09  0.19]
 [ 0.08  0.45  0.89 -0.01]
 [-0.35 -0.82  0.45  0.89]
 [ 0.    0.    0.    1.  ]]
2025-04-28T17:30:42.345378 - Pose:
tensor([[[ 0.9329, -0.3481,  0.0926,  0.1831],
         [ 0.0808,  0.4528,  0.8880, -0.0044],
         [-0.3510, -0.8209,  0.4505,  0.8947],
         [ 0.0000,  0.0000,  0.0000,  1.0000]]])
2025-04-28T17:30:42.415240 - Final transform:
[[ 0.9  -0.43  0.11  0.19]
 [ 0.11  0.46  0.88 -0.01]
 [-0.43 -0.78  0.46  0.89]
 [ 0.    0.    0.    1.  ]]
2025-04-28T17:30:42.415240 - Pose:
tensor([[[ 0.8956, -0.4311,  0.1097,  0.1834],
         [ 0.1126,  0.4585,  0.8816, -0.0043],
         [-0.4303, -0.7772,  0.4592,  0.8948],
         [ 0.0000,  0.0000,  0.0000,  1.0000]]])
2025-04-28T17:30:42.481924 - Final transform:
[[ 0.89 -0.44  0.1   0.19]
 [ 0.12  0.44  0.89 -0.01]
 [-0.44 -0.78  0.45  0.89]
 [ 0.    0.    0.    1.  ]]
2025-04-28T17:30:42.481924 - Pose:
tensor([[[ 0.8901, -0.4444,  0.1013,  0.1831],
         [ 0.1189,  0.4410,  0.8896, -0.0041],
         [-0.4400, -0.7798,  0.4453,  0.8951],
         [ 0.0000,  0.0000,  0.0000,  1.0000]]])
2025-04-28T17:30:42.548451 - Final transform:
[[ 0.89 -0.45  0.1   0.18]
 [ 0.12  0.42  0.9  -0.01]
 [-0.44 -0.79  0.43  0.89]
 [ 0.    0.    0.    1.  ]]
2025-04-28T17:30:42.548451 - Pose:
tensor([[[ 0.8898, -0.4464,  0.0950,  0.1818],
         [ 0.1163,  0.4232,  0.8985, -0.0049],
         [-0.4413, -0.7884,  0.4285,  0.8932],
         [ 0.0000,  0.0000,  0.0000,  1.0000]]])
2025-04-28T17:30:42.617611 - Final transform:
[[ 0.93 -0.35  0.11  0.19]
 [ 0.07  0.45  0.89 -0.01]
 [-0.36 -0.82  0.45  0.89]
 [ 0.    0.    0.    1.  ]]
2025-04-28T17:30:42.617611 - Pose:
tensor([[[ 0.9294, -0.3537,  0.1054,  0.1840],
         [ 0.0720,  0.4540,  0.8881, -0.0051],
         [-0.3620, -0.8178,  0.4474,  0.8955],
         [ 0.0000,  0.0000,  0.0000,  1.0000]]])
2025-04-28T17:30:42.683872 - Final transform:
[[ 0.92 -0.39  0.09  0.19]
 [ 0.11  0.46  0.88 -0.01]
 [-0.39 -0.79  0.47  0.89]
 [ 0.    0.    0.    1.  ]]
2025-04-28T17:30:42.683872 - Pose:
tensor([[[ 0.9156, -0.3919,  0.0903,  0.1844],
         [ 0.1119,  0.4638,  0.8788, -0.0039],
         [-0.3863, -0.7945,  0.4685,  0.8955],
         [ 0.0000,  0.0000,  0.0000,  1.0000]]])
2025-04-28T17:30:42.751368 - Final transform:
[[ 0.92 -0.39  0.1   0.19]
 [ 0.1   0.46  0.89 -0.01]
 [-0.39 -0.8   0.45  0.89]
 [ 0.    0.    0.    1.  ]]
2025-04-28T17:30:42.751368 - Pose:
tensor([[[ 0.9161, -0.3880,  0.1011,  0.1829],
         [ 0.0953,  0.4555,  0.8851, -0.0045],
         [-0.3894, -0.8012,  0.4543,  0.8961],
         [ 0.0000,  0.0000,  0.0000,  1.0000]]])
2025-04-28T17:30:42.818810 - Final transform:
[[ 0.91 -0.4   0.11  0.19]
 [ 0.1   0.47  0.88 -0.01]
 [-0.41 -0.79  0.47  0.89]
 [ 0.    0.    0.    1.  ]]
2025-04-28T17:30:42.818810 - Pose:
tensor([[[ 0.9086, -0.4021,  0.1129,  0.1838],
         [ 0.0988,  0.4697,  0.8773, -0.0039],
         [-0.4058, -0.7860,  0.4664,  0.8943],
         [ 0.0000,  0.0000,  0.0000,  1.0000]]])
2025-04-28T17:30:42.883316 - Final transform:
[[ 0.91 -0.4   0.09  0.19]
 [ 0.1   0.44  0.89 -0.01]
 [-0.4  -0.81  0.44  0.89]
 [ 0.    0.    0.    1.  ]]
2025-04-28T17:30:42.883316 - Pose:
tensor([[[ 0.9127, -0.3980,  0.0930,  0.1832],
         [ 0.1009,  0.4399,  0.8924, -0.0048],
         [-0.3961, -0.8050,  0.4416,  0.8960],
         [ 0.0000,  0.0000,  0.0000,  1.0000]]])
2025-04-28T17:30:42.950053 - Final transform:
[[ 0.92 -0.37  0.1   0.19]
 [ 0.09  0.46  0.88 -0.01]
 [-0.37 -0.81  0.46  0.89]
 [ 0.    0.    0.    1.  ]]
2025-04-28T17:30:42.950053 - Pose:
tensor([[[ 0.9242, -0.3681,  0.1018,  0.1840],
         [ 0.0873,  0.4631,  0.8820, -0.0043],
         [-0.3718, -0.8062,  0.4601,  0.8960],
         [ 0.0000,  0.0000,  0.0000,  1.0000]]])
2025-04-28T17:30:43.016423 - Final transform:
[[ 0.89 -0.45  0.1   0.19]
 [ 0.13  0.45  0.88 -0.01]
 [-0.44 -0.77  0.46  0.89]
 [ 0.    0.    0.    1.  ]]
2025-04-28T17:30:43.016423 - Pose:
tensor([[[ 0.8869, -0.4501,  0.1044,  0.1843],
         [ 0.1267,  0.4542,  0.8819, -0.0048],
         [-0.4443, -0.7689,  0.4598,  0.8958],
         [ 0.0000,  0.0000,  0.0000,  1.0000]]])
2025-04-28T17:30:43.083827 - Final transform:
[[ 0.92 -0.38  0.11  0.19]
 [ 0.08  0.46  0.89 -0.01]
 [-0.39 -0.8   0.45  0.89]
 [ 0.    0.    0.    1.  ]]
2025-04-28T17:30:43.083827 - Pose:
tensor([[[ 0.9161, -0.3848,  0.1130,  0.1827],
         [ 0.0826,  0.4568,  0.8857, -0.0048],
         [-0.3924, -0.8021,  0.4502,  0.8935],
         [ 0.0000,  0.0000,  0.0000,  1.0000]]])
2025-04-28T17:30:43.150776 - Final transform:
[[ 0.91 -0.4   0.08  0.19]
 [ 0.12  0.45  0.88 -0.01]
 [-0.39 -0.8   0.46  0.89]
 [ 0.    0.    0.    1.  ]]
2025-04-28T17:30:43.150776 - Pose:
tensor([[[ 0.9125, -0.4006,  0.0824,  0.1852],
         [ 0.1185,  0.4519,  0.8841, -0.0047],
         [-0.3915, -0.7970,  0.4599,  0.8955],
         [ 0.0000,  0.0000,  0.0000,  1.0000]]])
2025-04-28T17:30:43.219819 - Final transform:
[[ 0.93 -0.34  0.1   0.19]
 [ 0.08  0.48  0.87 -0.01]
 [-0.35 -0.81  0.47  0.89]
 [ 0.    0.    0.    1.  ]]
2025-04-28T17:30:43.219819 - Pose:
tensor([[[ 0.9346, -0.3399,  0.1046,  0.1832],
         [ 0.0766,  0.4795,  0.8742, -0.0045],
         [-0.3473, -0.8091,  0.4741,  0.8973],
         [ 0.0000,  0.0000,  0.0000,  1.0000]]])
2025-04-28T17:30:43.287688 - Final transform:
[[ 0.91 -0.4   0.1   0.19]
 [ 0.11  0.46  0.88 -0.01]
 [-0.4  -0.79  0.46  0.89]
 [ 0.    0.    0.    1.  ]]
2025-04-28T17:30:43.287688 - Pose:
tensor([[[ 0.9099, -0.4030,  0.0981,  0.1836],
         [ 0.1074,  0.4573,  0.8828, -0.0045],
         [-0.4006, -0.7928,  0.4594,  0.8934],
         [ 0.0000,  0.0000,  0.0000,  1.0000]]])
2025-04-28T17:30:43.354385 - Final transform:
[[ 0.92 -0.37  0.1   0.19]
 [ 0.08  0.45  0.89 -0.01]
 [-0.37 -0.81  0.44  0.89]
 [ 0.    0.    0.    1.  ]]
2025-04-28T17:30:43.354385 - Pose:
tensor([[[ 0.9241, -0.3681,  0.1021,  0.1838],
         [ 0.0801,  0.4479,  0.8905, -0.0047],
         [-0.3736, -0.8148,  0.4434,  0.8963],
         [ 0.0000,  0.0000,  0.0000,  1.0000]]])
2025-04-28T17:30:43.422578 - Final transform:
[[ 0.92 -0.37  0.09  0.19]
 [ 0.1   0.46  0.88 -0.01]
 [-0.37 -0.81  0.46  0.89]
 [ 0.    0.    0.    1.  ]]
2025-04-28T17:30:43.422578 - Pose:
tensor([[[ 0.9231, -0.3735,  0.0917,  0.1834],
         [ 0.0982,  0.4595,  0.8828, -0.0039],
         [-0.3718, -0.8059,  0.4608,  0.8948],
         [ 0.0000,  0.0000,  0.0000,  1.0000]]])
2025-04-28T17:30:43.491671 - Final transform:
[[ 0.92 -0.38  0.1   0.19]
 [ 0.1   0.48  0.87 -0.01]
 [-0.38 -0.79  0.48  0.89]
 [ 0.    0.    0.    1.  ]]
2025-04-28T17:30:43.491671 - Pose:
tensor([[[ 0.9191, -0.3807,  0.1019,  0.1837],
         [ 0.1040,  0.4838,  0.8690, -0.0039],
         [-0.3801, -0.7880,  0.4843,  0.8957],
         [ 0.0000,  0.0000,  0.0000,  1.0000]]])
2025-04-28T17:30:43.559891 - Final transform:
[[ 0.91 -0.4   0.09  0.19]
 [ 0.1   0.44  0.89 -0.01]
 [-0.39 -0.81  0.44  0.89]
 [ 0.    0.    0.    1.  ]]
2025-04-28T17:30:43.559891 - Pose:
tensor([[[ 0.9134, -0.3965,  0.0919,  0.1839],
         [ 0.0988,  0.4350,  0.8950, -0.0048],
         [-0.3949, -0.8084,  0.4365,  0.8967],
         [ 0.0000,  0.0000,  0.0000,  1.0000]]])
2025-04-28T17:30:43.625182 - Final transform:
[[ 0.92 -0.38  0.1   0.19]
 [ 0.09  0.46  0.88 -0.01]
 [-0.38 -0.8   0.46  0.89]
 [ 0.    0.    0.    1.  ]]
2025-04-28T17:30:43.625182 - Pose:
tensor([[[ 0.9205, -0.3785,  0.0973,  0.1848],
         [ 0.0948,  0.4580,  0.8839, -0.0047],
         [-0.3791, -0.8044,  0.4574,  0.8946],
         [ 0.0000,  0.0000,  0.0000,  1.0000]]])
2025-04-28T17:30:43.691715 - Final transform:
[[ 0.89 -0.43  0.12  0.19]
 [ 0.1   0.46  0.88 -0.01]
 [-0.44 -0.78  0.45  0.89]
 [ 0.    0.    0.    1.  ]]
2025-04-28T17:30:43.691715 - Pose:
tensor([[[ 0.8938, -0.4316,  0.1221,  0.1841],
         [ 0.0991,  0.4557,  0.8846, -0.0048],
         [-0.4374, -0.7785,  0.4500,  0.8943],
         [ 0.0000,  0.0000,  0.0000,  1.0000]]])
2025-04-28T17:30:43.757758 - Final transform:
[[ 0.92 -0.38  0.09  0.19]
 [ 0.11  0.46  0.88 -0.01]
 [-0.38 -0.8   0.46  0.89]
 [ 0.    0.    0.    1.  ]]
2025-04-28T17:30:43.757758 - Pose:
tensor([[[ 0.9190, -0.3843,  0.0882,  0.1846],
         [ 0.1066,  0.4576,  0.8827, -0.0042],
         [-0.3796, -0.8018,  0.4615,  0.8980],
         [ 0.0000,  0.0000,  0.0000,  1.0000]]])
2025-04-28T17:30:43.825124 - Final transform:
[[ 0.93 -0.36  0.1   0.19]
 [ 0.08  0.46  0.88 -0.01]
 [-0.37 -0.81  0.46  0.89]
 [ 0.    0.    0.    1.  ]]
2025-04-28T17:30:43.825124 - Pose:
tensor([[[ 0.9272, -0.3599,  0.1036,  0.1836],
         [ 0.0800,  0.4604,  0.8841, -0.0048],
         [-0.3659, -0.8115,  0.4556,  0.8957],
         [ 0.0000,  0.0000,  0.0000,  1.0000]]])
2025-04-28T17:30:43.894654 - Final transform:
[[ 0.92 -0.38  0.11  0.19]
 [ 0.08  0.45  0.89 -0.01]
 [-0.39 -0.81  0.45  0.89]
 [ 0.    0.    0.    1.  ]]
2025-04-28T17:30:43.894654 - Pose:
tensor([[[ 0.9181, -0.3805,  0.1108,  0.1833],
         [ 0.0808,  0.4535,  0.8876, -0.0047],
         [-0.3880, -0.8059,  0.4471,  0.8950],
         [ 0.0000,  0.0000,  0.0000,  1.0000]]])
2025-04-28T17:30:43.960315 - Final transform:
[[ 0.92 -0.38  0.11  0.19]
 [ 0.08  0.44  0.89 -0.01]
 [-0.38 -0.82  0.43  0.89]
 [ 0.    0.    0.    1.  ]]
2025-04-28T17:30:43.960315 - Pose:
tensor([[[ 0.9206, -0.3757,  0.1060,  0.1824],
         [ 0.0766,  0.4402,  0.8946, -0.0047],
         [-0.3828, -0.8155,  0.4341,  0.8944],
         [ 0.0000,  0.0000,  0.0000,  1.0000]]])
2025-04-28T17:30:44.025440 - Final transform:
[[ 0.92 -0.39  0.09  0.19]
 [ 0.1   0.43  0.9  -0.01]
 [-0.39 -0.82  0.43  0.89]
 [ 0.    0.    0.    1.  ]]
2025-04-28T17:30:44.025440 - Pose:
tensor([[[ 0.9160, -0.3915,  0.0878,  0.1840],
         [ 0.0962,  0.4269,  0.8992, -0.0049],
         [-0.3895, -0.8152,  0.4287,  0.8962],
         [ 0.0000,  0.0000,  0.0000,  1.0000]]])
2025-04-28T17:30:44.091827 - Final transform:
[[ 0.92 -0.39  0.08  0.19]
 [ 0.11  0.45  0.89 -0.01]
 [-0.38 -0.8   0.46  0.89]
 [ 0.    0.    0.    1.  ]]
2025-04-28T17:30:44.091827 - Pose:
tensor([[[ 0.9189, -0.3866,  0.0780,  0.1848],
         [ 0.1146,  0.4509,  0.8852, -0.0045],
         [-0.3774, -0.8045,  0.4587,  0.8974],
         [ 0.0000,  0.0000,  0.0000,  1.0000]]])
2025-04-28T17:30:44.166348 - Final transform:
[[ 0.88 -0.46  0.1   0.19]
 [ 0.12  0.43  0.89 -0.01]
 [-0.45 -0.78  0.44  0.89]
 [ 0.    0.    0.    1.  ]]
2025-04-28T17:30:44.166348 - Pose:
tensor([[[ 0.8836, -0.4577,  0.0982,  0.1832],
         [ 0.1227,  0.4289,  0.8950, -0.0047],
         [-0.4518, -0.7788,  0.4352,  0.8938],
         [ 0.0000,  0.0000,  0.0000,  1.0000]]])
2025-04-28T17:30:44.234644 - Final transform:
[[ 0.92 -0.39  0.1   0.19]
 [ 0.08  0.43  0.9  -0.01]
 [-0.39 -0.82  0.43  0.89]
 [ 0.    0.    0.    1.  ]]
2025-04-28T17:30:44.234644 - Pose:
tensor([[[ 0.9170, -0.3864,  0.0988,  0.1826],
         [ 0.0840,  0.4291,  0.8993, -0.0047],
         [-0.3899, -0.8164,  0.4260,  0.8936],
         [ 0.0000,  0.0000,  0.0000,  1.0000]]])
2025-04-28T17:30:44.303694 - Final transform:
[[ 0.93 -0.36  0.09  0.19]
 [ 0.09  0.45  0.89 -0.01]
 [-0.36 -0.82  0.45  0.89]
 [ 0.    0.    0.    1.  ]]
2025-04-28T17:30:44.303694 - Pose:
tensor([[[ 0.9276, -0.3620,  0.0927,  0.1827],
         [ 0.0853,  0.4467,  0.8906, -0.0053],
         [-0.3638, -0.8182,  0.4452,  0.8957],
         [ 0.0000,  0.0000,  0.0000,  1.0000]]])
2025-04-28T17:30:44.369701 - Final transform:
[[ 0.91 -0.41  0.1   0.19]
 [ 0.11  0.45  0.89 -0.01]
 [-0.41 -0.79  0.45  0.89]
 [ 0.    0.    0.    1.  ]]
2025-04-28T17:30:44.369701 - Pose:
tensor([[[ 0.9074, -0.4087,  0.0981,  0.1827],
         [ 0.1068,  0.4500,  0.8866, -0.0044],
         [-0.4066, -0.7940,  0.4519,  0.8954],
         [ 0.0000,  0.0000,  0.0000,  1.0000]]])
2025-04-28T17:30:44.442924 - Final transform:
[[ 0.93 -0.36  0.1   0.19]
 [ 0.09  0.47  0.88 -0.01]
 [-0.36 -0.81  0.46  0.89]
 [ 0.    0.    0.    1.  ]]
2025-04-28T17:30:44.442924 - Pose:
tensor([[[ 0.9294, -0.3565,  0.0952,  0.1846],
         [ 0.0885,  0.4658,  0.8804, -0.0038],
         [-0.3582, -0.8099,  0.4645,  0.8983],
         [ 0.0000,  0.0000,  0.0000,  1.0000]]])
2025-04-28T17:30:44.511095 - Final transform:
[[ 0.92 -0.38  0.1   0.19]
 [ 0.1   0.47  0.88 -0.01]
 [-0.38 -0.8   0.47  0.89]
 [ 0.    0.    0.    1.  ]]
2025-04-28T17:30:44.511095 - Pose:
tensor([[[ 0.9180, -0.3832,  0.1019,  0.1840],
         [ 0.0971,  0.4662,  0.8793, -0.0043],
         [-0.3844, -0.7974,  0.4652,  0.8956],
         [ 0.0000,  0.0000,  0.0000,  1.0000]]])
2025-04-28T17:30:44.578651 - Final transform:
[[ 0.93 -0.35  0.1   0.19]
 [ 0.08  0.48  0.87 -0.01]
 [-0.35 -0.81  0.47  0.89]
 [ 0.    0.    0.    1.  ]]
2025-04-28T17:30:44.578651 - Pose:
tensor([[[ 0.9325, -0.3464,  0.1024,  0.1843],
         [ 0.0813,  0.4775,  0.8748, -0.0045],
         [-0.3520, -0.8074,  0.4735,  0.8954],
         [ 0.0000,  0.0000,  0.0000,  1.0000]]])
2025-04-28T17:30:44.653192 - Final transform:
[[ 0.92 -0.37  0.11  0.19]
 [ 0.08  0.47  0.88 -0.01]
 [-0.38 -0.8   0.46  0.89]
 [ 0.    0.    0.    1.  ]]
2025-04-28T17:30:44.653192 - Pose:
tensor([[[ 0.9226, -0.3688,  0.1130,  0.1834],
         [ 0.0780,  0.4652,  0.8818, -0.0041],
         [-0.3777, -0.8048,  0.4579,  0.8956],
         [ 0.0000,  0.0000,  0.0000,  1.0000]]])
2025-04-28T17:30:44.727295 - Final transform:
[[ 0.92 -0.38  0.1   0.19]
 [ 0.1   0.48  0.87 -0.01]
 [-0.38 -0.79  0.48  0.89]
 [ 0.    0.    0.    1.  ]]
2025-04-28T17:30:44.727295 - Pose:
tensor([[[ 0.9190, -0.3804,  0.1041,  0.1836],
         [ 0.1018,  0.4838,  0.8692, -0.0041],
         [-0.3810, -0.7882,  0.4833,  0.8953],
         [ 0.0000,  0.0000,  0.0000,  1.0000]]])
2025-04-28T17:30:44.794902 - Final transform:
[[ 0.93 -0.37  0.09  0.19]
 [ 0.1   0.46  0.88 -0.01]
 [-0.36 -0.81  0.46  0.89]
 [ 0.    0.    0.    1.  ]]
2025-04-28T17:30:44.794902 - Pose:
tensor([[[ 0.9256, -0.3684,  0.0864,  0.1845],
         [ 0.1004,  0.4593,  0.8826, -0.0040],
         [-0.3648, -0.8083,  0.4621,  0.8946],
         [ 0.0000,  0.0000,  0.0000,  1.0000]]])
2025-04-28T17:30:44.860142 - Final transform:
[[ 0.9  -0.41  0.1   0.19]
 [ 0.1   0.44  0.89 -0.01]
 [-0.41 -0.8   0.44  0.89]
 [ 0.    0.    0.    1.  ]]
2025-04-28T17:30:44.860142 - Pose:
tensor([[[ 0.9049, -0.4132,  0.1026,  0.1826],
         [ 0.1005,  0.4416,  0.8916, -0.0045],
         [-0.4137, -0.7964,  0.4411,  0.8968],
         [ 0.0000,  0.0000,  0.0000,  1.0000]]])
2025-04-28T17:30:44.928289 - Final transform:
[[ 0.93 -0.35  0.1   0.19]
 [ 0.08  0.45  0.89 -0.01]
 [-0.36 -0.82  0.45  0.89]
 [ 0.    0.    0.    1.  ]]
2025-04-28T17:30:44.928289 - Pose:
tensor([[[ 0.9313, -0.3516,  0.0950,  0.1861],
         [ 0.0799,  0.4517,  0.8886, -0.0046],
         [-0.3553, -0.8200,  0.4488,  0.8941],
         [ 0.0000,  0.0000,  0.0000,  1.0000]]])
2025-04-28T17:30:44.996482 - Final transform:
[[ 0.92 -0.39  0.1   0.19]
 [ 0.1   0.47  0.88 -0.01]
 [-0.39 -0.79  0.47  0.89]
 [ 0.    0.    0.    1.  ]]
2025-04-28T17:30:44.996482 - Pose:
tensor([[[ 0.9154, -0.3897,  0.1007,  0.1840],
         [ 0.1017,  0.4661,  0.8789, -0.0043],
         [-0.3894, -0.7943,  0.4663,  0.8972],
         [ 0.0000,  0.0000,  0.0000,  1.0000]]])
2025-04-28T17:30:45.066355 - Final transform:
[[ 0.9  -0.42  0.1   0.19]
 [ 0.11  0.46  0.88 -0.01]
 [-0.41 -0.78  0.46  0.89]
 [ 0.    0.    0.    1.  ]]
2025-04-28T17:30:45.066355 - Pose:
tensor([[[ 0.9039, -0.4158,  0.1002,  0.1835],
         [ 0.1142,  0.4605,  0.8803, -0.0044],
         [-0.4122, -0.7843,  0.4637,  0.8932],
         [ 0.0000,  0.0000,  0.0000,  1.0000]]])
2025-04-28T17:30:45.132079 - Final transform:
[[ 0.9  -0.42  0.1   0.19]
 [ 0.12  0.46  0.88 -0.01]
 [-0.41 -0.78  0.47  0.89]
 [ 0.    0.    0.    1.  ]]
2025-04-28T17:30:45.132079 - Pose:
tensor([[[ 0.9023, -0.4203,  0.0956,  0.1839],
         [ 0.1223,  0.4622,  0.8783, -0.0040],
         [-0.4133, -0.7808,  0.4685,  0.8945],
         [ 0.0000,  0.0000,  0.0000,  1.0000]]])
2025-04-28T17:30:45.200919 - Final transform:
[[ 0.93 -0.36  0.09  0.19]
 [ 0.09  0.46  0.88 -0.01]
 [-0.36 -0.81  0.46  0.89]
 [ 0.    0.    0.    1.  ]]
2025-04-28T17:30:45.200919 - Pose:
tensor([[[ 0.9283, -0.3594,  0.0950,  0.1832],
         [ 0.0877,  0.4601,  0.8835, -0.0042],
         [-0.3612, -0.8119,  0.4587,  0.8953],
         [ 0.0000,  0.0000,  0.0000,  1.0000]]])
2025-04-28T17:30:45.268826 - Final transform:
[[ 0.92 -0.38  0.1   0.19]
 [ 0.09  0.45  0.89 -0.01]
 [-0.39 -0.81  0.45  0.89]
 [ 0.    0.    0.    1.  ]]
2025-04-28T17:30:45.268826 - Pose:
tensor([[[ 0.9181, -0.3833,  0.1009,  0.1836],
         [ 0.0909,  0.4515,  0.8876, -0.0047],
         [-0.3858, -0.8058,  0.4494,  0.8961],
         [ 0.0000,  0.0000,  0.0000,  1.0000]]])
2025-04-28T17:30:45.335844 - Final transform:
[[ 0.93 -0.36  0.1   0.19]
 [ 0.08  0.45  0.89 -0.01]
 [-0.37 -0.81  0.45  0.89]
 [ 0.    0.    0.    1.  ]]
2025-04-28T17:30:45.335844 - Pose:
tensor([[[ 0.9259, -0.3637,  0.1019,  0.1850],
         [ 0.0796,  0.4515,  0.8887, -0.0044],
         [-0.3693, -0.8148,  0.4470,  0.8938],
         [ 0.0000,  0.0000,  0.0000,  1.0000]]])
2025-04-28T17:30:45.403393 - Final transform:
[[ 0.93 -0.36  0.08  0.19]
 [ 0.11  0.47  0.88 -0.01]
 [-0.35 -0.81  0.47  0.89]
 [ 0.    0.    0.    1.  ]]
2025-04-28T17:30:45.403393 - Pose:
tensor([[[ 0.9287, -0.3630,  0.0761,  0.1867],
         [ 0.1098,  0.4652,  0.8784, -0.0046],
         [-0.3542, -0.8074,  0.4719,  0.8935],
         [ 0.0000,  0.0000,  0.0000,  1.0000]]])
2025-04-28T17:30:45.473401 - Final transform:
[[ 0.9  -0.43  0.08  0.19]
 [ 0.13  0.44  0.89 -0.01]
 [-0.42 -0.79  0.45  0.89]
 [ 0.    0.    0.    1.  ]]
2025-04-28T17:30:45.473401 - Pose:
tensor([[[ 0.8975, -0.4337,  0.0800,  0.1850],
         [ 0.1334,  0.4401,  0.8880, -0.0039],
         [-0.4203, -0.7863,  0.4528,  0.8939],
         [ 0.0000,  0.0000,  0.0000,  1.0000]]])
2025-04-28T17:30:45.541573 - Final transform:
[[ 0.91 -0.4   0.08  0.19]
 [ 0.12  0.46  0.88 -0.01]
 [-0.39 -0.79  0.47  0.89]
 [ 0.    0.    0.    1.  ]]
2025-04-28T17:30:45.541573 - Pose:
tensor([[[ 0.9128, -0.3997,  0.0834,  0.1840],
         [ 0.1219,  0.4618,  0.8786, -0.0041],
         [-0.3897, -0.7919,  0.4702,  0.8951],
         [ 0.0000,  0.0000,  0.0000,  1.0000]]])
2025-04-28T17:30:45.610435 - Final transform:
[[ 0.89 -0.44  0.1   0.19]
 [ 0.14  0.48  0.87 -0.01]
 [-0.43 -0.76  0.49  0.89]
 [ 0.    0.    0.    1.  ]]
2025-04-28T17:30:45.610435 - Pose:
tensor([[[ 0.8944, -0.4366,  0.0974,  0.1837],
         [ 0.1376,  0.4756,  0.8688, -0.0040],
         [-0.4256, -0.7637,  0.4855,  0.8957],
         [ 0.0000,  0.0000,  0.0000,  1.0000]]])
2025-04-28T17:30:45.676420 - Final transform:
[[ 0.92 -0.38  0.1   0.19]
 [ 0.11  0.49  0.87 -0.01]
 [-0.38 -0.78  0.49  0.89]
 [ 0.    0.    0.    1.  ]]
2025-04-28T17:30:45.676420 - Pose:
tensor([[[ 0.9172, -0.3847,  0.1036,  0.1841],
         [ 0.1066,  0.4875,  0.8666, -0.0035],
         [-0.3839, -0.7838,  0.4882,  0.8977],
         [ 0.0000,  0.0000,  0.0000,  1.0000]]])
2025-04-28T17:30:45.742462 - Final transform:
[[ 0.93 -0.36  0.11  0.19]
 [ 0.08  0.46  0.88 -0.01]
 [-0.37 -0.81  0.45  0.89]
 [ 0.    0.    0.    1.  ]]
2025-04-28T17:30:45.742462 - Pose:
tensor([[[ 0.9257, -0.3623,  0.1086,  0.1847],
         [ 0.0769,  0.4614,  0.8838, -0.0053],
         [-0.3703, -0.8099,  0.4550,  0.8968],
         [ 0.0000,  0.0000,  0.0000,  1.0000]]])
2025-04-28T17:30:45.808663 - Final transform:
[[ 0.9  -0.41  0.1   0.19]
 [ 0.11  0.46  0.88 -0.01]
 [-0.41 -0.79  0.46  0.89]
 [ 0.    0.    0.    1.  ]]
2025-04-28T17:30:45.808663 - Pose:
tensor([[[ 0.9048, -0.4131,  0.1035,  0.1841],
         [ 0.1082,  0.4582,  0.8822, -0.0045],
         [-0.4119, -0.7870,  0.4593,  0.8924],
         [ 0.0000,  0.0000,  0.0000,  1.0000]]])
2025-04-28T17:30:45.874434 - Final transform:
[[ 0.9  -0.43  0.08  0.19]
 [ 0.13  0.44  0.89 -0.01]
 [-0.42 -0.79  0.45  0.89]
 [ 0.    0.    0.    1.  ]]
2025-04-28T17:30:45.874434 - Pose:
tensor([[[ 0.8984, -0.4324,  0.0763,  0.1847],
         [ 0.1341,  0.4357,  0.8901, -0.0042],
         [-0.4181, -0.7894,  0.4494,  0.8963],
         [ 0.0000,  0.0000,  0.0000,  1.0000]]])
2025-04-28T17:30:45.943607 - Final transform:
[[ 0.91 -0.4   0.11  0.19]
 [ 0.09  0.45  0.89 -0.01]
 [-0.41 -0.8   0.45  0.89]
 [ 0.    0.    0.    1.  ]]
2025-04-28T17:30:45.943607 - Pose:
tensor([[[ 0.9087, -0.4032,  0.1079,  0.1834],
         [ 0.0937,  0.4491,  0.8886, -0.0045],
         [-0.4067, -0.7973,  0.4459,  0.8933],
         [ 0.0000,  0.0000,  0.0000,  1.0000]]])
2025-04-28T17:30:46.011182 - Final transform:
[[ 0.91 -0.41  0.12  0.19]
 [ 0.1   0.47  0.87 -0.01]
 [-0.41 -0.78  0.47  0.89]
 [ 0.    0.    0.    1.  ]]
2025-04-28T17:30:46.011182 - Pose:
tensor([[[ 0.9053, -0.4072,  0.1209,  0.1836],
         [ 0.0967,  0.4747,  0.8748, -0.0040],
         [-0.4136, -0.7803,  0.4692,  0.8950],
         [ 0.0000,  0.0000,  0.0000,  1.0000]]])
2025-04-28T17:30:46.079669 - Final transform:
[[ 0.9  -0.43  0.11  0.19]
 [ 0.12  0.47  0.88 -0.01]
 [-0.42 -0.78  0.47  0.89]
 [ 0.    0.    0.    1.  ]]
2025-04-28T17:30:46.079669 - Pose:
tensor([[[ 0.8987, -0.4251,  0.1080,  0.1830],
         [ 0.1156,  0.4670,  0.8767, -0.0041],
         [-0.4231, -0.7754,  0.4688,  0.8959],
         [ 0.0000,  0.0000,  0.0000,  1.0000]]])
2025-04-28T17:30:46.144301 - Final transform:
[[ 0.91 -0.4   0.11  0.19]
 [ 0.1   0.45  0.89 -0.01]
 [-0.4  -0.8   0.45  0.89]
 [ 0.    0.    0.    1.  ]]
2025-04-28T17:30:46.144301 - Pose:
tensor([[[ 0.9106, -0.3996,  0.1057,  0.1828],
         [ 0.0956,  0.4526,  0.8866, -0.0050],
         [-0.4021, -0.7972,  0.4503,  0.8950],
         [ 0.0000,  0.0000,  0.0000,  1.0000]]])
2025-04-28T17:30:46.219661 - Final transform:
[[ 0.87 -0.48  0.1   0.19]
 [ 0.14  0.44  0.89 -0.01]
 [-0.47 -0.76  0.45  0.89]
 [ 0.    0.    0.    1.  ]]
2025-04-28T17:30:46.219661 - Pose:
tensor([[[ 0.8694, -0.4839,  0.0999,  0.1843],
         [ 0.1441,  0.4418,  0.8855, -0.0039],
         [-0.4726, -0.7554,  0.4538,  0.8941],
         [ 0.0000,  0.0000,  0.0000,  1.0000]]])
2025-04-28T17:30:46.287285 - Final transform:
[[ 0.92 -0.39  0.1   0.19]
 [ 0.1   0.47  0.88 -0.01]
 [-0.39 -0.79  0.47  0.89]
 [ 0.    0.    0.    1.  ]]
2025-04-28T17:30:46.287285 - Pose:
tensor([[[ 0.9169, -0.3852,  0.1044,  0.1848],
         [ 0.0970,  0.4689,  0.8779, -0.0043],
         [-0.3871, -0.7949,  0.4673,  0.8944],
         [ 0.0000,  0.0000,  0.0000,  1.0000]]])
2025-04-28T17:30:46.358974 - Final transform:
[[ 0.91 -0.4   0.09  0.19]
 [ 0.12  0.47  0.87 -0.01]
 [-0.39 -0.79  0.48  0.89]
 [ 0.    0.    0.    1.  ]]
2025-04-28T17:30:46.358974 - Pose:
tensor([[[ 0.9126, -0.3978,  0.0947,  0.1847],
         [ 0.1158,  0.4735,  0.8731, -0.0037],
         [-0.3922, -0.7858,  0.4782,  0.8958],
         [ 0.0000,  0.0000,  0.0000,  1.0000]]])
2025-04-28T17:30:46.432428 - Final transform:
[[ 0.93 -0.36  0.09  0.19]
 [ 0.09  0.46  0.88 -0.01]
 [-0.36 -0.81  0.46  0.89]
 [ 0.    0.    0.    1.  ]]
2025-04-28T17:30:46.432428 - Pose:
tensor([[[ 0.9293, -0.3576,  0.0919,  0.1860],
         [ 0.0896,  0.4598,  0.8835, -0.0043],
         [-0.3582, -0.8128,  0.4594,  0.8931],
         [ 0.0000,  0.0000,  0.0000,  1.0000]]])
2025-04-28T17:30:46.501943 - Final transform:
[[ 0.92 -0.38  0.11  0.19]
 [ 0.09  0.47  0.88 -0.01]
 [-0.38 -0.8   0.47  0.89]
 [ 0.    0.    0.    1.  ]]
2025-04-28T17:30:46.501943 - Pose:
tensor([[[ 0.9196, -0.3770,  0.1102,  0.1851],
         [ 0.0887,  0.4727,  0.8767, -0.0038],
         [-0.3826, -0.7965,  0.4682,  0.8921],
         [ 0.0000,  0.0000,  0.0000,  1.0000]]])
2025-04-28T17:30:46.570334 - Final transform:
[[ 0.92 -0.38  0.09  0.19]
 [ 0.1   0.45  0.89 -0.01]
 [-0.38 -0.81  0.45  0.89]
 [ 0.    0.    0.    1.  ]]
2025-04-28T17:30:46.570334 - Pose:
tensor([[[ 0.9194, -0.3823,  0.0927,  0.1844],
         [ 0.0989,  0.4528,  0.8861, -0.0045],
         [-0.3807, -0.8055,  0.4541,  0.8953],
         [ 0.0000,  0.0000,  0.0000,  1.0000]]])
2025-04-28T17:30:46.636719 - Final transform:
[[ 0.92 -0.38  0.1   0.19]
 [ 0.1   0.47  0.88 -0.01]
 [-0.38 -0.8   0.47  0.89]
 [ 0.    0.    0.    1.  ]]
2025-04-28T17:30:46.636719 - Pose:
tensor([[[ 0.9210, -0.3777,  0.0955,  0.1848],
         [ 0.1014,  0.4690,  0.8774, -0.0046],
         [-0.3761, -0.7984,  0.4702,  0.8952],
         [ 0.0000,  0.0000,  0.0000,  1.0000]]])
2025-04-28T17:30:46.702966 - Final transform:
[[ 0.92 -0.39  0.11  0.19]
 [ 0.09  0.46  0.88 -0.01]
 [-0.39 -0.8   0.46  0.89]
 [ 0.    0.    0.    1.  ]]
2025-04-28T17:30:46.702966 - Pose:
tensor([[[ 0.9161, -0.3856,  0.1099,  0.1845],
         [ 0.0899,  0.4647,  0.8809, -0.0047],
         [-0.3908, -0.7971,  0.4604,  0.8954],
         [ 0.0000,  0.0000,  0.0000,  1.0000]]])
2025-04-28T17:30:46.768364 - Final transform:
[[ 0.93 -0.37  0.09  0.19]
 [ 0.09  0.44  0.89 -0.01]
 [-0.37 -0.82  0.44  0.89]
 [ 0.    0.    0.    1.  ]]
2025-04-28T17:30:46.768364 - Pose:
tensor([[[ 0.9264, -0.3650,  0.0921,  0.1842],
         [ 0.0866,  0.4448,  0.8915, -0.0045],
         [-0.3664, -0.8179,  0.4436,  0.8937],
         [ 0.0000,  0.0000,  0.0000,  1.0000]]])
2025-04-28T17:30:46.833129 - Final transform:
[[ 0.9  -0.44  0.09  0.19]
 [ 0.12  0.43  0.89 -0.01]
