2025-04-28T17:35:19.982563 - Final transform:
[[-0.95  0.32  0.06  0.03]
 [-0.08 -0.41  0.91 -0.05]
 [ 0.31  0.86  0.41  0.92]
 [ 0.    0.    0.    1.  ]]
2025-04-28T17:35:19.982563 - Pose:
tensor([[[-0.9467,  0.3167,  0.0588,  0.0350],
         [-0.0793, -0.4059,  0.9105, -0.0465],
         [ 0.3122,  0.8573,  0.4094,  0.9241],
         [ 0.0000,  0.0000,  0.0000,  1.0000]]])
2025-04-28T17:35:20.051487 - Final transform:
[[-0.96  0.28  0.06  0.03]
 [-0.07 -0.41  0.91 -0.05]
 [ 0.28  0.87  0.41  0.92]
 [ 0.    0.    0.    1.  ]]
2025-04-28T17:35:20.051487 - Pose:
tensor([[[-0.9579,  0.2814,  0.0576,  0.0345],
         [-0.0658, -0.4101,  0.9097, -0.0460],
         [ 0.2796,  0.8675,  0.4113,  0.9239],
         [ 0.0000,  0.0000,  0.0000,  1.0000]]])
2025-04-28T17:35:20.121089 - Final transform:
[[-0.95  0.3   0.07  0.03]
 [-0.06 -0.41  0.91 -0.05]
 [ 0.3   0.86  0.41  0.92]
 [ 0.    0.    0.    1.  ]]
2025-04-28T17:35:20.121089 - Pose:
tensor([[[-0.9524,  0.2974,  0.0674,  0.0350],
         [-0.0645, -0.4123,  0.9088, -0.0471],
         [ 0.2981,  0.8611,  0.4118,  0.9241],
         [ 0.0000,  0.0000,  0.0000,  1.0000]]])
2025-04-28T17:35:20.188905 - Final transform:
[[-0.94  0.34  0.04  0.03]
 [-0.1  -0.38  0.92 -0.05]
 [ 0.33  0.86  0.39  0.93]
 [ 0.    0.    0.    1.  ]]
2025-04-28T17:35:20.188905 - Pose:
tensor([[[-0.9384,  0.3432,  0.0417,  0.0352],
         [-0.0978, -0.3792,  0.9202, -0.0470],
         [ 0.3316,  0.8593,  0.3893,  0.9264],
         [ 0.0000,  0.0000,  0.0000,  1.0000]]])
2025-04-28T17:35:20.257264 - Final transform:
[[-0.94  0.33  0.04  0.03]
 [-0.1  -0.41  0.91 -0.05]
 [ 0.32  0.85  0.42  0.92]
 [ 0.    0.    0.    1.  ]]
2025-04-28T17:35:20.257264 - Pose:
tensor([[[-0.9435,  0.3283,  0.0450,  0.0351],
         [-0.0984, -0.4071,  0.9081, -0.0466],
         [ 0.3164,  0.8523,  0.4164,  0.9230],
         [ 0.0000,  0.0000,  0.0000,  1.0000]]])
2025-04-28T17:35:20.326350 - Final transform:
[[-0.94  0.34  0.06  0.03]
 [-0.09 -0.39  0.92 -0.05]
 [ 0.34  0.86  0.39  0.93]
 [ 0.    0.    0.    1.  ]]
2025-04-28T17:35:20.326350 - Pose:
tensor([[[-0.9378,  0.3429,  0.0551,  0.0349],
         [-0.0880, -0.3882,  0.9174, -0.0464],
         [ 0.3359,  0.8554,  0.3942,  0.9262],
         [ 0.0000,  0.0000,  0.0000,  1.0000]]])
2025-04-28T17:35:20.392961 - Final transform:
[[-0.95  0.32  0.05  0.03]
 [-0.08 -0.4   0.91 -0.05]
 [ 0.31  0.86  0.4   0.93]
 [ 0.    0.    0.    1.  ]]
2025-04-28T17:35:20.392961 - Pose:
tensor([[[-0.9474,  0.3159,  0.0513,  0.0350],
         [-0.0832, -0.3978,  0.9137, -0.0467],
         [ 0.3090,  0.8614,  0.4032,  0.9249],
         [ 0.0000,  0.0000,  0.0000,  1.0000]]])
2025-04-28T17:35:20.461956 - Final transform:
[[-0.95  0.31  0.05  0.03]
 [-0.08 -0.41  0.91 -0.05]
 [ 0.31  0.86  0.41  0.92]
 [ 0.    0.    0.    1.  ]]
2025-04-28T17:35:20.461956 - Pose:
tensor([[[-0.9483,  0.3129,  0.0535,  0.0348],
         [-0.0824, -0.4054,  0.9104, -0.0464],
         [ 0.3065,  0.8589,  0.4102,  0.9235],
         [ 0.0000,  0.0000,  0.0000,  1.0000]]])
2025-04-28T17:35:20.529094 - Final transform:
[[-0.95  0.31  0.05  0.03]
 [-0.08 -0.39  0.92 -0.05]
 [ 0.3   0.87  0.39  0.93]
 [ 0.    0.    0.    1.  ]]
2025-04-28T17:35:20.529094 - Pose:
tensor([[[-0.9503,  0.3074,  0.0500,  0.0351],
         [-0.0780, -0.3903,  0.9174, -0.0468],
         [ 0.3016,  0.8679,  0.3948,  0.9264],
         [ 0.0000,  0.0000,  0.0000,  1.0000]]])
2025-04-28T17:35:20.595748 - Final transform:
[[-0.95  0.31  0.04  0.03]
 [-0.08 -0.38  0.92 -0.05]
 [ 0.31  0.87  0.38  0.93]
 [ 0.    0.    0.    1.  ]]
2025-04-28T17:35:20.595748 - Pose:
tensor([[[-0.9488,  0.3126,  0.0447,  0.0351],
         [-0.0809, -0.3774,  0.9225, -0.0471],
         [ 0.3052,  0.8717,  0.3834,  0.9262],
         [ 0.0000,  0.0000,  0.0000,  1.0000]]])
2025-04-28T17:35:20.667719 - Final transform:
[[-0.95  0.31  0.05  0.03]
 [-0.08 -0.4   0.91 -0.05]
 [ 0.3   0.86  0.41  0.92]
 [ 0.    0.    0.    1.  ]]
2025-04-28T17:35:20.667719 - Pose:
tensor([[[-0.9495,  0.3093,  0.0534,  0.0349],
         [-0.0798, -0.4024,  0.9120, -0.0466],
         [ 0.3035,  0.8616,  0.4068,  0.9245],
         [ 0.0000,  0.0000,  0.0000,  1.0000]]])
2025-04-28T17:35:20.745456 - Final transform:
[[-0.94  0.33  0.05  0.03]
 [-0.08 -0.37  0.93 -0.05]
 [ 0.32  0.87  0.37  0.93]
 [ 0.    0.    0.    1.  ]]
2025-04-28T17:35:20.745456 - Pose:
tensor([[[-0.9428,  0.3295,  0.0510,  0.0352],
         [-0.0780, -0.3668,  0.9270, -0.0469],
         [ 0.3242,  0.8700,  0.3716,  0.9266],
         [ 0.0000,  0.0000,  0.0000,  1.0000]]])
2025-04-28T17:35:20.811296 - Final transform:
[[-0.94  0.33  0.05  0.03]
 [-0.09 -0.38  0.92 -0.05]
 [ 0.32  0.86  0.39  0.93]
 [ 0.    0.    0.    1.  ]]
2025-04-28T17:35:20.811296 - Pose:
tensor([[[-0.9439,  0.3268,  0.0472,  0.0348],
         [-0.0869, -0.3838,  0.9193, -0.0467],
         [ 0.3185,  0.8637,  0.3907,  0.9252],
         [ 0.0000,  0.0000,  0.0000,  1.0000]]])
2025-04-28T17:35:20.878173 - Final transform:
[[-0.95  0.32  0.05  0.03]
 [-0.08 -0.38  0.92 -0.05]
 [ 0.32  0.87  0.39  0.93]
 [ 0.    0.    0.    1.  ]]
2025-04-28T17:35:20.878173 - Pose:
tensor([[[-0.9456,  0.3211,  0.0520,  0.0348],
         [-0.0800, -0.3844,  0.9197, -0.0465],
         [ 0.3153,  0.8655,  0.3891,  0.9252],
         [ 0.0000,  0.0000,  0.0000,  1.0000]]])
2025-04-28T17:35:20.947838 - Final transform:
[[-0.95  0.31  0.05  0.03]
 [-0.08 -0.41  0.91 -0.05]
 [ 0.3   0.86  0.41  0.92]
 [ 0.    0.    0.    1.  ]]
2025-04-28T17:35:20.947838 - Pose:
tensor([[[-0.9508,  0.3054,  0.0518,  0.0347],
         [-0.0814, -0.4075,  0.9096, -0.0461],
         [ 0.2989,  0.8606,  0.4123,  0.9239],
         [ 0.0000,  0.0000,  0.0000,  1.0000]]])
2025-04-28T17:35:21.013718 - Final transform:
[[-0.95  0.3   0.04  0.03]
 [-0.08 -0.38  0.92 -0.05]
 [ 0.29  0.87  0.39  0.93]
 [ 0.    0.    0.    1.  ]]
2025-04-28T17:35:21.013718 - Pose:
tensor([[[-0.9527,  0.3012,  0.0415,  0.0350],
         [-0.0816, -0.3848,  0.9194, -0.0463],
         [ 0.2929,  0.8725,  0.3911,  0.9259],
         [ 0.0000,  0.0000,  0.0000,  1.0000]]])
2025-04-28T17:35:21.080727 - Final transform:
[[-0.95  0.3   0.05  0.03]
 [-0.08 -0.39  0.92 -0.05]
 [ 0.29  0.87  0.39  0.93]
 [ 0.    0.    0.    1.  ]]
2025-04-28T17:35:21.080727 - Pose:
tensor([[[-0.9539,  0.2964,  0.0474,  0.0351],
         [-0.0752, -0.3889,  0.9182, -0.0463],
         [ 0.2906,  0.8723,  0.3933,  0.9255],
         [ 0.0000,  0.0000,  0.0000,  1.0000]]])
2025-04-28T17:35:21.147197 - Final transform:
[[-0.94  0.32  0.05  0.03]
 [-0.09 -0.39  0.92 -0.05]
 [ 0.32  0.86  0.4   0.93]
 [ 0.    0.    0.    1.  ]]
2025-04-28T17:35:21.147197 - Pose:
tensor([[[-0.9450,  0.3238,  0.0467,  0.0350],
         [-0.0885, -0.3903,  0.9164, -0.0472],
         [ 0.3150,  0.8618,  0.3975,  0.9252],
         [ 0.0000,  0.0000,  0.0000,  1.0000]]])
2025-04-28T17:35:21.215024 - Final transform:
[[-0.95  0.32  0.06  0.03]
 [-0.07 -0.4   0.91 -0.05]
 [ 0.31  0.86  0.4   0.93]
 [ 0.    0.    0.    1.  ]]
2025-04-28T17:35:21.215024 - Pose:
tensor([[[-0.9470,  0.3154,  0.0603,  0.0351],
         [-0.0739, -0.3967,  0.9150, -0.0468],
         [ 0.3125,  0.8620,  0.3990,  0.9250],
         [ 0.0000,  0.0000,  0.0000,  1.0000]]])
2025-04-28T17:35:21.283692 - Final transform:
[[-0.94  0.34  0.05  0.03]
 [-0.1  -0.41  0.91 -0.05]
 [ 0.33  0.85  0.41  0.92]
 [ 0.    0.    0.    1.  ]]
2025-04-28T17:35:21.283692 - Pose:
tensor([[[-0.9380,  0.3430,  0.0511,  0.0352],
         [-0.0988, -0.4056,  0.9087, -0.0465],
         [ 0.3324,  0.8473,  0.4143,  0.9233],
         [ 0.0000,  0.0000,  0.0000,  1.0000]]])
2025-04-28T17:35:21.349131 - Final transform:
[[-0.95  0.31  0.05  0.03]
 [-0.09 -0.4   0.91 -0.05]
 [ 0.3   0.86  0.4   0.92]
 [ 0.    0.    0.    1.  ]]
2025-04-28T17:35:21.349131 - Pose:
tensor([[[-0.9488,  0.3125,  0.0457,  0.0351],
         [-0.0869, -0.3973,  0.9136, -0.0468],
         [ 0.3037,  0.8628,  0.4041,  0.9243],
         [ 0.0000,  0.0000,  0.0000,  1.0000]]])
2025-04-28T17:35:21.415536 - Final transform:
[[-0.95  0.3   0.04  0.03]
 [-0.09 -0.4   0.91 -0.05]
 [ 0.29  0.87  0.4   0.93]
 [ 0.    0.    0.    1.  ]]
2025-04-28T17:35:21.415536 - Pose:
tensor([[[-0.9532,  0.2995,  0.0405,  0.0350],
         [-0.0861, -0.3977,  0.9135, -0.0461],
         [ 0.2897,  0.8673,  0.4049,  0.9252],
         [ 0.0000,  0.0000,  0.0000,  1.0000]]])
2025-04-28T17:35:21.486525 - Final transform:
[[-0.94  0.33  0.06  0.03]
 [-0.08 -0.39  0.92 -0.05]
 [ 0.32  0.86  0.4   0.92]
 [ 0.    0.    0.    1.  ]]
2025-04-28T17:35:21.486525 - Pose:
tensor([[[-0.9426,  0.3290,  0.0579,  0.0348],
         [-0.0807, -0.3924,  0.9163, -0.0465],
         [ 0.3241,  0.8590,  0.3964,  0.9241],
         [ 0.0000,  0.0000,  0.0000,  1.0000]]])
2025-04-28T17:35:21.554479 - Final transform:
[[-0.95  0.31  0.06  0.03]
 [-0.08 -0.4   0.91 -0.05]
 [ 0.31  0.86  0.41  0.92]
 [ 0.    0.    0.    1.  ]]
2025-04-28T17:35:21.554479 - Pose:
tensor([[[-0.9488,  0.3104,  0.0584,  0.0354],
         [-0.0760, -0.4038,  0.9117, -0.0469],
         [ 0.3066,  0.8606,  0.4067,  0.9242],
         [ 0.0000,  0.0000,  0.0000,  1.0000]]])
2025-04-28T17:35:21.620327 - Final transform:
[[-0.93  0.37  0.06  0.03]
 [-0.11 -0.41  0.91 -0.05]
 [ 0.36  0.83  0.42  0.93]
 [ 0.    0.    0.    1.  ]]
2025-04-28T17:35:21.620327 - Pose:
tensor([[[-0.9257,  0.3734,  0.0601,  0.0352],
         [-0.1058, -0.4083,  0.9067, -0.0462],
         [ 0.3631,  0.8330,  0.4175,  0.9255],
         [ 0.0000,  0.0000,  0.0000,  1.0000]]])
2025-04-28T17:35:21.698091 - Final transform:
[[-0.95  0.31  0.05  0.03]
 [-0.08 -0.39  0.92 -0.05]
 [ 0.31  0.86  0.4   0.93]
 [ 0.    0.    0.    1.  ]]
2025-04-28T17:35:21.698091 - Pose:
tensor([[[-0.9483,  0.3137,  0.0493,  0.0351],
         [-0.0823, -0.3926,  0.9160, -0.0468],
         [ 0.3067,  0.8646,  0.3981,  0.9255],
         [ 0.0000,  0.0000,  0.0000,  1.0000]]])
2025-04-28T17:35:21.764170 - Final transform:
[[-0.94  0.32  0.06  0.03]
 [-0.08 -0.4   0.91 -0.05]
 [ 0.32  0.86  0.4   0.93]
 [ 0.    0.    0.    1.  ]]
2025-04-28T17:35:21.764170 - Pose:
tensor([[[-0.9449,  0.3224,  0.0567,  0.0352],
         [-0.0811, -0.3984,  0.9136, -0.0467],
         [ 0.3172,  0.8587,  0.4026,  0.9255],
         [ 0.0000,  0.0000,  0.0000,  1.0000]]])
2025-04-28T17:35:21.830680 - Final transform:
[[-0.95  0.32  0.05  0.03]
 [-0.09 -0.39  0.92 -0.05]
 [ 0.31  0.86  0.4   0.92]
 [ 0.    0.    0.    1.  ]]
2025-04-28T17:35:21.830680 - Pose:
tensor([[[-0.9455,  0.3223,  0.0461,  0.0353],
         [-0.0892, -0.3925,  0.9154, -0.0469],
         [ 0.3131,  0.8614,  0.3999,  0.9242],
         [ 0.0000,  0.0000,  0.0000,  1.0000]]])
2025-04-28T17:35:21.895053 - Final transform:
[[-0.95  0.3   0.05  0.03]
 [-0.07 -0.39  0.92 -0.05]
 [ 0.29  0.87  0.39  0.93]
 [ 0.    0.    0.    1.  ]]
2025-04-28T17:35:21.895053 - Pose:
tensor([[[-0.9543,  0.2951,  0.0478,  0.0348],
         [-0.0739, -0.3878,  0.9188, -0.0466],
         [ 0.2897,  0.8732,  0.3919,  0.9253],
         [ 0.0000,  0.0000,  0.0000,  1.0000]]])
2025-04-28T17:35:21.961341 - Final transform:
[[-0.94  0.33  0.06  0.03]
 [-0.08 -0.39  0.92 -0.05]
 [ 0.33  0.86  0.4   0.93]
 [ 0.    0.    0.    1.  ]]
2025-04-28T17:35:21.961341 - Pose:
tensor([[[-0.9408,  0.3342,  0.0571,  0.0352],
         [-0.0840, -0.3930,  0.9157, -0.0470],
         [ 0.3285,  0.8567,  0.3978,  0.9260],
         [ 0.0000,  0.0000,  0.0000,  1.0000]]])
2025-04-28T17:35:22.028012 - Final transform:
[[-0.95  0.32  0.06  0.03]
 [-0.07 -0.4   0.91 -0.05]
 [ 0.31  0.86  0.41  0.93]
 [ 0.    0.    0.    1.  ]]
2025-04-28T17:35:22.028012 - Pose:
tensor([[[-0.9469,  0.3154,  0.0631,  0.0354],
         [-0.0740, -0.4046,  0.9115, -0.0468],
         [ 0.3130,  0.8584,  0.4064,  0.9257],
         [ 0.0000,  0.0000,  0.0000,  1.0000]]])
2025-04-28T17:35:22.096976 - Final transform:
[[-0.95  0.3   0.05  0.03]
 [-0.08 -0.4   0.91 -0.05]
 [ 0.3   0.87  0.4   0.93]
 [ 0.    0.    0.    1.  ]]
2025-04-28T17:35:22.096976 - Pose:
tensor([[[-0.9517,  0.3025,  0.0516,  0.0350],
         [-0.0767, -0.3972,  0.9145, -0.0469],
         [ 0.2972,  0.8664,  0.4012,  0.9254],
         [ 0.0000,  0.0000,  0.0000,  1.0000]]])
2025-04-28T17:35:22.164886 - Final transform:
[[-0.95  0.31  0.06  0.03]
 [-0.07 -0.4   0.91 -0.05]
 [ 0.3   0.86  0.41  0.93]
 [ 0.    0.    0.    1.  ]]
2025-04-28T17:35:22.164886 - Pose:
tensor([[[-0.9498,  0.3070,  0.0593,  0.0348],
         [-0.0737, -0.4042,  0.9117, -0.0465],
         [ 0.3039,  0.8616,  0.4066,  0.9252],
         [ 0.0000,  0.0000,  0.0000,  1.0000]]])
2025-04-28T17:35:22.229909 - Final transform:
[[-0.96  0.28  0.05  0.03]
 [-0.07 -0.39  0.92 -0.05]
 [ 0.28  0.87  0.4   0.92]
 [ 0.    0.    0.    1.  ]]
2025-04-28T17:35:22.229909 - Pose:
tensor([[[-0.9574,  0.2847,  0.0479,  0.0347],
         [-0.0713, -0.3939,  0.9164, -0.0467],
         [ 0.2798,  0.8739,  0.3974,  0.9248],
         [ 0.0000,  0.0000,  0.0000,  1.0000]]])
2025-04-28T17:35:22.306280 - Final transform:
[[-0.94  0.33  0.05  0.03]
 [-0.09 -0.4   0.91 -0.05]
 [ 0.32  0.86  0.4   0.92]
 [ 0.    0.    0.    1.  ]]
2025-04-28T17:35:22.306280 - Pose:
tensor([[[-0.9419,  0.3327,  0.0464,  0.0353],
         [-0.0950, -0.3962,  0.9133, -0.0466],
         [ 0.3222,  0.8558,  0.4047,  0.9248],
         [ 0.0000,  0.0000,  0.0000,  1.0000]]])
2025-04-28T17:35:22.377967 - Final transform:
[[-0.95  0.31  0.05  0.03]
 [-0.08 -0.38  0.92 -0.05]
 [ 0.3   0.87  0.39  0.93]
 [ 0.    0.    0.    1.  ]]
2025-04-28T17:35:22.377967 - Pose:
tensor([[[-0.9504,  0.3074,  0.0476,  0.0352],
         [-0.0771, -0.3810,  0.9213, -0.0473],
         [ 0.3014,  0.8720,  0.3858,  0.9263],
         [ 0.0000,  0.0000,  0.0000,  1.0000]]])
2025-04-28T17:35:22.442960 - Final transform:
[[-0.95  0.32  0.04  0.03]
 [-0.09 -0.39  0.92 -0.05]
 [ 0.31  0.86  0.4   0.93]
 [ 0.    0.    0.    1.  ]]
2025-04-28T17:35:22.442960 - Pose:
tensor([[[-0.9450,  0.3242,  0.0422,  0.0350],
         [-0.0928, -0.3898,  0.9162, -0.0472],
         [ 0.3135,  0.8619,  0.3985,  0.9269],
         [ 0.0000,  0.0000,  0.0000,  1.0000]]])
2025-04-28T17:35:22.512905 - Final transform:
[[-0.95  0.32  0.04  0.03]
 [-0.09 -0.39  0.92 -0.05]
 [ 0.31  0.86  0.4   0.93]
 [ 0.    0.    0.    1.  ]]
2025-04-28T17:35:22.512905 - Pose:
tensor([[[-0.9481,  0.3153,  0.0419,  0.0354],
         [-0.0895, -0.3909,  0.9161, -0.0468],
         [ 0.3052,  0.8648,  0.3988,  0.9255],
         [ 0.0000,  0.0000,  0.0000,  1.0000]]])
2025-04-28T17:35:22.582432 - Final transform:
[[-0.94  0.34  0.04  0.03]
 [-0.09 -0.38  0.92 -0.05]
 [ 0.33  0.86  0.39  0.93]
 [ 0.    0.    0.    1.  ]]
2025-04-28T17:35:22.582432 - Pose:
tensor([[[-0.9401,  0.3382,  0.0437,  0.0354],
         [-0.0944, -0.3813,  0.9196, -0.0468],
         [ 0.3277,  0.8604,  0.3903,  0.9262],
         [ 0.0000,  0.0000,  0.0000,  1.0000]]])
2025-04-28T17:35:22.652995 - Final transform:
[[-0.95  0.32  0.06  0.03]
 [-0.08 -0.39  0.92 -0.05]
 [ 0.31  0.86  0.4   0.93]
 [ 0.    0.    0.    1.  ]]
2025-04-28T17:35:22.652995 - Pose:
tensor([[[-0.9470,  0.3163,  0.0562,  0.0354],
         [-0.0765, -0.3919,  0.9168, -0.0472],
         [ 0.3120,  0.8639,  0.3953,  0.9269],
         [ 0.0000,  0.0000,  0.0000,  1.0000]]])
2025-04-28T17:35:22.725464 - Final transform:
[[-0.96  0.29  0.06  0.03]
 [-0.06 -0.39  0.92 -0.05]
 [ 0.29  0.87  0.39  0.93]
 [ 0.    0.    0.    1.  ]]
2025-04-28T17:35:22.725464 - Pose:
tensor([[[-0.9555,  0.2891,  0.0585,  0.0350],
         [-0.0622, -0.3913,  0.9182, -0.0470],
         [ 0.2884,  0.8737,  0.3919,  0.9261],
         [ 0.0000,  0.0000,  0.0000,  1.0000]]])
2025-04-28T17:35:22.794350 - Final transform:
[[-0.95  0.3   0.05  0.03]
 [-0.08 -0.41  0.91 -0.05]
 [ 0.29  0.86  0.41  0.92]
 [ 0.    0.    0.    1.  ]]
2025-04-28T17:35:22.794350 - Pose:
tensor([[[-0.9533,  0.2969,  0.0549,  0.0352],
         [-0.0753, -0.4100,  0.9090, -0.0468],
         [ 0.2924,  0.8624,  0.4132,  0.9229],
         [ 0.0000,  0.0000,  0.0000,  1.0000]]])
2025-04-28T17:35:22.861626 - Final transform:
[[-0.93  0.35  0.05  0.03]
 [-0.1  -0.4   0.91 -0.05]
 [ 0.34  0.85  0.41  0.93]
 [ 0.    0.    0.    1.  ]]
2025-04-28T17:35:22.861626 - Pose:
tensor([[[-0.9349,  0.3505,  0.0549,  0.0353],
         [-0.0976, -0.4029,  0.9100, -0.0461],
         [ 0.3411,  0.8455,  0.4109,  0.9252],
         [ 0.0000,  0.0000,  0.0000,  1.0000]]])
2025-04-28T17:35:22.929285 - Final transform:
[[-0.95  0.31  0.06  0.03]
 [-0.07 -0.4   0.91 -0.05]
 [ 0.31  0.86  0.4   0.93]
 [ 0.    0.    0.    1.  ]]
2025-04-28T17:35:22.929285 - Pose:
tensor([[[-0.9494,  0.3084,  0.0587,  0.0354],
         [-0.0727, -0.3979,  0.9145, -0.0469],
         [ 0.3054,  0.8640,  0.4002,  0.9253],
         [ 0.0000,  0.0000,  0.0000,  1.0000]]])
2025-04-28T17:35:22.995750 - Final transform:
[[-0.95  0.31  0.05  0.03]
 [-0.08 -0.4   0.91 -0.05]
 [ 0.31  0.86  0.4   0.93]
 [ 0.    0.    0.    1.  ]]
2025-04-28T17:35:22.995750 - Pose:
tensor([[[-0.9490,  0.3106,  0.0546,  0.0351],
         [-0.0778, -0.3982,  0.9140, -0.0468],
         [ 0.3056,  0.8631,  0.4021,  0.9254],
         [ 0.0000,  0.0000,  0.0000,  1.0000]]])
2025-04-28T17:35:23.061770 - Final transform:
[[-0.95  0.3   0.06  0.03]
 [-0.07 -0.41  0.91 -0.05]
 [ 0.3   0.86  0.41  0.92]
 [ 0.    0.    0.    1.  ]]
2025-04-28T17:35:23.061770 - Pose:
tensor([[[-0.9528,  0.2975,  0.0603,  0.0349],
         [-0.0711, -0.4118,  0.9085, -0.0467],
         [ 0.2951,  0.8614,  0.4135,  0.9249],
         [ 0.0000,  0.0000,  0.0000,  1.0000]]])
2025-04-28T17:35:23.131686 - Final transform:
[[-0.95  0.3   0.06  0.03]
 [-0.07 -0.41  0.91 -0.05]
 [ 0.3   0.86  0.41  0.92]
 [ 0.    0.    0.    1.  ]]
2025-04-28T17:35:23.131686 - Pose:
tensor([[[-0.9510,  0.3038,  0.0577,  0.0344],
         [-0.0745, -0.4060,  0.9108, -0.0461],
         [ 0.3001,  0.8619,  0.4087,  0.9246],
         [ 0.0000,  0.0000,  0.0000,  1.0000]]])
2025-04-28T17:35:23.207666 - Final transform:
[[-0.95  0.31  0.06  0.03]
 [-0.08 -0.41  0.91 -0.05]
 [ 0.3   0.86  0.41  0.93]
 [ 0.    0.    0.    1.  ]]
2025-04-28T17:35:23.207666 - Pose:
tensor([[[-0.9506,  0.3052,  0.0564,  0.0352],
         [-0.0772, -0.4084,  0.9095, -0.0462],
         [ 0.3006,  0.8603,  0.4118,  0.9260],
         [ 0.0000,  0.0000,  0.0000,  1.0000]]])
2025-04-28T17:35:23.289281 - Final transform:
[[-0.95  0.3   0.06  0.03]
 [-0.07 -0.41  0.91 -0.05]
 [ 0.3   0.86  0.41  0.92]
 [ 0.    0.    0.    1.  ]]
2025-04-28T17:35:23.289281 - Pose:
tensor([[[-0.9527,  0.2983,  0.0584,  0.0350],
         [-0.0716, -0.4071,  0.9106, -0.0466],
         [ 0.2954,  0.8633,  0.4092,  0.9249],
         [ 0.0000,  0.0000,  0.0000,  1.0000]]])
2025-04-28T17:35:23.358171 - Final transform:
[[-0.95  0.31  0.06  0.03]
 [-0.08 -0.41  0.91 -0.05]
 [ 0.31  0.85  0.42  0.92]
 [ 0.    0.    0.    1.  ]]
2025-04-28T17:35:23.358171 - Pose:
tensor([[[-0.9478,  0.3131,  0.0603,  0.0353],
         [-0.0793, -0.4146,  0.9065, -0.0462],
         [ 0.3088,  0.8544,  0.4178,  0.9241],
         [ 0.0000,  0.0000,  0.0000,  1.0000]]])
2025-04-28T17:35:23.422792 - Final transform:
[[-0.94  0.35  0.05  0.03]
 [-0.1  -0.41  0.9  -0.05]
 [ 0.33  0.84  0.42  0.93]
 [ 0.    0.    0.    1.  ]]
2025-04-28T17:35:23.422792 - Pose:
tensor([[[-0.9368,  0.3463,  0.0510,  0.0356],
         [-0.1035, -0.4133,  0.9047, -0.0464],
         [ 0.3344,  0.8422,  0.4230,  0.9261],
         [ 0.0000,  0.0000,  0.0000,  1.0000]]])
2025-04-28T17:35:23.490259 - Final transform:
[[-0.94  0.33  0.05  0.03]
 [-0.09 -0.4   0.91 -0.05]
 [ 0.32  0.86  0.4   0.92]
 [ 0.    0.    0.    1.  ]]
2025-04-28T17:35:23.490259 - Pose:
tensor([[[-0.9426,  0.3297,  0.0523,  0.0348],
         [-0.0876, -0.3955,  0.9143, -0.0464],
         [ 0.3222,  0.8572,  0.4017,  0.9241],
         [ 0.0000,  0.0000,  0.0000,  1.0000]]])
2025-04-28T17:35:23.556272 - Final transform:
[[-0.95  0.3   0.06  0.03]
 [-0.07 -0.4   0.91 -0.05]
 [ 0.29  0.87  0.41  0.93]
 [ 0.    0.    0.    1.  ]]
2025-04-28T17:35:23.556272 - Pose:
tensor([[[-0.9535,  0.2955,  0.0586,  0.0349],
         [-0.0693, -0.4043,  0.9120, -0.0466],
         [ 0.2932,  0.8656,  0.4060,  0.9254],
         [ 0.0000,  0.0000,  0.0000,  1.0000]]])
2025-04-28T17:35:23.620924 - Final transform:
[[-0.96  0.28  0.05  0.03]
 [-0.06 -0.39  0.92 -0.05]
 [ 0.28  0.88  0.39  0.93]
 [ 0.    0.    0.    1.  ]]
2025-04-28T17:35:23.620924 - Pose:
tensor([[[-0.9578,  0.2824,  0.0535,  0.0350],
         [-0.0640, -0.3908,  0.9183, -0.0465],
         [ 0.2802,  0.8761,  0.3923,  0.9264],
         [ 0.0000,  0.0000,  0.0000,  1.0000]]])
2025-04-28T17:35:23.688463 - Final transform:
[[-0.94  0.34  0.06  0.03]
 [-0.09 -0.4   0.91 -0.05]
 [ 0.33  0.85  0.4   0.93]
 [ 0.    0.    0.    1.  ]]
2025-04-28T17:35:23.688463 - Pose:
tensor([[[-0.9391,  0.3382,  0.0601,  0.0355],
         [-0.0853, -0.3990,  0.9130, -0.0470],
         [ 0.3327,  0.8523,  0.4036,  0.9258],
         [ 0.0000,  0.0000,  0.0000,  1.0000]]])
2025-04-28T17:35:23.753077 - Final transform:
[[-0.94  0.32  0.05  0.03]
 [-0.08 -0.4   0.91 -0.05]
 [ 0.32  0.86  0.4   0.93]
 [ 0.    0.    0.    1.  ]]
2025-04-28T17:35:23.753077 - Pose:
tensor([[[-0.9446,  0.3237,  0.0537,  0.0353],
         [-0.0837, -0.3958,  0.9145, -0.0473],
         [ 0.3173,  0.8594,  0.4010,  0.9264],
         [ 0.0000,  0.0000,  0.0000,  1.0000]]])
2025-04-28T17:35:23.820699 - Final transform:
[[-0.94  0.32  0.06  0.03]
 [-0.08 -0.39  0.92 -0.05]
 [ 0.32  0.86  0.39  0.93]
 [ 0.    0.    0.    1.  ]]
2025-04-28T17:35:23.820699 - Pose:
tensor([[[-0.9450,  0.3221,  0.0571,  0.0351],
         [-0.0778, -0.3907,  0.9172, -0.0473],
         [ 0.3178,  0.8623,  0.3943,  0.9254],
         [ 0.0000,  0.0000,  0.0000,  1.0000]]])
2025-04-28T17:35:23.888906 - Final transform:
[[-0.96  0.28  0.06  0.03]
 [-0.06 -0.4   0.91 -0.05]
 [ 0.28  0.87  0.4   0.93]
 [ 0.    0.    0.    1.  ]]
2025-04-28T17:35:23.888906 - Pose:
tensor([[[-0.9569,  0.2844,  0.0580,  0.0348],
         [-0.0638, -0.4010,  0.9138, -0.0468],
         [ 0.2832,  0.8708,  0.4019,  0.9260],
         [ 0.0000,  0.0000,  0.0000,  1.0000]]])
2025-04-28T17:35:23.955674 - Final transform:
[[-0.94  0.33  0.04  0.03]
 [-0.09 -0.38  0.92 -0.05]
 [ 0.32  0.86  0.39  0.93]
 [ 0.    0.    0.    1.  ]]
2025-04-28T17:35:23.955674 - Pose:
tensor([[[-0.9432,  0.3295,  0.0418,  0.0355],
         [-0.0937, -0.3848,  0.9182, -0.0469],
         [ 0.3186,  0.8622,  0.3939,  0.9271],
         [ 0.0000,  0.0000,  0.0000,  1.0000]]])
2025-04-28T17:35:24.019678 - Final transform:
[[-0.94  0.32  0.06  0.03]
 [-0.08 -0.4   0.91 -0.05]
 [ 0.32  0.86  0.41  0.93]
 [ 0.    0.    0.    1.  ]]
2025-04-28T17:35:24.019678 - Pose:
tensor([[[-0.9448,  0.3226,  0.0578,  0.0353],
         [-0.0819, -0.4031,  0.9115, -0.0467],
         [ 0.3174,  0.8564,  0.4073,  0.9267],
         [ 0.0000,  0.0000,  0.0000,  1.0000]]])
2025-04-28T17:35:24.085643 - Final transform:
[[-0.95  0.3   0.06  0.03]
 [-0.07 -0.4   0.91 -0.05]
 [ 0.3   0.86  0.4   0.93]
 [ 0.    0.    0.    1.  ]]
2025-04-28T17:35:24.085643 - Pose:
tensor([[[-0.9518,  0.2999,  0.0639,  0.0351],
         [-0.0659, -0.4035,  0.9126, -0.0467],
         [ 0.2995,  0.8644,  0.4039,  0.9262],
         [ 0.0000,  0.0000,  0.0000,  1.0000]]])
2025-04-28T17:35:24.151201 - Final transform:
[[-0.93  0.35  0.05  0.03]
 [-0.1  -0.4   0.91 -0.05]
 [ 0.34  0.85  0.41  0.93]
 [ 0.    0.    0.    1.  ]]
2025-04-28T17:35:24.151201 - Pose:
tensor([[[-0.9346,  0.3524,  0.0480,  0.0353],
         [-0.1025, -0.3959,  0.9125, -0.0468],
         [ 0.3406,  0.8480,  0.4062,  0.9271],
         [ 0.0000,  0.0000,  0.0000,  1.0000]]])
2025-04-28T17:35:24.213814 - Final transform:
[[-0.95  0.29  0.06  0.03]
 [-0.07 -0.41  0.91 -0.05]
 [ 0.29  0.86  0.42  0.92]
 [ 0.    0.    0.    1.  ]]
2025-04-28T17:35:24.213814 - Pose:
tensor([[[-0.9540,  0.2946,  0.0555,  0.0349],
         [-0.0745, -0.4125,  0.9079, -0.0465],
         [ 0.2904,  0.8620,  0.4155,  0.9239],
         [ 0.0000,  0.0000,  0.0000,  1.0000]]])
2025-04-28T17:35:24.281309 - Final transform:
[[-0.94  0.34  0.05  0.03]
 [-0.1  -0.4   0.91 -0.05]
 [ 0.33  0.85  0.41  0.93]
 [ 0.    0.    0.    1.  ]]
2025-04-28T17:35:24.281309 - Pose:
tensor([[[-0.9386,  0.3413,  0.0503,  0.0353],
         [-0.0962, -0.3991,  0.9119, -0.0466],
         [ 0.3313,  0.8510,  0.4074,  0.9254],
         [ 0.0000,  0.0000,  0.0000,  1.0000]]])
2025-04-28T17:35:24.345453 - Final transform:
[[-0.95  0.32  0.05  0.03]
 [-0.08 -0.39  0.92 -0.05]
 [ 0.32  0.86  0.39  0.93]
 [ 0.    0.    0.    1.  ]]
2025-04-28T17:35:24.345453 - Pose:
tensor([[[-0.9451,  0.3232,  0.0488,  0.0352],
         [-0.0847, -0.3863,  0.9185, -0.0470],
         [ 0.3157,  0.8639,  0.3925,  0.9255],
         [ 0.0000,  0.0000,  0.0000,  1.0000]]])
2025-04-28T17:35:24.411495 - Final transform:
[[-0.95  0.3   0.05  0.03]
 [-0.07 -0.39  0.92 -0.05]
 [ 0.29  0.87  0.4   0.93]
 [ 0.    0.    0.    1.  ]]
2025-04-28T17:35:24.411495 - Pose:
tensor([[[-0.9537,  0.2958,  0.0548,  0.0349],
         [-0.0698, -0.3949,  0.9161, -0.0466],
         [ 0.2926,  0.8698,  0.3972,  0.9262],
         [ 0.0000,  0.0000,  0.0000,  1.0000]]])
2025-04-28T17:35:24.477409 - Final transform:
[[-0.95  0.29  0.06  0.03]
 [-0.06 -0.4   0.92 -0.05]
 [ 0.29  0.87  0.4   0.93]
 [ 0.    0.    0.    1.  ]]
2025-04-28T17:35:24.477409 - Pose:
tensor([[[-0.9549,  0.2909,  0.0592,  0.0347],
         [-0.0644, -0.3979,  0.9152, -0.0470],
         [ 0.2897,  0.8701,  0.3987,  0.9251],
         [ 0.0000,  0.0000,  0.0000,  1.0000]]])
2025-04-28T17:35:24.543947 - Final transform:
[[-0.94  0.33  0.06  0.03]
 [-0.08 -0.4   0.91 -0.05]
 [ 0.32  0.86  0.41  0.93]
 [ 0.    0.    0.    1.  ]]
2025-04-28T17:35:24.543947 - Pose:
tensor([[[-0.9432,  0.3269,  0.0598,  0.0352],
         [-0.0814, -0.4018,  0.9121, -0.0471],
         [ 0.3221,  0.8554,  0.4056,  0.9257],
         [ 0.0000,  0.0000,  0.0000,  1.0000]]])
2025-04-28T17:35:24.610571 - Final transform:
[[-0.94  0.34  0.05  0.03]
 [-0.09 -0.39  0.92 -0.05]
 [ 0.33  0.86  0.39  0.92]
 [ 0.    0.    0.    1.  ]]
2025-04-28T17:35:24.610571 - Pose:
tensor([[[-0.9399,  0.3375,  0.0516,  0.0351],
         [-0.0885, -0.3870,  0.9178, -0.0469],
         [ 0.3297,  0.8581,  0.3936,  0.9247],
         [ 0.0000,  0.0000,  0.0000,  1.0000]]])
2025-04-28T17:35:24.676785 - Final transform:
[[-0.94  0.33  0.06  0.03]
 [-0.09 -0.41  0.91 -0.05]
 [ 0.32  0.85  0.42  0.92]
 [ 0.    0.    0.    1.  ]]
2025-04-28T17:35:24.676785 - Pose:
tensor([[[-0.9427,  0.3285,  0.0580,  0.0352],
         [-0.0876, -0.4116,  0.9072, -0.0472],
         [ 0.3219,  0.8501,  0.4168,  0.9248],
         [ 0.0000,  0.0000,  0.0000,  1.0000]]])
2025-04-28T17:35:24.744456 - Final transform:
[[-0.94  0.34  0.05  0.03]
 [-0.09 -0.39  0.92 -0.05]
 [ 0.34  0.86  0.39  0.93]
 [ 0.    0.    0.    1.  ]]
2025-04-28T17:35:24.744456 - Pose:
tensor([[[-0.9373,  0.3446,  0.0513,  0.0349],
         [-0.0917, -0.3861,  0.9179, -0.0469],
         [ 0.3362,  0.8557,  0.3935,  0.9261],
         [ 0.0000,  0.0000,  0.0000,  1.0000]]])
2025-04-28T17:35:24.812278 - Final transform:
[[-0.94  0.33  0.05  0.03]
 [-0.09 -0.39  0.92 -0.05]
 [ 0.33  0.86  0.4   0.93]
 [ 0.    0.    0.    1.  ]]
2025-04-28T17:35:24.812278 - Pose:
tensor([[[-0.9414,  0.3330,  0.0527,  0.0353],
         [-0.0875, -0.3923,  0.9157, -0.0470],
         [ 0.3256,  0.8574,  0.3985,  0.9257],
         [ 0.0000,  0.0000,  0.0000,  1.0000]]])
2025-04-28T17:35:24.878985 - Final transform:
[[-0.95  0.32  0.06  0.03]
 [-0.08 -0.4   0.91 -0.05]
 [ 0.31  0.86  0.4   0.93]
 [ 0.    0.    0.    1.  ]]
2025-04-28T17:35:24.878985 - Pose:
tensor([[[-0.9458,  0.3196,  0.0570,  0.0352],
         [-0.0796, -0.3987,  0.9136, -0.0465],
         [ 0.3147,  0.8596,  0.4026,  0.9262],
         [ 0.0000,  0.0000,  0.0000,  1.0000]]])
2025-04-28T17:35:24.945742 - Final transform:
[[-0.95  0.3   0.05  0.03]
 [-0.07 -0.4   0.92 -0.05]
 [ 0.29  0.87  0.4   0.93]
 [ 0.    0.    0.    1.  ]]
2025-04-28T17:35:24.945742 - Pose:
tensor([[[-0.9534,  0.2967,  0.0548,  0.0352],
         [-0.0705, -0.3956,  0.9157, -0.0467],
         [ 0.2934,  0.8692,  0.3981,  0.9255],
         [ 0.0000,  0.0000,  0.0000,  1.0000]]])
2025-04-28T17:35:25.012589 - Final transform:
[[-0.95  0.31  0.04  0.03]
 [-0.09 -0.4   0.91 -0.05]
 [ 0.3   0.86  0.41  0.92]
 [ 0.    0.    0.    1.  ]]
2025-04-28T17:35:25.012589 - Pose:
tensor([[[-0.9508,  0.3073,  0.0382,  0.0351],
         [-0.0926, -0.3996,  0.9120, -0.0469],
         [ 0.2955,  0.8636,  0.4084,  0.9246],
         [ 0.0000,  0.0000,  0.0000,  1.0000]]])
2025-04-28T17:35:25.077888 - Final transform:
[[-0.95  0.32  0.05  0.03]
 [-0.09 -0.4   0.91 -0.05]
 [ 0.31  0.86  0.41  0.93]
 [ 0.    0.    0.    1.  ]]
2025-04-28T17:35:25.077888 - Pose:
tensor([[[-0.9452,  0.3226,  0.0498,  0.0352],
         [-0.0893, -0.4024,  0.9111, -0.0465],
         [ 0.3140,  0.8568,  0.4091,  0.9252],
         [ 0.0000,  0.0000,  0.0000,  1.0000]]])
2025-04-28T17:35:25.145376 - Final transform:
[[-0.96  0.29  0.05  0.03]
 [-0.07 -0.4   0.91 -0.05]
 [ 0.28  0.87  0.41  0.93]
 [ 0.    0.    0.    1.  ]]
2025-04-28T17:35:25.145376 - Pose:
tensor([[[-0.9571,  0.2857,  0.0479,  0.0349],
         [-0.0743, -0.4019,  0.9127, -0.0466],
         [ 0.2800,  0.8700,  0.4058,  0.9254],
         [ 0.0000,  0.0000,  0.0000,  1.0000]]])
2025-04-28T17:35:25.218819 - Final transform:
[[-0.96  0.28  0.05  0.03]
 [-0.07 -0.4   0.91 -0.05]
 [ 0.27  0.87  0.4   0.93]
 [ 0.    0.    0.    1.  ]]
2025-04-28T17:35:25.218819 - Pose:
tensor([[[-0.9600,  0.2763,  0.0466,  0.0348],
         [-0.0704, -0.3986,  0.9144, -0.0468],
         [ 0.2712,  0.8745,  0.4021,  0.9255],
         [ 0.0000,  0.0000,  0.0000,  1.0000]]])
2025-04-28T17:35:25.287202 - Final transform:
[[-0.95  0.29  0.07  0.03]
 [-0.07 -0.42  0.9  -0.05]
 [ 0.29  0.86  0.42  0.92]
 [ 0.    0.    0.    1.  ]]
2025-04-28T17:35:25.287202 - Pose:
tensor([[[-0.9545,  0.2910,  0.0657,  0.0349],
         [-0.0666, -0.4223,  0.9040, -0.0467],
         [ 0.2908,  0.8585,  0.4225,  0.9238],
         [ 0.0000,  0.0000,  0.0000,  1.0000]]])
2025-04-28T17:35:25.352311 - Final transform:
[[-0.95  0.31  0.06  0.03]
 [-0.08 -0.4   0.91 -0.05]
 [ 0.31  0.86  0.4   0.92]
 [ 0.    0.    0.    1.  ]]
2025-04-28T17:35:25.352311 - Pose:
tensor([[[-0.9475,  0.3144,  0.0582,  0.0350],
         [-0.0768, -0.4005,  0.9131, -0.0461],
         [ 0.3104,  0.8607,  0.4036,  0.9244],
         [ 0.0000,  0.0000,  0.0000,  1.0000]]])
2025-04-28T17:35:25.427757 - Final transform:
[[-0.94  0.33  0.05  0.03]
 [-0.09 -0.41  0.91 -0.05]
 [ 0.32  0.85  0.42  0.93]
 [ 0.    0.    0.    1.  ]]
2025-04-28T17:35:25.427757 - Pose:
tensor([[[-0.9424,  0.3305,  0.0518,  0.0351],
         [-0.0934, -0.4086,  0.9079, -0.0466],
         [ 0.3213,  0.8507,  0.4159,  0.9252],
         [ 0.0000,  0.0000,  0.0000,  1.0000]]])
2025-04-28T17:35:25.494227 - Final transform:
[[-0.95  0.3   0.06  0.03]
 [-0.07 -0.42  0.91 -0.05]
 [ 0.3   0.86  0.42  0.93]
 [ 0.    0.    0.    1.  ]]
2025-04-28T17:35:25.494227 - Pose:
tensor([[[-0.9519,  0.3004,  0.0610,  0.0350],
         [-0.0729, -0.4153,  0.9068, -0.0466],
         [ 0.2977,  0.8587,  0.4172,  0.9266],
         [ 0.0000,  0.0000,  0.0000,  1.0000]]])
2025-04-28T17:35:25.560014 - Final transform:
[[-0.95  0.31  0.06  0.03]
 [-0.08 -0.42  0.91 -0.05]
 [ 0.3   0.86  0.42  0.92]
 [ 0.    0.    0.    1.  ]]
2025-04-28T17:35:25.560014 - Pose:
tensor([[[-0.9505,  0.3056,  0.0563,  0.0345],
         [-0.0803, -0.4164,  0.9056, -0.0461],
         [ 0.3002,  0.8563,  0.4203,  0.9247],
         [ 0.0000,  0.0000,  0.0000,  1.0000]]])
2025-04-28T17:35:25.626126 - Final transform:
[[-0.94  0.32  0.06  0.03]
 [-0.08 -0.4   0.91 -0.05]
 [ 0.32  0.86  0.41  0.92]
 [ 0.    0.    0.    1.  ]]
2025-04-28T17:35:25.626126 - Pose:
tensor([[[-0.9438,  0.3243,  0.0639,  0.0348],
         [-0.0773, -0.4045,  0.9113, -0.0464],
         [ 0.3214,  0.8551,  0.4068,  0.9242],
         [ 0.0000,  0.0000,  0.0000,  1.0000]]])
2025-04-28T17:35:25.692237 - Final transform:
[[-0.95  0.31  0.05  0.03]
 [-0.08 -0.4   0.91 -0.05]
 [ 0.31  0.86  0.41  0.92]
 [ 0.    0.    0.    1.  ]]
2025-04-28T17:35:25.692237 - Pose:
tensor([[[-0.9489,  0.3113,  0.0523,  0.0353],
         [-0.0812, -0.4008,  0.9126, -0.0465],
         [ 0.3050,  0.8617,  0.4056,  0.9247],
         [ 0.0000,  0.0000,  0.0000,  1.0000]]])
2025-04-28T17:35:25.757820 - Final transform:
[[-0.95  0.31  0.05  0.03]
 [-0.08 -0.4   0.91 -0.05]
 [ 0.31  0.86  0.4   0.93]
 [ 0.    0.    0.    1.  ]]
2025-04-28T17:35:25.757820 - Pose:
tensor([[[-0.9483,  0.3130,  0.0527,  0.0352],
         [-0.0798, -0.3957,  0.9149, -0.0468],
         [ 0.3072,  0.8634,  0.4003,  0.9255],
         [ 0.0000,  0.0000,  0.0000,  1.0000]]])
2025-04-28T17:35:25.826518 - Final transform:
[[-0.95  0.3   0.05  0.03]
 [-0.08 -0.4   0.91 -0.05]
 [ 0.29  0.87  0.4   0.93]
 [ 0.    0.    0.    1.  ]]
2025-04-28T17:35:25.826518 - Pose:
tensor([[[-0.9538,  0.2965,  0.0477,  0.0351],
         [-0.0780, -0.3981,  0.9140, -0.0467],
         [ 0.2900,  0.8681,  0.4029,  0.9260],
         [ 0.0000,  0.0000,  0.0000,  1.0000]]])
2025-04-28T17:35:25.907905 - Final transform:
[[-0.95  0.31  0.05  0.03]
 [-0.09 -0.4   0.91 -0.05]
 [ 0.31  0.86  0.4   0.93]
 [ 0.    0.    0.    1.  ]]
2025-04-28T17:35:25.907905 - Pose:
tensor([[[-0.9479,  0.3149,  0.0481,  0.0351],
         [-0.0861, -0.3986,  0.9131, -0.0467],
         [ 0.3067,  0.8614,  0.4050,  0.9252],
         [ 0.0000,  0.0000,  0.0000,  1.0000]]])
2025-04-28T17:35:25.979554 - Final transform:
[[-0.95  0.31  0.06  0.03]
 [-0.07 -0.39  0.92 -0.05]
 [ 0.3   0.87  0.39  0.93]
 [ 0.    0.    0.    1.  ]]
2025-04-28T17:35:25.979554 - Pose:
tensor([[[-0.9507,  0.3052,  0.0556,  0.0348],
         [-0.0704, -0.3870,  0.9194, -0.0462],
         [ 0.3021,  0.8701,  0.3894,  0.9251],
         [ 0.0000,  0.0000,  0.0000,  1.0000]]])
2025-04-28T17:35:26.048778 - Final transform:
[[-0.95  0.3   0.06  0.03]
 [-0.07 -0.42  0.9  -0.05]
 [ 0.3   0.86  0.42  0.92]
 [ 0.    0.    0.    1.  ]]
2025-04-28T17:35:26.048778 - Pose:
tensor([[[-0.9511,  0.3023,  0.0632,  0.0344],
         [-0.0734, -0.4199,  0.9046, -0.0461],
         [ 0.3000,  0.8557,  0.4216,  0.9235],
         [ 0.0000,  0.0000,  0.0000,  1.0000]]])
2025-04-28T17:35:26.114408 - Final transform:
[[-0.95  0.31  0.03  0.03]
 [-0.09 -0.38  0.92 -0.05]
 [ 0.3   0.87  0.39  0.93]
 [ 0.    0.    0.    1.  ]]
2025-04-28T17:35:26.114408 - Pose:
tensor([[[-0.9495,  0.3120,  0.0336,  0.0351],
         [-0.0928, -0.3814,  0.9197, -0.0469],
         [ 0.2997,  0.8702,  0.3911,  0.9269],
         [ 0.0000,  0.0000,  0.0000,  1.0000]]])
2025-04-28T17:35:26.180849 - Final transform:
[[-0.95  0.31  0.06  0.03]
 [-0.08 -0.41  0.91 -0.05]
 [ 0.31  0.86  0.41  0.92]
 [ 0.    0.    0.    1.  ]]
2025-04-28T17:35:26.180849 - Pose:
tensor([[[-0.9488,  0.3110,  0.0556,  0.0348],
         [-0.0802, -0.4074,  0.9097, -0.0462],
         [ 0.3055,  0.8587,  0.4115,  0.9245],
         [ 0.0000,  0.0000,  0.0000,  1.0000]]])
2025-04-28T17:35:26.248701 - Final transform:
[[-0.95  0.32  0.05  0.03]
 [-0.08 -0.4   0.91 -0.05]
 [ 0.32  0.86  0.4   0.93]
 [ 0.    0.    0.    1.  ]]
2025-04-28T17:35:26.248701 - Pose:
tensor([[[-0.9451,  0.3222,  0.0538,  0.0349],
         [-0.0827, -0.3953,  0.9148, -0.0466],
         [ 0.3160,  0.8602,  0.4003,  0.9252],
         [ 0.0000,  0.0000,  0.0000,  1.0000]]])
2025-04-28T17:35:26.315732 - Final transform:
[[-0.95  0.31  0.06  0.03]
 [-0.07 -0.4   0.92 -0.05]
 [ 0.31  0.86  0.4   0.93]
 [ 0.    0.    0.    1.  ]]
2025-04-28T17:35:26.315732 - Pose:
tensor([[[-0.9472,  0.3143,  0.0633,  0.0353],
         [-0.0700, -0.3953,  0.9159, -0.0471],
         [ 0.3128,  0.8631,  0.3964,  0.9254],
         [ 0.0000,  0.0000,  0.0000,  1.0000]]])
2025-04-28T17:35:26.383068 - Final transform:
[[-0.95  0.31  0.06  0.03]
 [-0.08 -0.4   0.91 -0.05]
 [ 0.31  0.86  0.4   0.92]
 [ 0.    0.    0.    1.  ]]
2025-04-28T17:35:26.383068 - Pose:
tensor([[[-0.9480,  0.3130,  0.0580,  0.0353],
         [-0.0754, -0.3977,  0.9144, -0.0467],
         [ 0.3093,  0.8625,  0.4006,  0.9243],
         [ 0.0000,  0.0000,  0.0000,  1.0000]]])
2025-04-28T17:35:26.452797 - Final transform:
[[-0.95  0.32  0.04  0.03]
 [-0.09 -0.38  0.92 -0.05]
 [ 0.31  0.87  0.39  0.93]
 [ 0.    0.    0.    1.  ]]
2025-04-28T17:35:26.452797 - Pose:
tensor([[[-0.9460,  0.3211,  0.0446,  0.0352],
         [-0.0859, -0.3808,  0.9207, -0.0469],
         [ 0.3126,  0.8671,  0.3878,  0.9269],
         [ 0.0000,  0.0000,  0.0000,  1.0000]]])
2025-04-28T17:35:26.521773 - Final transform:
[[-0.95  0.3   0.05  0.03]
 [-0.07 -0.4   0.91 -0.05]
 [ 0.29  0.87  0.4   0.92]
 [ 0.    0.    0.    1.  ]]
2025-04-28T17:35:26.521773 - Pose:
tensor([[[-0.9534,  0.2969,  0.0544,  0.0347],
         [-0.0720, -0.3988,  0.9142, -0.0465],
         [ 0.2931,  0.8676,  0.4016,  0.9241],
         [ 0.0000,  0.0000,  0.0000,  1.0000]]])
2025-04-28T17:35:26.593110 - Final transform:
[[-0.94  0.33  0.05  0.03]
 [-0.09 -0.4   0.91 -0.05]
 [ 0.32  0.85  0.41  0.93]
 [ 0.    0.    0.    1.  ]]
2025-04-28T17:35:26.593110 - Pose:
tensor([[[-0.9439,  0.3269,  0.0473,  0.0355],
         [-0.0940, -0.4030,  0.9104, -0.0465],
         [ 0.3167,  0.8548,  0.4111,  0.9255],
         [ 0.0000,  0.0000,  0.0000,  1.0000]]])
2025-04-28T17:35:26.660786 - Final transform:
[[-0.94  0.34  0.05  0.03]
 [-0.1  -0.41  0.91 -0.05]
 [ 0.33  0.84  0.42  0.92]
 [ 0.    0.    0.    1.  ]]
2025-04-28T17:35:26.660786 - Pose:
tensor([[[-0.9382,  0.3420,  0.0531,  0.0351],
         [-0.0987, -0.4115,  0.9061, -0.0470],
         [ 0.3317,  0.8448,  0.4198,  0.9247],
         [ 0.0000,  0.0000,  0.0000,  1.0000]]])
2025-04-28T17:35:26.728205 - Final transform:
[[-0.95  0.3   0.06  0.03]
 [-0.07 -0.41  0.91 -0.05]
 [ 0.3   0.86  0.42  0.92]
 [ 0.    0.    0.    1.  ]]
2025-04-28T17:35:26.728205 - Pose:
tensor([[[-0.9521,  0.3000,  0.0592,  0.0348],
         [-0.0742, -0.4145,  0.9070, -0.0464],
         [ 0.2966,  0.8592,  0.4169,  0.9250],
         [ 0.0000,  0.0000,  0.0000,  1.0000]]])
2025-04-28T17:35:26.796920 - Final transform:
[[-0.96  0.29  0.04  0.03]
 [-0.08 -0.39  0.92 -0.05]
 [ 0.28  0.87  0.39  0.92]
 [ 0.    0.    0.    1.  ]]
2025-04-28T17:35:26.796920 - Pose:
tensor([[[-0.9562,  0.2896,  0.0414,  0.0347],
         [-0.0779, -0.3885,  0.9182, -0.0463],
         [ 0.2820,  0.8748,  0.3940,  0.9247],
         [ 0.0000,  0.0000,  0.0000,  1.0000]]])
2025-04-28T17:35:26.864171 - Final transform:
[[-0.94  0.33  0.04  0.03]
 [-0.09 -0.37  0.92 -0.05]
 [ 0.32  0.87  0.38  0.93]
 [ 0.    0.    0.    1.  ]]
2025-04-28T17:35:26.864171 - Pose:
tensor([[[-0.9441,  0.3273,  0.0393,  0.0352],
         [-0.0907, -0.3728,  0.9235, -0.0465],
         [ 0.3169,  0.8683,  0.3817,  0.9259],
         [ 0.0000,  0.0000,  0.0000,  1.0000]]])
2025-04-28T17:35:26.931460 - Final transform:
[[-0.95  0.31  0.05  0.03]
 [-0.07 -0.39  0.92 -0.05]
 [ 0.3   0.87  0.39  0.93]
 [ 0.    0.    0.    1.  ]]
2025-04-28T17:35:26.931460 - Pose:
tensor([[[-0.9506,  0.3057,  0.0543,  0.0348],
         [-0.0731, -0.3902,  0.9178, -0.0465],
         [ 0.3017,  0.8685,  0.3932,  0.9257],
         [ 0.0000,  0.0000,  0.0000,  1.0000]]])
2025-04-28T17:35:27.000461 - Final transform:
[[-0.94  0.34  0.07  0.03]
 [-0.08 -0.41  0.91 -0.05]
 [ 0.34  0.85  0.41  0.93]
 [ 0.    0.    0.    1.  ]]
2025-04-28T17:35:27.000461 - Pose:
tensor([[[-0.9387,  0.3375,  0.0705,  0.0355],
         [-0.0772, -0.4051,  0.9110, -0.0470],
         [ 0.3360,  0.8497,  0.4064,  0.9253],
         [ 0.0000,  0.0000,  0.0000,  1.0000]]])
2025-04-28T17:35:27.067115 - Final transform:
[[-0.95  0.31  0.05  0.03]
 [-0.08 -0.38  0.92 -0.05]
 [ 0.31  0.87  0.39  0.93]
 [ 0.    0.    0.    1.  ]]
2025-04-28T17:35:27.067115 - Pose:
tensor([[[-0.9490,  0.3111,  0.0504,  0.0352],
         [-0.0764, -0.3822,  0.9209, -0.0467],
         [ 0.3058,  0.8701,  0.3865,  0.9264],
         [ 0.0000,  0.0000,  0.0000,  1.0000]]])
2025-04-28T17:35:27.129950 - Final transform:
[[-0.95  0.3   0.06  0.03]
 [-0.07 -0.4   0.91 -0.05]
