2025-04-28T17:32:23.034968 - Final transform:
[[ 0.98 -0.12  0.14  0.03]
 [-0.06  0.49  0.87 -0.04]
 [-0.17 -0.86  0.47  0.95]
 [ 0.    0.    0.    1.  ]]
2025-04-28T17:32:23.034968 - Pose:
tensor([[[ 0.9834, -0.1200,  0.1365,  0.0241],
         [-0.0614,  0.4873,  0.8710, -0.0334],
         [-0.1710, -0.8649,  0.4719,  0.9503],
         [ 0.0000,  0.0000,  0.0000,  1.0000]]])
2025-04-28T17:32:23.102411 - Final transform:
[[ 0.99 -0.09  0.14  0.03]
 [-0.08  0.5   0.86 -0.04]
 [-0.14 -0.86  0.49  0.95]
 [ 0.    0.    0.    1.  ]]
2025-04-28T17:32:23.102411 - Pose:
tensor([[[ 0.9863, -0.0858,  0.1406,  0.0233],
         [-0.0791,  0.5023,  0.8611, -0.0326],
         [-0.1446, -0.8604,  0.4887,  0.9523],
         [ 0.0000,  0.0000,  0.0000,  1.0000]]])
2025-04-28T17:32:23.168278 - Final transform:
[[ 0.99 -0.1   0.13  0.03]
 [-0.07  0.47  0.88 -0.04]
 [-0.14 -0.88  0.46  0.95]
 [ 0.    0.    0.    1.  ]]
2025-04-28T17:32:23.168278 - Pose:
tensor([[[ 0.9870, -0.0955,  0.1290,  0.0228],
         [-0.0692,  0.4719,  0.8789, -0.0345],
         [-0.1448, -0.8765,  0.4591,  0.9488],
         [ 0.0000,  0.0000,  0.0000,  1.0000]]])
2025-04-28T17:32:23.235454 - Final transform:
[[ 0.99 -0.05  0.12  0.03]
 [-0.08  0.46  0.88 -0.04]
 [-0.1  -0.88  0.46  0.95]
 [ 0.    0.    0.    1.  ]]
2025-04-28T17:32:23.235454 - Pose:
tensor([[[ 0.9920, -0.0517,  0.1154,  0.0218],
         [-0.0784,  0.4647,  0.8820, -0.0342],
         [-0.0992, -0.8840,  0.4569,  0.9499],
         [ 0.0000,  0.0000,  0.0000,  1.0000]]])
2025-04-28T17:32:23.301850 - Final transform:
[[ 0.99 -0.08  0.13  0.03]
 [-0.08  0.49  0.87 -0.04]
 [-0.13 -0.87  0.48  0.95]
 [ 0.    0.    0.    1.  ]]
2025-04-28T17:32:23.301850 - Pose:
tensor([[[ 0.9886, -0.0760,  0.1299,  0.0232],
         [-0.0766,  0.4891,  0.8689, -0.0329],
         [-0.1295, -0.8689,  0.4777,  0.9506],
         [ 0.0000,  0.0000,  0.0000,  1.0000]]])
2025-04-28T17:32:23.368363 - Final transform:
[[ 0.98 -0.11  0.15  0.03]
 [-0.08  0.5   0.86 -0.04]
 [-0.17 -0.86  0.48  0.95]
 [ 0.    0.    0.    1.  ]]
2025-04-28T17:32:23.368363 - Pose:
tensor([[[ 0.9821, -0.1121,  0.1516,  0.0238],
         [-0.0762,  0.4994,  0.8630, -0.0338],
         [-0.1724, -0.8591,  0.4819,  0.9503],
         [ 0.0000,  0.0000,  0.0000,  1.0000]]])
2025-04-28T17:32:23.437506 - Final transform:
[[ 0.99 -0.08  0.13  0.03]
 [-0.07  0.48  0.87 -0.04]
 [-0.13 -0.87  0.47  0.94]
 [ 0.    0.    0.    1.  ]]
2025-04-28T17:32:23.437506 - Pose:
tensor([[[ 0.9888, -0.0811,  0.1251,  0.0239],
         [-0.0713,  0.4796,  0.8746, -0.0332],
         [-0.1309, -0.8737,  0.4684,  0.9484],
         [ 0.0000,  0.0000,  0.0000,  1.0000]]])
2025-04-28T17:32:23.503351 - Final transform:
[[ 0.98 -0.13  0.14  0.03]
 [-0.06  0.49  0.87 -0.04]
 [-0.18 -0.86  0.48  0.95]
 [ 0.    0.    0.    1.  ]]
2025-04-28T17:32:23.503351 - Pose:
tensor([[[ 0.9821, -0.1282,  0.1378,  0.0246],
         [-0.0573,  0.4937,  0.8677, -0.0331],
         [-0.1793, -0.8601,  0.4775,  0.9498],
         [ 0.0000,  0.0000,  0.0000,  1.0000]]])
2025-04-28T17:32:23.572243 - Final transform:
[[ 0.97 -0.17  0.15  0.03]
 [-0.04  0.51  0.86 -0.04]
 [-0.23 -0.84  0.49  0.95]
 [ 0.    0.    0.    1.  ]]
2025-04-28T17:32:23.572243 - Pose:
tensor([[[ 0.9732, -0.1729,  0.1517,  0.0232],
         [-0.0434,  0.5097,  0.8592, -0.0335],
         [-0.2258, -0.8428,  0.4886,  0.9494],
         [ 0.0000,  0.0000,  0.0000,  1.0000]]])
2025-04-28T17:32:23.652289 - Final transform:
[[ 0.99 -0.1   0.14  0.03]
 [-0.07  0.5   0.87 -0.04]
 [-0.16 -0.86  0.48  0.95]
 [ 0.    0.    0.    1.  ]]
2025-04-28T17:32:23.652289 - Pose:
tensor([[[ 0.9851, -0.0994,  0.1406,  0.0233],
         [-0.0734,  0.4959,  0.8653, -0.0335],
         [-0.1558, -0.8627,  0.4812,  0.9525],
         [ 0.0000,  0.0000,  0.0000,  1.0000]]])
2025-04-28T17:32:23.717767 - Final transform:
[[ 0.98 -0.14  0.16  0.03]
 [-0.07  0.5   0.86 -0.04]
 [-0.2  -0.85  0.48  0.95]
 [ 0.    0.    0.    1.  ]]
2025-04-28T17:32:23.717767 - Pose:
tensor([[[ 0.9771, -0.1389,  0.1611,  0.0244],
         [-0.0702,  0.5043,  0.8607, -0.0322],
         [-0.2008, -0.8523,  0.4830,  0.9519],
         [ 0.0000,  0.0000,  0.0000,  1.0000]]])
2025-04-28T17:32:23.784219 - Final transform:
[[ 0.98 -0.14  0.14  0.03]
 [-0.05  0.48  0.88 -0.04]
 [-0.19 -0.87  0.46  0.95]
 [ 0.    0.    0.    1.  ]]
2025-04-28T17:32:23.784219 - Pose:
tensor([[[ 0.9807, -0.1397,  0.1368,  0.0234],
         [-0.0548,  0.4751,  0.8782, -0.0332],
         [-0.1877, -0.8687,  0.4583,  0.9502],
         [ 0.0000,  0.0000,  0.0000,  1.0000]]])
2025-04-28T17:32:23.854653 - Final transform:
[[ 0.97 -0.15  0.16  0.03]
 [-0.06  0.52  0.85 -0.04]
 [-0.21 -0.84  0.5   0.95]
 [ 0.    0.    0.    1.  ]]
2025-04-28T17:32:23.854653 - Pose:
tensor([[[ 0.9749, -0.1534,  0.1615,  0.0237],
         [-0.0597,  0.5187,  0.8529, -0.0322],
         [-0.2146, -0.8411,  0.4965,  0.9534],
         [ 0.0000,  0.0000,  0.0000,  1.0000]]])
2025-04-28T17:32:23.923047 - Final transform:
[[ 0.97 -0.2   0.16  0.03]
 [-0.04  0.51  0.86 -0.04]
 [-0.26 -0.84  0.48  0.95]
 [ 0.    0.    0.    1.  ]]
2025-04-28T17:32:23.923047 - Pose:
tensor([[[ 0.9660, -0.2000,  0.1641,  0.0242],
         [-0.0409,  0.5082,  0.8603, -0.0325],
         [-0.2555, -0.8377,  0.4827,  0.9518],
         [ 0.0000,  0.0000,  0.0000,  1.0000]]])
2025-04-28T17:32:23.992885 - Final transform:
[[ 0.97 -0.17  0.16  0.03]
 [-0.05  0.51  0.86 -0.04]
 [-0.23 -0.84  0.48  0.95]
 [ 0.    0.    0.    1.  ]]
2025-04-28T17:32:23.992885 - Pose:
tensor([[[ 0.9720, -0.1719,  0.1605,  0.0241],
         [-0.0524,  0.5067,  0.8606, -0.0325],
         [-0.2293, -0.8448,  0.4834,  0.9513],
         [ 0.0000,  0.0000,  0.0000,  1.0000]]])
2025-04-28T17:32:24.061490 - Final transform:
[[ 0.98 -0.14  0.13  0.03]
 [-0.05  0.48  0.88 -0.04]
 [-0.18 -0.87  0.46  0.95]
 [ 0.    0.    0.    1.  ]]
2025-04-28T17:32:24.061490 - Pose:
tensor([[[ 0.9821, -0.1373,  0.1287,  0.0237],
         [-0.0486,  0.4756,  0.8783, -0.0339],
         [-0.1818, -0.8689,  0.4604,  0.9506],
         [ 0.0000,  0.0000,  0.0000,  1.0000]]])
2025-04-28T17:32:24.134494 - Final transform:
[[ 0.98 -0.12  0.13  0.03]
 [-0.05  0.48  0.87 -0.04]
 [-0.17 -0.87  0.47  0.95]
 [ 0.    0.    0.    1.  ]]
2025-04-28T17:32:24.134494 - Pose:
tensor([[[ 0.9844, -0.1233,  0.1253,  0.0236],
         [-0.0510,  0.4821,  0.8747, -0.0329],
         [-0.1683, -0.8674,  0.4683,  0.9491],
         [ 0.0000,  0.0000,  0.0000,  1.0000]]])
2025-04-28T17:32:24.203637 - Final transform:
[[ 0.97 -0.19  0.16  0.03]
 [-0.05  0.5   0.86 -0.04]
 [-0.25 -0.84  0.48  0.95]
 [ 0.    0.    0.    1.  ]]
2025-04-28T17:32:24.203637 - Pose:
tensor([[[ 0.9672, -0.1940,  0.1639,  0.0240],
         [-0.0452,  0.5038,  0.8626, -0.0326],
         [-0.2499, -0.8417,  0.4785,  0.9496],
         [ 0.0000,  0.0000,  0.0000,  1.0000]]])
2025-04-28T17:32:24.270271 - Final transform:
[[ 0.99 -0.1   0.13  0.03]
 [-0.07  0.48  0.87 -0.04]
 [-0.15 -0.87  0.47  0.95]
 [ 0.    0.    0.    1.  ]]
2025-04-28T17:32:24.270271 - Pose:
tensor([[[ 0.9861, -0.1008,  0.1322,  0.0238],
         [-0.0675,  0.4840,  0.8724, -0.0329],
         [-0.1519, -0.8692,  0.4705,  0.9519],
         [ 0.0000,  0.0000,  0.0000,  1.0000]]])
2025-04-28T17:32:24.334517 - Final transform:
[[ 0.98 -0.14  0.12  0.03]
 [-0.04  0.49  0.87 -0.04]
 [-0.18 -0.86  0.48  0.95]
 [ 0.    0.    0.    1.  ]]
2025-04-28T17:32:24.334517 - Pose:
tensor([[[ 0.9825, -0.1388,  0.1241,  0.0234],
         [-0.0399,  0.4939,  0.8686, -0.0330],
         [-0.1819, -0.8584,  0.4797,  0.9504],
         [ 0.0000,  0.0000,  0.0000,  1.0000]]])
2025-04-28T17:32:24.404494 - Final transform:
[[ 0.99 -0.08  0.13  0.03]
 [-0.08  0.46  0.89 -0.04]
 [-0.13 -0.89  0.45  0.95]
 [ 0.    0.    0.    1.  ]]
2025-04-28T17:32:24.404494 - Pose:
tensor([[[ 0.9888, -0.0752,  0.1292,  0.0226],
         [-0.0809,  0.4576,  0.8855, -0.0339],
         [-0.1257, -0.8859,  0.4464,  0.9496],
         [ 0.0000,  0.0000,  0.0000,  1.0000]]])
2025-04-28T17:32:24.470917 - Final transform:
[[ 0.99 -0.07  0.13  0.03]
 [-0.08  0.48  0.87 -0.04]
 [-0.12 -0.87  0.47  0.95]
 [ 0.    0.    0.    1.  ]]
2025-04-28T17:32:24.470917 - Pose:
tensor([[[ 0.9895, -0.0720,  0.1255,  0.0228],
         [-0.0755,  0.4828,  0.8724, -0.0337],
         [-0.1234, -0.8727,  0.4723,  0.9522],
         [ 0.0000,  0.0000,  0.0000,  1.0000]]])
2025-04-28T17:32:24.538945 - Final transform:
[[ 0.98 -0.14  0.15  0.03]
 [-0.06  0.49  0.87 -0.04]
 [-0.19 -0.86  0.47  0.95]
 [ 0.    0.    0.    1.  ]]
2025-04-28T17:32:24.538945 - Pose:
tensor([[[ 0.9791, -0.1395,  0.1478,  0.0249],
         [-0.0610,  0.4917,  0.8686, -0.0334],
         [-0.1939, -0.8595,  0.4729,  0.9510],
         [ 0.0000,  0.0000,  0.0000,  1.0000]]])
2025-04-28T17:32:24.606195 - Final transform:
[[ 0.98 -0.1   0.15  0.03]
 [-0.08  0.5   0.86 -0.04]
 [-0.16 -0.86  0.49  0.95]
 [ 0.    0.    0.    1.  ]]
2025-04-28T17:32:24.606195 - Pose:
tensor([[[ 0.9841, -0.0954,  0.1500,  0.0237],
         [-0.0826,  0.5015,  0.8612, -0.0324],
         [-0.1574, -0.8599,  0.4856,  0.9517],
         [ 0.0000,  0.0000,  0.0000,  1.0000]]])
2025-04-28T17:32:24.673644 - Final transform:
[[ 0.99 -0.09  0.13  0.03]
 [-0.07  0.48  0.88 -0.04]
 [-0.14 -0.87  0.46  0.95]
 [ 0.    0.    0.    1.  ]]
2025-04-28T17:32:24.673644 - Pose:
tensor([[[ 0.9869, -0.0921,  0.1322,  0.0230],
         [-0.0729,  0.4767,  0.8760, -0.0339],
         [-0.1437, -0.8742,  0.4638,  0.9504],
         [ 0.0000,  0.0000,  0.0000,  1.0000]]])
2025-04-28T17:32:24.741591 - Final transform:
[[ 0.98 -0.11  0.14  0.03]
 [-0.07  0.48  0.87 -0.04]
 [-0.16 -0.87  0.47  0.95]
 [ 0.    0.    0.    1.  ]]
2025-04-28T17:32:24.741591 - Pose:
tensor([[[ 0.9849, -0.1052,  0.1373,  0.0231],
         [-0.0705,  0.4806,  0.8741, -0.0337],
         [-0.1579, -0.8706,  0.4660,  0.9520],
         [ 0.0000,  0.0000,  0.0000,  1.0000]]])
2025-04-28T17:32:24.808456 - Final transform:
[[ 0.99 -0.09  0.13  0.03]
 [-0.07  0.48  0.88 -0.04]
 [-0.15 -0.87  0.46  0.95]
 [ 0.    0.    0.    1.  ]]
2025-04-28T17:32:24.808456 - Pose:
tensor([[[ 0.9865, -0.0946,  0.1338,  0.0233],
         [-0.0731,  0.4764,  0.8762, -0.0335],
         [-0.1466, -0.8741,  0.4631,  0.9521],
         [ 0.0000,  0.0000,  0.0000,  1.0000]]])
2025-04-28T17:32:24.875351 - Final transform:
[[ 0.98 -0.14  0.14  0.03]
 [-0.06  0.48  0.88 -0.04]
 [-0.19 -0.87  0.46  0.95]
 [ 0.    0.    0.    1.  ]]
2025-04-28T17:32:24.875351 - Pose:
tensor([[[ 0.9807, -0.1378,  0.1385,  0.0236],
         [-0.0561,  0.4805,  0.8752, -0.0333],
         [-0.1871, -0.8661,  0.4635,  0.9513],
         [ 0.0000,  0.0000,  0.0000,  1.0000]]])
2025-04-28T17:32:24.941967 - Final transform:
[[ 0.99 -0.04  0.13  0.03]
 [-0.09  0.47  0.88 -0.04]
 [-0.09 -0.88  0.46  0.95]
 [ 0.    0.    0.    1.  ]]
2025-04-28T17:32:24.941967 - Pose:
tensor([[[ 0.9912, -0.0388,  0.1264,  0.0224],
         [-0.0938,  0.4674,  0.8790, -0.0344],
         [-0.0932, -0.8832,  0.4597,  0.9496],
         [ 0.0000,  0.0000,  0.0000,  1.0000]]])
2025-04-28T17:32:25.009047 - Final transform:
[[ 0.99 -0.09  0.13  0.03]
 [-0.07  0.5   0.87 -0.04]
 [-0.14 -0.86  0.48  0.95]
 [ 0.    0.    0.    1.  ]]
2025-04-28T17:32:25.009047 - Pose:
tensor([[[ 0.9873, -0.0921,  0.1292,  0.0242],
         [-0.0670,  0.4963,  0.8656, -0.0331],
         [-0.1439, -0.8632,  0.4838,  0.9530],
         [ 0.0000,  0.0000,  0.0000,  1.0000]]])
2025-04-28T17:32:25.074446 - Final transform:
[[ 0.99 -0.06  0.13  0.03]
 [-0.09  0.45  0.89 -0.04]
 [-0.11 -0.89  0.45  0.95]
 [ 0.    0.    0.    1.  ]]
2025-04-28T17:32:25.074446 - Pose:
tensor([[[ 0.9904, -0.0573,  0.1254,  0.0225],
         [-0.0859,  0.4547,  0.8865, -0.0343],
         [-0.1078, -0.8888,  0.4454,  0.9516],
         [ 0.0000,  0.0000,  0.0000,  1.0000]]])
2025-04-28T17:32:25.139045 - Final transform:
[[ 0.99 -0.08  0.15  0.03]
 [-0.09  0.47  0.88 -0.04]
 [-0.14 -0.88  0.46  0.95]
 [ 0.    0.    0.    1.  ]]
2025-04-28T17:32:25.139045 - Pose:
tensor([[[ 0.9856, -0.0831,  0.1470,  0.0218],
         [-0.0907,  0.4741,  0.8758, -0.0338],
         [-0.1424, -0.8766,  0.4597,  0.9509],
         [ 0.0000,  0.0000,  0.0000,  1.0000]]])
2025-04-28T17:32:25.208581 - Final transform:
[[ 0.99 -0.06  0.13  0.03]
 [-0.09  0.49  0.87 -0.04]
 [-0.11 -0.87  0.48  0.95]
 [ 0.    0.    0.    1.  ]]
2025-04-28T17:32:25.208581 - Pose:
tensor([[[ 0.9894, -0.0566,  0.1339,  0.0244],
         [-0.0890,  0.4925,  0.8658, -0.0329],
         [-0.1149, -0.8685,  0.4822,  0.9525],
         [ 0.0000,  0.0000,  0.0000,  1.0000]]])
2025-04-28T17:32:25.278682 - Final transform:
[[ 0.99 -0.05  0.14  0.02]
 [-0.1   0.47  0.88 -0.04]
 [-0.11 -0.88  0.46  0.95]
 [ 0.    0.    0.    1.  ]]
2025-04-28T17:32:25.278682 - Pose:
tensor([[[ 0.9890, -0.0478,  0.1400,  0.0213],
         [-0.1017,  0.4675,  0.8781, -0.0344],
         [-0.1074, -0.8827,  0.4575,  0.9506],
         [ 0.0000,  0.0000,  0.0000,  1.0000]]])
2025-04-28T17:32:25.346876 - Final transform:
[[ 0.99 -0.06  0.12  0.03]
 [-0.08  0.49  0.87 -0.04]
 [-0.11 -0.87  0.48  0.95]
 [ 0.    0.    0.    1.  ]]
2025-04-28T17:32:25.346876 - Pose:
tensor([[[ 0.9910, -0.0571,  0.1207,  0.0229],
         [-0.0771,  0.4934,  0.8664, -0.0335],
         [-0.1090, -0.8679,  0.4846,  0.9531],
         [ 0.0000,  0.0000,  0.0000,  1.0000]]])
2025-04-28T17:32:25.415336 - Final transform:
[[ 0.98 -0.12  0.13  0.03]
 [-0.06  0.47  0.88 -0.04]
 [-0.17 -0.88  0.45  0.95]
 [ 0.    0.    0.    1.  ]]
2025-04-28T17:32:25.415336 - Pose:
tensor([[[ 0.9839, -0.1245,  0.1281,  0.0234],
         [-0.0560,  0.4662,  0.8829, -0.0340],
         [-0.1696, -0.8759,  0.4517,  0.9499],
         [ 0.0000,  0.0000,  0.0000,  1.0000]]])
2025-04-28T17:32:25.482315 - Final transform:
[[ 0.99 -0.09  0.14  0.03]
 [-0.08  0.48  0.88 -0.04]
 [-0.15 -0.88  0.46  0.95]
 [ 0.    0.    0.    1.  ]]
2025-04-28T17:32:25.482315 - Pose:
tensor([[[ 0.9852, -0.0928,  0.1442,  0.0230],
         [-0.0835,  0.4751,  0.8760, -0.0337],
         [-0.1498, -0.8750,  0.4603,  0.9506],
         [ 0.0000,  0.0000,  0.0000,  1.0000]]])
2025-04-28T17:32:25.551403 - Final transform:
[[ 0.99 -0.08  0.14  0.03]
 [-0.08  0.48  0.87 -0.04]
 [-0.14 -0.87  0.47  0.95]
 [ 0.    0.    0.    1.  ]]
2025-04-28T17:32:25.551403 - Pose:
tensor([[[ 0.9872, -0.0830,  0.1361,  0.0239],
         [-0.0800,  0.4807,  0.8733, -0.0334],
         [-0.1378, -0.8730,  0.4679,  0.9516],
         [ 0.0000,  0.0000,  0.0000,  1.0000]]])
2025-04-28T17:32:25.615593 - Final transform:
[[ 0.99 -0.09  0.12  0.02]
 [-0.07  0.46  0.89 -0.04]
 [-0.14 -0.88  0.45  0.95]
 [ 0.    0.    0.    1.  ]]
2025-04-28T17:32:25.615593 - Pose:
tensor([[[ 0.9878, -0.0936,  0.1248,  0.0214],
         [-0.0683,  0.4599,  0.8854, -0.0346],
         [-0.1403, -0.8830,  0.4478,  0.9498],
         [ 0.0000,  0.0000,  0.0000,  1.0000]]])
2025-04-28T17:32:25.695535 - Final transform:
[[ 0.99 -0.09  0.14  0.03]
 [-0.08  0.49  0.87 -0.04]
 [-0.14 -0.87  0.47  0.95]
 [ 0.    0.    0.    1.  ]]
2025-04-28T17:32:25.695535 - Pose:
tensor([[[ 0.9869, -0.0882,  0.1352,  0.0241],
         [-0.0759,  0.4859,  0.8707, -0.0337],
         [-0.1425, -0.8695,  0.4729,  0.9503],
         [ 0.0000,  0.0000,  0.0000,  1.0000]]])
2025-04-28T17:32:25.764632 - Final transform:
[[ 0.99 -0.11  0.13  0.03]
 [-0.06  0.48  0.88 -0.04]
 [-0.15 -0.87  0.46  0.95]
 [ 0.    0.    0.    1.  ]]
2025-04-28T17:32:25.764632 - Pose:
tensor([[[ 0.9861, -0.1065,  0.1275,  0.0229],
         [-0.0619,  0.4762,  0.8772, -0.0333],
         [-0.1541, -0.8729,  0.4629,  0.9513],
         [ 0.0000,  0.0000,  0.0000,  1.0000]]])
2025-04-28T17:32:25.828920 - Final transform:
[[ 0.99 -0.08  0.12  0.03]
 [-0.07  0.49  0.87 -0.04]
 [-0.12 -0.87  0.48  0.95]
 [ 0.    0.    0.    1.  ]]
2025-04-28T17:32:25.828920 - Pose:
tensor([[[ 0.9899, -0.0762,  0.1194,  0.0237],
         [-0.0676,  0.4867,  0.8709, -0.0333],
         [-0.1245, -0.8702,  0.4767,  0.9498],
         [ 0.0000,  0.0000,  0.0000,  1.0000]]])
2025-04-28T17:32:25.905380 - Final transform:
[[ 0.98 -0.13  0.14  0.03]
 [-0.06  0.49  0.87 -0.04]
 [-0.18 -0.86  0.48  0.95]
 [ 0.    0.    0.    1.  ]]
2025-04-28T17:32:25.905380 - Pose:
tensor([[[ 0.9816, -0.1291,  0.1410,  0.0246],
         [-0.0595,  0.4949,  0.8669, -0.0329],
         [-0.1817, -0.8593,  0.4781,  0.9518],
         [ 0.0000,  0.0000,  0.0000,  1.0000]]])
2025-04-28T17:32:25.984243 - Final transform:
[[ 0.97 -0.17  0.17  0.03]
 [-0.06  0.5   0.86 -0.04]
 [-0.23 -0.85  0.48  0.95]
 [ 0.    0.    0.    1.  ]]
2025-04-28T17:32:25.984243 - Pose:
tensor([[[ 0.9721, -0.1660,  0.1657,  0.0249],
         [-0.0609,  0.5038,  0.8617, -0.0324],
         [-0.2265, -0.8477,  0.4797,  0.9520],
         [ 0.0000,  0.0000,  0.0000,  1.0000]]])
2025-04-28T17:32:26.051366 - Final transform:
[[ 0.98 -0.14  0.14  0.03]
 [-0.05  0.49  0.87 -0.04]
 [-0.19 -0.86  0.47  0.95]
 [ 0.    0.    0.    1.  ]]
2025-04-28T17:32:26.051366 - Pose:
tensor([[[ 0.9795, -0.1441,  0.1406,  0.0242],
         [-0.0539,  0.4852,  0.8727, -0.0330],
         [-0.1940, -0.8624,  0.4675,  0.9515],
         [ 0.0000,  0.0000,  0.0000,  1.0000]]])
2025-04-28T17:32:26.123343 - Final transform:
[[ 0.97 -0.16  0.17  0.03]
 [-0.06  0.51  0.86 -0.04]
 [-0.23 -0.84  0.49  0.95]
 [ 0.    0.    0.    1.  ]]
2025-04-28T17:32:26.123343 - Pose:
tensor([[[ 0.9711, -0.1647,  0.1725,  0.0247],
         [-0.0648,  0.5139,  0.8554, -0.0325],
         [-0.2295, -0.8419,  0.4884,  0.9513],
         [ 0.0000,  0.0000,  0.0000,  1.0000]]])
2025-04-28T17:32:26.194322 - Final transform:
[[ 0.98 -0.14  0.12  0.03]
 [-0.04  0.46  0.89 -0.04]
 [-0.18 -0.88  0.44  0.95]
 [ 0.    0.    0.    1.  ]]
2025-04-28T17:32:26.194322 - Pose:
tensor([[[ 0.9824, -0.1407,  0.1225,  0.0225],
         [-0.0449,  0.4588,  0.8874, -0.0337],
         [-0.1810, -0.8773,  0.4445,  0.9499],
         [ 0.0000,  0.0000,  0.0000,  1.0000]]])
2025-04-28T17:32:26.262553 - Final transform:
[[ 0.97 -0.17  0.17  0.03]
 [-0.06  0.53  0.84 -0.04]
 [-0.23 -0.83  0.51  0.95]
 [ 0.    0.    0.    1.  ]]
2025-04-28T17:32:26.262553 - Pose:
tensor([[[ 0.9713, -0.1651,  0.1713,  0.0252],
         [-0.0586,  0.5320,  0.8447, -0.0321],
         [-0.2306, -0.8305,  0.5071,  0.9551],
         [ 0.0000,  0.0000,  0.0000,  1.0000]]])
2025-04-28T17:32:26.331432 - Final transform:
[[ 0.97 -0.17  0.15  0.03]
 [-0.04  0.5   0.86 -0.04]
 [-0.22 -0.85  0.48  0.95]
 [ 0.    0.    0.    1.  ]]
2025-04-28T17:32:26.331432 - Pose:
tensor([[[ 0.9736, -0.1746,  0.1472,  0.0254],
         [-0.0409,  0.5008,  0.8646, -0.0330],
         [-0.2247, -0.8477,  0.4805,  0.9507],
         [ 0.0000,  0.0000,  0.0000,  1.0000]]])
2025-04-28T17:32:26.397041 - Final transform:
[[ 0.97 -0.18  0.17  0.03]
 [-0.05  0.53  0.85 -0.04]
 [-0.24 -0.83  0.5   0.95]
 [ 0.    0.    0.    1.  ]]
2025-04-28T17:32:26.397041 - Pose:
tensor([[[ 0.9698, -0.1791,  0.1657,  0.0252],
         [-0.0481,  0.5255,  0.8494, -0.0322],
         [-0.2392, -0.8317,  0.5010,  0.9513],
         [ 0.0000,  0.0000,  0.0000,  1.0000]]])
2025-04-28T17:32:26.464226 - Final transform:
[[ 0.97 -0.18  0.14  0.03]
 [-0.04  0.49  0.87 -0.04]
 [-0.23 -0.85  0.47  0.95]
 [ 0.    0.    0.    1.  ]]
2025-04-28T17:32:26.464226 - Pose:
tensor([[[ 0.9734, -0.1790,  0.1432,  0.0242],
         [-0.0380,  0.4901,  0.8708, -0.0330],
         [-0.2261, -0.8531,  0.4702,  0.9512],
         [ 0.0000,  0.0000,  0.0000,  1.0000]]])
2025-04-28T17:32:26.532101 - Final transform:
[[ 0.96 -0.21  0.18  0.03]
 [-0.04  0.52  0.85 -0.04]
 [-0.27 -0.83  0.49  0.95]
 [ 0.    0.    0.    1.  ]]
2025-04-28T17:32:26.532101 - Pose:
tensor([[[ 0.9625, -0.2062,  0.1762,  0.0245],
         [-0.0442,  0.5216,  0.8520, -0.0328],
         [-0.2676, -0.8279,  0.4929,  0.9496],
         [ 0.0000,  0.0000,  0.0000,  1.0000]]])
2025-04-28T17:32:26.598819 - Final transform:
[[ 0.98 -0.14  0.16  0.03]
 [-0.07  0.5   0.86 -0.04]
 [-0.2  -0.85  0.48  0.95]
 [ 0.    0.    0.    1.  ]]
2025-04-28T17:32:26.598819 - Pose:
tensor([[[ 0.9767, -0.1428,  0.1601,  0.0243],
         [-0.0675,  0.5035,  0.8614, -0.0328],
         [-0.2036, -0.8521,  0.4821,  0.9515],
         [ 0.0000,  0.0000,  0.0000,  1.0000]]])
2025-04-28T17:32:26.665140 - Final transform:
[[ 0.98 -0.15  0.15  0.03]
 [-0.06  0.48  0.88 -0.04]
 [-0.21 -0.87  0.46  0.95]
 [ 0.    0.    0.    1.  ]]
2025-04-28T17:32:26.665140 - Pose:
tensor([[[ 0.9769, -0.1537,  0.1485,  0.0236],
         [-0.0582,  0.4772,  0.8768, -0.0335],
         [-0.2056, -0.8652,  0.4573,  0.9515],
         [ 0.0000,  0.0000,  0.0000,  1.0000]]])
2025-04-28T17:32:26.731763 - Final transform:
[[ 0.99 -0.09  0.11  0.03]
 [-0.05  0.48  0.88 -0.04]
 [-0.13 -0.87  0.47  0.95]
 [ 0.    0.    0.    1.  ]]
2025-04-28T17:32:26.731763 - Pose:
tensor([[[ 0.9894, -0.0926,  0.1122,  0.0230],
         [-0.0548,  0.4770,  0.8772, -0.0345],
         [-0.1348, -0.8740,  0.4668,  0.9502],
         [ 0.0000,  0.0000,  0.0000,  1.0000]]])
2025-04-28T17:32:26.798813 - Final transform:
[[ 0.98 -0.13  0.16  0.03]
 [-0.07  0.52  0.85 -0.04]
 [-0.2  -0.85  0.5   0.95]
 [ 0.    0.    0.    1.  ]]
2025-04-28T17:32:26.798813 - Pose:
tensor([[[ 0.9779, -0.1331,  0.1611,  0.0241],
         [-0.0701,  0.5173,  0.8529, -0.0323],
         [-0.1968, -0.8454,  0.4966,  0.9532],
         [ 0.0000,  0.0000,  0.0000,  1.0000]]])
2025-04-28T17:32:26.867830 - Final transform:
[[ 0.98 -0.12  0.13  0.03]
 [-0.06  0.49  0.87 -0.04]
 [-0.17 -0.86  0.48  0.95]
 [ 0.    0.    0.    1.  ]]
2025-04-28T17:32:26.867830 - Pose:
tensor([[[ 0.9841, -0.1153,  0.1347,  0.0232],
         [-0.0612,  0.4920,  0.8684, -0.0331],
         [-0.1665, -0.8629,  0.4772,  0.9503],
         [ 0.0000,  0.0000,  0.0000,  1.0000]]])
2025-04-28T17:32:26.934973 - Final transform:
[[ 0.99 -0.1   0.13  0.03]
 [-0.06  0.49  0.87 -0.04]
 [-0.15 -0.87  0.47  0.95]
 [ 0.    0.    0.    1.  ]]
2025-04-28T17:32:26.934973 - Pose:
tensor([[[ 0.9870, -0.0990,  0.1265,  0.0241],
         [-0.0630,  0.4857,  0.8718, -0.0334],
         [-0.1478, -0.8685,  0.4732,  0.9508],
         [ 0.0000,  0.0000,  0.0000,  1.0000]]])
2025-04-28T17:32:27.002503 - Final transform:
[[ 0.99 -0.1   0.12  0.03]
 [-0.06  0.49  0.87 -0.04]
 [-0.14 -0.87  0.48  0.95]
 [ 0.    0.    0.    1.  ]]
2025-04-28T17:32:27.002503 - Pose:
tensor([[[ 0.9875, -0.0965,  0.1248,  0.0232],
         [-0.0625,  0.4874,  0.8710, -0.0342],
         [-0.1449, -0.8678,  0.4752,  0.9505],
         [ 0.0000,  0.0000,  0.0000,  1.0000]]])
2025-04-28T17:32:27.072592 - Final transform:
[[ 0.99 -0.09  0.12  0.03]
 [-0.06  0.49  0.87 -0.04]
 [-0.13 -0.87  0.48  0.95]
 [ 0.    0.    0.    1.  ]]
2025-04-28T17:32:27.072592 - Pose:
tensor([[[ 0.9892, -0.0857,  0.1189,  0.0237],
         [-0.0624,  0.4880,  0.8706, -0.0331],
         [-0.1327, -0.8686,  0.4774,  0.9504],
         [ 0.0000,  0.0000,  0.0000,  1.0000]]])
2025-04-28T17:32:27.141404 - Final transform:
[[ 0.98 -0.12  0.15  0.03]
 [-0.07  0.49  0.87 -0.04]
 [-0.18 -0.86  0.47  0.95]
 [ 0.    0.    0.    1.  ]]
2025-04-28T17:32:27.141404 - Pose:
tensor([[[ 0.9814, -0.1226,  0.1479,  0.0246],
         [-0.0700,  0.4887,  0.8696, -0.0333],
         [-0.1789, -0.8638,  0.4710,  0.9500],
         [ 0.0000,  0.0000,  0.0000,  1.0000]]])
2025-04-28T17:32:27.207700 - Final transform:
[[ 0.96 -0.24  0.17  0.03]
 [-0.02  0.53  0.85 -0.04]
 [-0.29 -0.81  0.51  0.95]
 [ 0.    0.    0.    1.  ]]
2025-04-28T17:32:27.207700 - Pose:
tensor([[[ 0.9568, -0.2356,  0.1704,  0.0261],
         [-0.0190,  0.5342,  0.8452, -0.0330],
         [-0.2902, -0.8119,  0.5066,  0.9509],
         [ 0.0000,  0.0000,  0.0000,  1.0000]]])
2025-04-28T17:32:27.272555 - Final transform:
[[ 0.97 -0.17  0.16  0.03]
 [-0.06  0.5   0.86 -0.04]
 [-0.23 -0.85  0.48  0.95]
 [ 0.    0.    0.    1.  ]]
2025-04-28T17:32:27.272555 - Pose:
tensor([[[ 0.9717, -0.1694,  0.1647,  0.0243],
         [-0.0588,  0.5019,  0.8629, -0.0330],
         [-0.2289, -0.8482,  0.4777,  0.9507],
         [ 0.0000,  0.0000,  0.0000,  1.0000]]])
2025-04-28T17:32:27.348918 - Final transform:
[[ 0.97 -0.18  0.16  0.03]
 [-0.05  0.5   0.86 -0.04]
 [-0.24 -0.85  0.48  0.95]
 [ 0.    0.    0.    1.  ]]
2025-04-28T17:32:27.348918 - Pose:
tensor([[[ 0.9705, -0.1816,  0.1586,  0.0248],
         [-0.0470,  0.5027,  0.8632, -0.0331],
         [-0.2365, -0.8452,  0.4793,  0.9509],
         [ 0.0000,  0.0000,  0.0000,  1.0000]]])
2025-04-28T17:32:27.415413 - Final transform:
[[ 0.97 -0.21  0.16  0.03]
 [-0.03  0.52  0.86 -0.04]
 [-0.26 -0.83  0.49  0.95]
 [ 0.    0.    0.    1.  ]]
2025-04-28T17:32:27.415413 - Pose:
tensor([[[ 0.9652, -0.2095,  0.1563,  0.0238],
         [-0.0269,  0.5154,  0.8566, -0.0328],
         [-0.2600, -0.8310,  0.4918,  0.9506],
         [ 0.0000,  0.0000,  0.0000,  1.0000]]])
2025-04-28T17:32:27.483986 - Final transform:
[[ 0.98 -0.14  0.15  0.03]
 [-0.06  0.51  0.86 -0.04]
 [-0.19 -0.85  0.49  0.95]
 [ 0.    0.    0.    1.  ]]
2025-04-28T17:32:27.483986 - Pose:
tensor([[[ 0.9795, -0.1389,  0.1457,  0.0242],
         [-0.0558,  0.5079,  0.8596, -0.0330],
         [-0.1934, -0.8501,  0.4898,  0.9522],
         [ 0.0000,  0.0000,  0.0000,  1.0000]]])
2025-04-28T17:32:27.549753 - Final transform:
[[ 0.98 -0.08  0.15  0.03]
 [-0.09  0.49  0.87 -0.04]
 [-0.15 -0.87  0.48  0.95]
 [ 0.    0.    0.    1.  ]]
2025-04-28T17:32:27.549753 - Pose:
tensor([[[ 0.9848, -0.0821,  0.1530,  0.0239],
         [-0.0933,  0.4925,  0.8653, -0.0330],
         [-0.1464, -0.8664,  0.4774,  0.9518],
         [ 0.0000,  0.0000,  0.0000,  1.0000]]])
2025-04-28T17:32:27.616308 - Final transform:
[[ 0.98 -0.12  0.14  0.03]
 [-0.06  0.5   0.86 -0.04]
 [-0.17 -0.86  0.48  0.95]
 [ 0.    0.    0.    1.  ]]
2025-04-28T17:32:27.616308 - Pose:
tensor([[[ 0.9839, -0.1162,  0.1361,  0.0240],
         [-0.0606,  0.4997,  0.8641, -0.0329],
         [-0.1684, -0.8583,  0.4846,  0.9512],
         [ 0.0000,  0.0000,  0.0000,  1.0000]]])
2025-04-28T17:32:27.679986 - Final transform:
[[ 0.99 -0.05  0.13  0.03]
 [-0.09  0.48  0.87 -0.04]
 [-0.11 -0.88  0.47  0.95]
 [ 0.    0.    0.    1.  ]]
2025-04-28T17:32:27.679986 - Pose:
tensor([[[ 0.9907, -0.0513,  0.1262,  0.0231],
         [-0.0863,  0.4804,  0.8728, -0.0338],
         [-0.1054, -0.8756,  0.4715,  0.9521],
         [ 0.0000,  0.0000,  0.0000,  1.0000]]])
2025-04-28T17:32:27.744115 - Final transform:
[[ 0.99 -0.05  0.12  0.03]
 [-0.08  0.47  0.88 -0.04]
 [-0.1  -0.88  0.46  0.95]
 [ 0.    0.    0.    1.  ]]
2025-04-28T17:32:27.744115 - Pose:
tensor([[[ 0.9919, -0.0517,  0.1164,  0.0227],
         [-0.0786,  0.4711,  0.8785, -0.0329],
         [-0.1002, -0.8805,  0.4632,  0.9518],
         [ 0.0000,  0.0000,  0.0000,  1.0000]]])
2025-04-28T17:32:27.808017 - Final transform:
[[ 0.98 -0.17  0.12  0.03]
 [-0.03  0.47  0.88 -0.04]
 [-0.21 -0.87  0.45  0.94]
 [ 0.    0.    0.    1.  ]]
2025-04-28T17:32:27.808017 - Pose:
tensor([[[ 0.9767, -0.1747,  0.1243,  0.0241],
         [-0.0294,  0.4651,  0.8847, -0.0339],
         [-0.2124, -0.8678,  0.4492,  0.9487],
         [ 0.0000,  0.0000,  0.0000,  1.0000]]])
2025-04-28T17:32:27.880982 - Final transform:
[[ 0.98 -0.13  0.15  0.03]
 [-0.07  0.48  0.88 -0.04]
 [-0.19 -0.87  0.46  0.95]
 [ 0.    0.    0.    1.  ]]
2025-04-28T17:32:27.880982 - Pose:
tensor([[[ 0.9792, -0.1317,  0.1545,  0.0238],
         [-0.0740,  0.4775,  0.8755, -0.0339],
         [-0.1891, -0.8687,  0.4578,  0.9513],
         [ 0.0000,  0.0000,  0.0000,  1.0000]]])
2025-04-28T17:32:27.954072 - Final transform:
[[ 0.98 -0.11  0.14  0.03]
 [-0.07  0.48  0.88 -0.04]
 [-0.16 -0.87  0.46  0.95]
 [ 0.    0.    0.    1.  ]]
2025-04-28T17:32:27.954072 - Pose:
tensor([[[ 0.9839, -0.1115,  0.1398,  0.0231],
         [-0.0705,  0.4768,  0.8762, -0.0336],
         [-0.1644, -0.8719,  0.4612,  0.9510],
         [ 0.0000,  0.0000,  0.0000,  1.0000]]])
2025-04-28T17:32:28.021402 - Final transform:
[[ 0.98 -0.12  0.15  0.03]
 [-0.08  0.47  0.88 -0.04]
 [-0.18 -0.87  0.45  0.95]
 [ 0.    0.    0.    1.  ]]
2025-04-28T17:32:28.021402 - Pose:
tensor([[[ 0.9812, -0.1215,  0.1501,  0.0231],
         [-0.0764,  0.4697,  0.8795, -0.0340],
         [-0.1774, -0.8744,  0.4515,  0.9497],
         [ 0.0000,  0.0000,  0.0000,  1.0000]]])
2025-04-28T17:32:28.091586 - Final transform:
[[ 0.98 -0.11  0.14  0.03]
 [-0.07  0.49  0.87 -0.04]
 [-0.17 -0.87  0.47  0.95]
 [ 0.    0.    0.    1.  ]]
2025-04-28T17:32:28.091586 - Pose:
tensor([[[ 0.9834, -0.1133,  0.1420,  0.0243],
         [-0.0698,  0.4857,  0.8713, -0.0331],
         [-0.1676, -0.8667,  0.4698,  0.9521],
         [ 0.0000,  0.0000,  0.0000,  1.0000]]])
2025-04-28T17:32:28.161381 - Final transform:
[[ 0.98 -0.12  0.14  0.03]
 [-0.06  0.48  0.87 -0.04]
 [-0.17 -0.87  0.47  0.95]
 [ 0.    0.    0.    1.  ]]
2025-04-28T17:32:28.161381 - Pose:
tensor([[[ 0.9829, -0.1218,  0.1384,  0.0230],
         [-0.0629,  0.4845,  0.8725, -0.0340],
         [-0.1733, -0.8663,  0.4685,  0.9494],
         [ 0.0000,  0.0000,  0.0000,  1.0000]]])
2025-04-28T17:32:28.231897 - Final transform:
[[ 0.99 -0.11  0.13  0.03]
 [-0.06  0.48  0.88 -0.04]
 [-0.15 -0.87  0.47  0.95]
 [ 0.    0.    0.    1.  ]]
2025-04-28T17:32:28.231897 - Pose:
tensor([[[ 0.9863, -0.1051,  0.1271,  0.0239],
         [-0.0617,  0.4795,  0.8754, -0.0344],
         [-0.1530, -0.8712,  0.4665,  0.9495],
         [ 0.0000,  0.0000,  0.0000,  1.0000]]])
2025-04-28T17:32:28.302035 - Final transform:
[[ 0.99 -0.07  0.12  0.03]
 [-0.07  0.47  0.88 -0.04]
 [-0.12 -0.88  0.46  0.95]
 [ 0.    0.    0.    1.  ]]
2025-04-28T17:32:28.302035 - Pose:
tensor([[[ 0.9904, -0.0686,  0.1202,  0.0229],
         [-0.0744,  0.4688,  0.8801, -0.0346],
         [-0.1168, -0.8806,  0.4592,  0.9489],
         [ 0.0000,  0.0000,  0.0000,  1.0000]]])
2025-04-28T17:32:28.370042 - Final transform:
[[ 0.99 -0.03  0.12  0.03]
 [-0.1   0.47  0.88 -0.04]
 [-0.08 -0.88  0.46  0.95]
 [ 0.    0.    0.    1.  ]]
2025-04-28T17:32:28.370042 - Pose:
tensor([[[ 0.9919, -0.0256,  0.1247,  0.0233],
         [-0.0983,  0.4688,  0.8778, -0.0336],
         [-0.0809, -0.8830,  0.4624,  0.9528],
         [ 0.0000,  0.0000,  0.0000,  1.0000]]])
2025-04-28T17:32:28.438341 - Final transform:
[[ 0.98 -0.17  0.12  0.03]
 [-0.03  0.48  0.87 -0.04]
 [-0.21 -0.86  0.47  0.94]
 [ 0.    0.    0.    1.  ]]
2025-04-28T17:32:28.438341 - Pose:
tensor([[[ 0.9778, -0.1684,  0.1244,  0.0236],
         [-0.0279,  0.4844,  0.8744, -0.0339],
         [-0.2075, -0.8585,  0.4690,  0.9487],
         [ 0.0000,  0.0000,  0.0000,  1.0000]]])
2025-04-28T17:32:28.505400 - Final transform:
[[ 0.98 -0.14  0.17  0.03]
 [-0.08  0.52  0.85 -0.04]
 [-0.21 -0.85  0.49  0.95]
 [ 0.    0.    0.    1.  ]]
2025-04-28T17:32:28.505400 - Pose:
tensor([[[ 0.9752, -0.1403,  0.1712,  0.0231],
         [-0.0756,  0.5160,  0.8532, -0.0322],
         [-0.2081, -0.8450,  0.4926,  0.9524],
         [ 0.0000,  0.0000,  0.0000,  1.0000]]])
2025-04-28T17:32:28.574444 - Final transform:
[[ 0.98 -0.16  0.15  0.03]
 [-0.05  0.5   0.86 -0.04]
 [-0.21 -0.85  0.48  0.95]
 [ 0.    0.    0.    1.  ]]
2025-04-28T17:32:28.574444 - Pose:
tensor([[[ 0.9752, -0.1603,  0.1523,  0.0235],
         [-0.0522,  0.5022,  0.8632, -0.0329],
         [-0.2149, -0.8497,  0.4814,  0.9515],
         [ 0.0000,  0.0000,  0.0000,  1.0000]]])
2025-04-28T17:32:28.644435 - Final transform:
[[ 0.99 -0.06  0.14  0.03]
 [-0.1   0.48  0.87 -0.04]
 [-0.12 -0.88  0.46  0.95]
 [ 0.    0.    0.    1.  ]]
2025-04-28T17:32:28.644435 - Pose:
tensor([[[ 0.9880, -0.0551,  0.1444,  0.0230],
         [-0.1012,  0.4759,  0.8736, -0.0335],
         [-0.1168, -0.8778,  0.4647,  0.9502],
         [ 0.0000,  0.0000,  0.0000,  1.0000]]])
2025-04-28T17:32:28.714806 - Final transform:
[[ 0.99 -0.07  0.14  0.03]
 [-0.09  0.48  0.87 -0.04]
 [-0.13 -0.87  0.47  0.95]
 [ 0.    0.    0.    1.  ]]
2025-04-28T17:32:28.714806 - Pose:
tensor([[[ 0.9879, -0.0691,  0.1391,  0.0235],
         [-0.0892,  0.4810,  0.8721, -0.0335],
         [-0.1272, -0.8740,  0.4690,  0.9521],
         [ 0.0000,  0.0000,  0.0000,  1.0000]]])
2025-04-28T17:32:28.780695 - Final transform:
[[ 0.98 -0.11  0.13  0.03]
 [-0.06  0.5   0.87 -0.04]
 [-0.16 -0.86  0.48  0.95]
 [ 0.    0.    0.    1.  ]]
2025-04-28T17:32:28.780695 - Pose:
tensor([[[ 0.9849, -0.1105,  0.1334,  0.0243],
         [-0.0616,  0.4963,  0.8660, -0.0328],
         [-0.1619, -0.8611,  0.4820,  0.9503],
         [ 0.0000,  0.0000,  0.0000,  1.0000]]])
2025-04-28T17:32:28.845719 - Final transform:
[[ 0.98 -0.14  0.14  0.03]
 [-0.05  0.48  0.88 -0.04]
 [-0.19 -0.87  0.46  0.95]
 [ 0.    0.    0.    1.  ]]
2025-04-28T17:32:28.845719 - Pose:
tensor([[[ 0.9797, -0.1439,  0.1399,  0.0240],
         [-0.0549,  0.4787,  0.8763, -0.0333],
         [-0.1930, -0.8661,  0.4611,  0.9498],
         [ 0.0000,  0.0000,  0.0000,  1.0000]]])
2025-04-28T17:32:28.912631 - Final transform:
[[ 0.99 -0.07  0.12  0.03]
 [-0.07  0.48  0.88 -0.04]
 [-0.12 -0.88  0.47  0.95]
 [ 0.    0.    0.    1.  ]]
2025-04-28T17:32:28.912631 - Pose:
tensor([[[ 0.9900, -0.0724,  0.1208,  0.0229],
         [-0.0722,  0.4756,  0.8767, -0.0341],
         [-0.1209, -0.8767,  0.4656,  0.9489],
         [ 0.0000,  0.0000,  0.0000,  1.0000]]])
2025-04-28T17:32:28.986155 - Final transform:
[[ 0.97 -0.16  0.17  0.03]
 [-0.07  0.51  0.86 -0.04]
 [-0.22 -0.85  0.48  0.95]
 [ 0.    0.    0.    1.  ]]
2025-04-28T17:32:28.986155 - Pose:
tensor([[[ 0.9724, -0.1615,  0.1686,  0.0244],
         [-0.0651,  0.5062,  0.8600, -0.0325],
         [-0.2242, -0.8472,  0.4817,  0.9503],
         [ 0.0000,  0.0000,  0.0000,  1.0000]]])
2025-04-28T17:32:29.060133 - Final transform:
[[ 0.97 -0.18  0.14  0.03]
 [-0.04  0.48  0.87 -0.04]
 [-0.22 -0.86  0.46  0.95]
 [ 0.    0.    0.    1.  ]]
2025-04-28T17:32:29.060133 - Pose:
tensor([[[ 0.9738, -0.1765,  0.1436,  0.0227],
         [-0.0410,  0.4845,  0.8738, -0.0341],
         [-0.2238, -0.8568,  0.4646,  0.9497],
         [ 0.0000,  0.0000,  0.0000,  1.0000]]])
2025-04-28T17:32:29.132045 - Final transform:
[[ 0.98 -0.15  0.14  0.03]
 [-0.05  0.49  0.87 -0.04]
 [-0.2  -0.86  0.48  0.94]
 [ 0.    0.    0.    1.  ]]
2025-04-28T17:32:29.132045 - Pose:
tensor([[[ 0.9786, -0.1493,  0.1417,  0.0231],
         [-0.0505,  0.4933,  0.8684, -0.0338],
         [-0.1996, -0.8570,  0.4752,  0.9487],
         [ 0.0000,  0.0000,  0.0000,  1.0000]]])
2025-04-28T17:32:29.198899 - Final transform:
[[ 0.99 -0.09  0.14  0.03]
 [-0.07  0.49  0.87 -0.04]
 [-0.15 -0.87  0.48  0.95]
 [ 0.    0.    0.    1.  ]]
2025-04-28T17:32:29.198899 - Pose:
tensor([[[ 0.9861, -0.0946,  0.1368,  0.0229],
         [-0.0735,  0.4899,  0.8687, -0.0337],
         [-0.1492, -0.8666,  0.4761,  0.9496],
         [ 0.0000,  0.0000,  0.0000,  1.0000]]])
2025-04-28T17:32:29.267615 - Final transform:
[[ 0.98 -0.13  0.14  0.03]
 [-0.06  0.49  0.87 -0.04]
 [-0.19 -0.86  0.47  0.95]
 [ 0.    0.    0.    1.  ]]
2025-04-28T17:32:29.267615 - Pose:
tensor([[[ 0.9810, -0.1339,  0.1403,  0.0231],
         [-0.0576,  0.4896,  0.8701, -0.0338],
         [-0.1852, -0.8616,  0.4725,  0.9499],
         [ 0.0000,  0.0000,  0.0000,  1.0000]]])
2025-04-28T17:32:29.334326 - Final transform:
[[ 0.99 -0.07  0.13  0.03]
 [-0.08  0.49  0.87 -0.04]
 [-0.12 -0.87  0.48  0.95]
 [ 0.    0.    0.    1.  ]]
2025-04-28T17:32:29.334326 - Pose:
tensor([[[ 0.9893, -0.0674,  0.1292,  0.0239],
         [-0.0802,  0.4884,  0.8689, -0.0340],
         [-0.1217, -0.8700,  0.4777,  0.9493],
         [ 0.0000,  0.0000,  0.0000,  1.0000]]])
2025-04-28T17:32:29.399689 - Final transform:
[[ 0.98 -0.1   0.14  0.03]
 [-0.08  0.48  0.87 -0.04]
 [-0.16 -0.87  0.47  0.94]
 [ 0.    0.    0.    1.  ]]
2025-04-28T17:32:29.399689 - Pose:
tensor([[[ 0.9844, -0.1036,  0.1421,  0.0233],
         [-0.0750,  0.4837,  0.8720, -0.0339],
         [-0.1591, -0.8691,  0.4684,  0.9479],
         [ 0.0000,  0.0000,  0.0000,  1.0000]]])
2025-04-28T17:32:29.467123 - Final transform:
[[ 0.97 -0.2   0.15  0.03]
 [-0.03  0.49  0.87 -0.04]
 [-0.25 -0.85  0.46  0.95]
 [ 0.    0.    0.    1.  ]]
2025-04-28T17:32:29.467123 - Pose:
tensor([[[ 0.9672, -0.2046,  0.1502,  0.0233],
         [-0.0331,  0.4852,  0.8738, -0.0334],
         [-0.2517, -0.8501,  0.4625,  0.9507],
         [ 0.0000,  0.0000,  0.0000,  1.0000]]])
2025-04-28T17:32:29.533320 - Final transform:
[[ 0.99 -0.08  0.14  0.03]
 [-0.09  0.46  0.88 -0.04]
 [-0.14 -0.88  0.45  0.95]
 [ 0.    0.    0.    1.  ]]
2025-04-28T17:32:29.533320 - Pose:
tensor([[[ 0.9860, -0.0843,  0.1436,  0.0245],
         [-0.0886,  0.4642,  0.8813, -0.0334],
         [-0.1410, -0.8817,  0.4503,  0.9498],
         [ 0.0000,  0.0000,  0.0000,  1.0000]]])
2025-04-28T17:32:29.602810 - Final transform:
[[ 0.98 -0.13  0.15  0.03]
 [-0.07  0.49  0.87 -0.04]
 [-0.18 -0.86  0.48  0.95]
 [ 0.    0.    0.    1.  ]]
2025-04-28T17:32:29.602810 - Pose:
tensor([[[ 0.9806, -0.1261,  0.1501,  0.0238],
         [-0.0691,  0.4945,  0.8664, -0.0329],
         [-0.1835, -0.8600,  0.4762,  0.9493],
         [ 0.0000,  0.0000,  0.0000,  1.0000]]])
