2025-04-28T17:45:17.723607 - Final transform:
[[ 0.31  0.95  0.07  0.23]
 [-0.52  0.11  0.85 -0.1 ]
 [ 0.79 -0.3   0.53  0.94]
 [ 0.    0.    0.    1.  ]]
2025-04-28T17:45:17.723607 - Pose:
tensor([[[ 0.3132,  0.9474,  0.0663,  0.2306],
         [-0.5203,  0.1128,  0.8465, -0.1314],
         [ 0.7944, -0.2996,  0.5283,  0.9153],
         [ 0.0000,  0.0000,  0.0000,  1.0000]]])
2025-04-28T17:45:17.801922 - Final transform:
[[ 0.29  0.95  0.06  0.23]
 [-0.53  0.11  0.84 -0.1 ]
 [ 0.79 -0.28  0.54  0.94]
 [ 0.    0.    0.    1.  ]]
2025-04-28T17:45:17.801922 - Pose:
tensor([[[ 0.2945,  0.9536,  0.0631,  0.2302],
         [-0.5348,  0.1097,  0.8378, -0.1322],
         [ 0.7920, -0.2805,  0.5423,  0.9154],
         [ 0.0000,  0.0000,  0.0000,  1.0000]]])
2025-04-28T17:45:17.871390 - Final transform:
[[ 0.32  0.94  0.07  0.23]
 [-0.53  0.12  0.84 -0.1 ]
 [ 0.79 -0.31  0.53  0.94]
 [ 0.    0.    0.    1.  ]]
2025-04-28T17:45:17.871390 - Pose:
tensor([[[ 0.3203,  0.9447,  0.0704,  0.2306],
         [-0.5255,  0.1153,  0.8430, -0.1317],
         [ 0.7882, -0.3070,  0.5334,  0.9152],
         [ 0.0000,  0.0000,  0.0000,  1.0000]]])
2025-04-28T17:45:17.938449 - Final transform:
[[ 0.3   0.95  0.07  0.23]
 [-0.54  0.11  0.83 -0.1 ]
 [ 0.78 -0.29  0.55  0.94]
 [ 0.    0.    0.    1.  ]]
2025-04-28T17:45:17.938449 - Pose:
tensor([[[ 0.3010,  0.9511,  0.0687,  0.2305],
         [-0.5418,  0.1113,  0.8331, -0.1323],
         [ 0.7848, -0.2880,  0.5488,  0.9156],
         [ 0.0000,  0.0000,  0.0000,  1.0000]]])
2025-04-28T17:45:18.005358 - Final transform:
[[ 0.3   0.95  0.06  0.23]
 [-0.52  0.11  0.85 -0.1 ]
 [ 0.8  -0.29  0.53  0.94]
 [ 0.    0.    0.    1.  ]]
2025-04-28T17:45:18.005358 - Pose:
tensor([[[ 0.3022,  0.9514,  0.0594,  0.2306],
         [-0.5177,  0.1115,  0.8483, -0.1320],
         [ 0.8004, -0.2871,  0.5262,  0.9149],
         [ 0.0000,  0.0000,  0.0000,  1.0000]]])
2025-04-28T17:45:18.072077 - Final transform:
[[ 0.31  0.95  0.06  0.23]
 [-0.52  0.11  0.85 -0.1 ]
 [ 0.8  -0.29  0.53  0.94]
 [ 0.    0.    0.    1.  ]]
2025-04-28T17:45:18.072077 - Pose:
tensor([[[ 0.3056,  0.9502,  0.0608,  0.2305],
         [-0.5190,  0.1128,  0.8473, -0.1319],
         [ 0.7983, -0.2905,  0.5276,  0.9161],
         [ 0.0000,  0.0000,  0.0000,  1.0000]]])
2025-04-28T17:45:18.140054 - Final transform:
[[ 0.28  0.96  0.07  0.23]
 [-0.54  0.09  0.84 -0.1 ]
 [ 0.8  -0.27  0.54  0.94]
 [ 0.    0.    0.    1.  ]]
2025-04-28T17:45:18.140054 - Pose:
tensor([[[ 0.2753,  0.9589,  0.0685,  0.2303],
         [-0.5362,  0.0940,  0.8389, -0.1318],
         [ 0.7980, -0.2677,  0.5400,  0.9152],
         [ 0.0000,  0.0000,  0.0000,  1.0000]]])
2025-04-28T17:45:18.210963 - Final transform:
[[ 0.28  0.96  0.07  0.23]
 [-0.53  0.1   0.84 -0.1 ]
 [ 0.8  -0.27  0.54  0.94]
 [ 0.    0.    0.    1.  ]]
2025-04-28T17:45:18.210963 - Pose:
tensor([[[ 0.2814,  0.9572,  0.0675,  0.2306],
         [-0.5339,  0.0977,  0.8399, -0.1317],
         [ 0.7974, -0.2723,  0.5385,  0.9158],
         [ 0.0000,  0.0000,  0.0000,  1.0000]]])
2025-04-28T17:45:18.278895 - Final transform:
[[ 0.27  0.96  0.07  0.23]
 [-0.52  0.09  0.85 -0.1 ]
 [ 0.81 -0.26  0.53  0.94]
 [ 0.    0.    0.    1.  ]]
2025-04-28T17:45:18.278895 - Pose:
tensor([[[ 0.2717,  0.9602,  0.0653,  0.2301],
         [-0.5243,  0.0907,  0.8467, -0.1330],
         [ 0.8071, -0.2643,  0.5280,  0.9138],
         [ 0.0000,  0.0000,  0.0000,  1.0000]]])
2025-04-28T17:45:18.347967 - Final transform:
[[ 0.27  0.96  0.07  0.23]
 [-0.53  0.09  0.84 -0.1 ]
 [ 0.8  -0.26  0.53  0.94]
 [ 0.    0.    0.    1.  ]]
2025-04-28T17:45:18.347967 - Pose:
tensor([[[ 0.2672,  0.9614,  0.0654,  0.2297],
         [-0.5299,  0.0899,  0.8433, -0.1329],
         [ 0.8049, -0.2600,  0.5335,  0.9147],
         [ 0.0000,  0.0000,  0.0000,  1.0000]]])
2025-04-28T17:45:18.418516 - Final transform:
[[ 0.28  0.96  0.06  0.23]
 [-0.52  0.1   0.85 -0.1 ]
 [ 0.81 -0.26  0.53  0.94]
 [ 0.    0.    0.    1.  ]]
2025-04-28T17:45:18.418516 - Pose:
tensor([[[ 0.2758,  0.9594,  0.0587,  0.2303],
         [-0.5250,  0.0991,  0.8453, -0.1314],
         [ 0.8052, -0.2639,  0.5310,  0.9158],
         [ 0.0000,  0.0000,  0.0000,  1.0000]]])
2025-04-28T17:45:18.486516 - Final transform:
[[ 0.27  0.96  0.06  0.23]
 [-0.53  0.1   0.84 -0.1 ]
 [ 0.81 -0.26  0.53  0.94]
 [ 0.    0.    0.    1.  ]]
2025-04-28T17:45:18.486516 - Pose:
tensor([[[ 0.2708,  0.9608,  0.0591,  0.2303],
         [-0.5265,  0.0964,  0.8447, -0.1319],
         [ 0.8059, -0.2599,  0.5320,  0.9140],
         [ 0.0000,  0.0000,  0.0000,  1.0000]]])
2025-04-28T17:45:18.553533 - Final transform:
[[ 0.27  0.96  0.07  0.23]
 [-0.53  0.09  0.84 -0.1 ]
 [ 0.8  -0.26  0.53  0.94]
 [ 0.    0.    0.    1.  ]]
2025-04-28T17:45:18.553533 - Pose:
tensor([[[ 0.2699,  0.9606,  0.0662,  0.2300],
         [-0.5289,  0.0904,  0.8439, -0.1326],
         [ 0.8047, -0.2628,  0.5324,  0.9150],
         [ 0.0000,  0.0000,  0.0000,  1.0000]]])
2025-04-28T17:45:18.621087 - Final transform:
[[ 0.28  0.96  0.07  0.23]
 [-0.53  0.1   0.84 -0.1 ]
 [ 0.8  -0.27  0.53  0.94]
 [ 0.    0.    0.    1.  ]]
2025-04-28T17:45:18.621087 - Pose:
tensor([[[ 0.2827,  0.9568,  0.0680,  0.2303],
         [-0.5289,  0.0964,  0.8432, -0.1321],
         [ 0.8002, -0.2743,  0.5333,  0.9155],
         [ 0.0000,  0.0000,  0.0000,  1.0000]]])
2025-04-28T17:45:18.690338 - Final transform:
[[ 0.28  0.96  0.07  0.23]
 [-0.53  0.09  0.84 -0.1 ]
 [ 0.8  -0.27  0.53  0.94]
 [ 0.    0.    0.    1.  ]]
2025-04-28T17:45:18.690338 - Pose:
tensor([[[ 0.2754,  0.9590,  0.0675,  0.2305],
         [-0.5288,  0.0925,  0.8437, -0.1326],
         [ 0.8028, -0.2680,  0.5326,  0.9147],
         [ 0.0000,  0.0000,  0.0000,  1.0000]]])
2025-04-28T17:45:18.760916 - Final transform:
[[ 0.28  0.96  0.07  0.23]
 [-0.53  0.09  0.84 -0.1 ]
 [ 0.8  -0.28  0.53  0.94]
 [ 0.    0.    0.    1.  ]]
2025-04-28T17:45:18.760916 - Pose:
tensor([[[ 0.2837,  0.9562,  0.0716,  0.2299],
         [-0.5268,  0.0930,  0.8449, -0.1323],
         [ 0.8013, -0.2774,  0.5301,  0.9148],
         [ 0.0000,  0.0000,  0.0000,  1.0000]]])
2025-04-28T17:45:18.831020 - Final transform:
[[ 0.31  0.95  0.06  0.23]
 [-0.51  0.11  0.85 -0.1 ]
 [ 0.8  -0.3   0.52  0.94]
 [ 0.    0.    0.    1.  ]]
2025-04-28T17:45:18.831020 - Pose:
tensor([[[ 0.3107,  0.9485,  0.0616,  0.2303],
         [-0.5148,  0.1134,  0.8498, -0.1324],
         [ 0.7991, -0.2958,  0.5235,  0.9147],
         [ 0.0000,  0.0000,  0.0000,  1.0000]]])
2025-04-28T17:45:18.900718 - Final transform:
[[ 0.32  0.94  0.06  0.23]
 [-0.52  0.12  0.85 -0.1 ]
 [ 0.79 -0.31  0.53  0.94]
 [ 0.    0.    0.    1.  ]]
2025-04-28T17:45:18.900718 - Pose:
tensor([[[ 0.3240,  0.9438,  0.0647,  0.2308],
         [-0.5173,  0.1195,  0.8474, -0.1323],
         [ 0.7921, -0.3081,  0.5270,  0.9155],
         [ 0.0000,  0.0000,  0.0000,  1.0000]]])
2025-04-28T17:45:18.971652 - Final transform:
[[ 0.31  0.95  0.07  0.23]
 [-0.52  0.11  0.84 -0.1 ]
 [ 0.79 -0.3   0.53  0.94]
 [ 0.    0.    0.    1.  ]]
2025-04-28T17:45:18.971652 - Pose:
tensor([[[ 0.3090,  0.9485,  0.0702,  0.2299],
         [-0.5245,  0.1084,  0.8445, -0.1325],
         [ 0.7934, -0.2977,  0.5310,  0.9146],
         [ 0.0000,  0.0000,  0.0000,  1.0000]]])
2025-04-28T17:45:19.040264 - Final transform:
[[ 0.29  0.96  0.06  0.23]
 [-0.53  0.1   0.84 -0.1 ]
 [ 0.8  -0.28  0.53  0.94]
 [ 0.    0.    0.    1.  ]]
2025-04-28T17:45:19.040264 - Pose:
tensor([[[ 0.2879,  0.9555,  0.0644,  0.2305],
         [-0.5270,  0.1019,  0.8438, -0.1316],
         [ 0.7997, -0.2768,  0.5328,  0.9161],
         [ 0.0000,  0.0000,  0.0000,  1.0000]]])
2025-04-28T17:45:19.109534 - Final transform:
[[ 0.29  0.96  0.07  0.23]
 [-0.52  0.1   0.85 -0.1 ]
 [ 0.8  -0.28  0.53  0.94]
 [ 0.    0.    0.    1.  ]]
2025-04-28T17:45:19.109534 - Pose:
tensor([[[ 0.2860,  0.9557,  0.0691,  0.2304],
         [-0.5244,  0.0958,  0.8460, -0.1320],
         [ 0.8020, -0.2782,  0.5286,  0.9145],
         [ 0.0000,  0.0000,  0.0000,  1.0000]]])
2025-04-28T17:45:19.176111 - Final transform:
[[ 0.29  0.95  0.07  0.23]
 [-0.53  0.1   0.84 -0.1 ]
 [ 0.8  -0.28  0.53  0.94]
 [ 0.    0.    0.    1.  ]]
2025-04-28T17:45:19.176111 - Pose:
tensor([[[ 0.2922,  0.9538,  0.0694,  0.2306],
         [-0.5271,  0.1001,  0.8439, -0.1317],
         [ 0.7980, -0.2832,  0.5320,  0.9154],
         [ 0.0000,  0.0000,  0.0000,  1.0000]]])
2025-04-28T17:45:19.244922 - Final transform:
[[ 0.27  0.96  0.06  0.23]
 [-0.53  0.1   0.84 -0.1 ]
 [ 0.8  -0.26  0.54  0.94]
 [ 0.    0.    0.    1.  ]]
2025-04-28T17:45:19.244922 - Pose:
tensor([[[ 0.2732,  0.9600,  0.0610,  0.2302],
         [-0.5310,  0.0976,  0.8417, -0.1326],
         [ 0.8021, -0.2623,  0.5365,  0.9146],
         [ 0.0000,  0.0000,  0.0000,  1.0000]]])
2025-04-28T17:45:19.313997 - Final transform:
[[ 0.27  0.96  0.06  0.23]
 [-0.53  0.09  0.84 -0.1 ]
 [ 0.81 -0.26  0.53  0.94]
 [ 0.    0.    0.    1.  ]]
2025-04-28T17:45:19.313997 - Pose:
tensor([[[ 0.2696,  0.9608,  0.0645,  0.2306],
         [-0.5275,  0.0913,  0.8447, -0.1325],
         [ 0.8057, -0.2618,  0.5314,  0.9158],
         [ 0.0000,  0.0000,  0.0000,  1.0000]]])
2025-04-28T17:45:19.379781 - Final transform:
[[ 0.28  0.96  0.07  0.23]
 [-0.54  0.09  0.84 -0.1 ]
 [ 0.8  -0.27  0.54  0.94]
 [ 0.    0.    0.    1.  ]]
2025-04-28T17:45:19.379781 - Pose:
tensor([[[ 0.2775,  0.9583,  0.0690,  0.2298],
         [-0.5357,  0.0947,  0.8391, -0.1320],
         [ 0.7975, -0.2697,  0.5396,  0.9158],
         [ 0.0000,  0.0000,  0.0000,  1.0000]]])
2025-04-28T17:45:19.448717 - Final transform:
[[ 0.28  0.96  0.06  0.23]
 [-0.53  0.1   0.84 -0.1 ]
 [ 0.8  -0.27  0.53  0.94]
 [ 0.    0.    0.    1.  ]]
2025-04-28T17:45:19.448717 - Pose:
tensor([[[ 0.2791,  0.9582,  0.0626,  0.2302],
         [-0.5285,  0.0989,  0.8432, -0.1323],
         [ 0.8018, -0.2684,  0.5340,  0.9144],
         [ 0.0000,  0.0000,  0.0000,  1.0000]]])
2025-04-28T17:45:19.518316 - Final transform:
[[ 0.27  0.96  0.07  0.23]
 [-0.53  0.09  0.84 -0.1 ]
 [ 0.8  -0.27  0.53  0.94]
 [ 0.    0.    0.    1.  ]]
2025-04-28T17:45:19.518316 - Pose:
tensor([[[ 0.2721,  0.9598,  0.0683,  0.2304],
         [-0.5283,  0.0897,  0.8443, -0.1323],
         [ 0.8043, -0.2658,  0.5315,  0.9160],
         [ 0.0000,  0.0000,  0.0000,  1.0000]]])
2025-04-28T17:45:19.600237 - Final transform:
[[ 0.29  0.95  0.07  0.23]
 [-0.52  0.1   0.85 -0.1 ]
 [ 0.8  -0.28  0.53  0.94]
 [ 0.    0.    0.    1.  ]]
2025-04-28T17:45:19.600237 - Pose:
tensor([[[ 0.2901,  0.9547,  0.0662,  0.2310],
         [-0.5217,  0.0997,  0.8473, -0.1322],
         [ 0.8023, -0.2803,  0.5270,  0.9163],
         [ 0.0000,  0.0000,  0.0000,  1.0000]]])
2025-04-28T17:45:19.667724 - Final transform:
[[ 0.32  0.95  0.07  0.23]
 [-0.52  0.11  0.85 -0.1 ]
 [ 0.79 -0.3   0.53  0.94]
 [ 0.    0.    0.    1.  ]]
2025-04-28T17:45:19.667724 - Pose:
tensor([[[ 0.3174,  0.9457,  0.0698,  0.2308],
         [-0.5215,  0.1125,  0.8458, -0.1320],
         [ 0.7921, -0.3048,  0.5289,  0.9153],
         [ 0.0000,  0.0000,  0.0000,  1.0000]]])
2025-04-28T17:45:19.734329 - Final transform:
[[ 0.31  0.95  0.06  0.23]
 [-0.52  0.11  0.85 -0.1 ]
 [ 0.8  -0.3   0.53  0.94]
 [ 0.    0.    0.    1.  ]]
2025-04-28T17:45:19.734329 - Pose:
tensor([[[ 0.3121,  0.9480,  0.0630,  0.2306],
         [-0.5174,  0.1140,  0.8481, -0.1315],
         [ 0.7968, -0.2973,  0.5261,  0.9151],
         [ 0.0000,  0.0000,  0.0000,  1.0000]]])
2025-04-28T17:45:19.799127 - Final transform:
[[ 0.32  0.95  0.06  0.23]
 [-0.53  0.12  0.84 -0.1 ]
 [ 0.79 -0.3   0.54  0.94]
 [ 0.    0.    0.    1.  ]]
2025-04-28T17:45:19.799127 - Pose:
tensor([[[ 0.3206,  0.9450,  0.0641,  0.2309],
         [-0.5270,  0.1217,  0.8411, -0.1321],
         [ 0.7871, -0.3035,  0.5370,  0.9165],
         [ 0.0000,  0.0000,  0.0000,  1.0000]]])
2025-04-28T17:45:19.868238 - Final transform:
[[ 0.31  0.95  0.06  0.23]
 [-0.52  0.11  0.84 -0.1 ]
 [ 0.79 -0.3   0.53  0.94]
 [ 0.    0.    0.    1.  ]]
2025-04-28T17:45:19.868238 - Pose:
tensor([[[ 0.3106,  0.9483,  0.0649,  0.2306],
         [-0.5239,  0.1138,  0.8441, -0.1323],
         [ 0.7931, -0.2962,  0.5322,  0.9152],
         [ 0.0000,  0.0000,  0.0000,  1.0000]]])
2025-04-28T17:45:19.934708 - Final transform:
[[ 0.31  0.95  0.06  0.23]
 [-0.52  0.11  0.85 -0.1 ]
 [ 0.8  -0.29  0.53  0.94]
 [ 0.    0.    0.    1.  ]]
2025-04-28T17:45:19.934708 - Pose:
tensor([[[ 0.3053,  0.9502,  0.0623,  0.2309],
         [-0.5221,  0.1123,  0.8454, -0.1320],
         [ 0.7963, -0.2907,  0.5304,  0.9163],
         [ 0.0000,  0.0000,  0.0000,  1.0000]]])
2025-04-28T17:45:20.003917 - Final transform:
[[ 0.3   0.95  0.07  0.23]
 [-0.53  0.11  0.84 -0.1 ]
 [ 0.8  -0.29  0.53  0.94]
 [ 0.    0.    0.    1.  ]]
2025-04-28T17:45:20.003917 - Pose:
tensor([[[ 0.3004,  0.9515,  0.0667,  0.2308],
         [-0.5264,  0.1071,  0.8434, -0.1318],
         [ 0.7954, -0.2885,  0.5331,  0.9155],
         [ 0.0000,  0.0000,  0.0000,  1.0000]]])
2025-04-28T17:45:20.074758 - Final transform:
[[ 0.3   0.95  0.07  0.23]
 [-0.53  0.11  0.84 -0.1 ]
 [ 0.79 -0.29  0.54  0.94]
 [ 0.    0.    0.    1.  ]]
2025-04-28T17:45:20.074758 - Pose:
tensor([[[ 0.3007,  0.9512,  0.0685,  0.2306],
         [-0.5296,  0.1068,  0.8415, -0.1321],
         [ 0.7931, -0.2893,  0.5359,  0.9157],
         [ 0.0000,  0.0000,  0.0000,  1.0000]]])
2025-04-28T17:45:20.143374 - Final transform:
[[ 0.3   0.95  0.06  0.23]
 [-0.53  0.11  0.84 -0.1 ]
 [ 0.79 -0.29  0.54  0.94]
 [ 0.    0.    0.    1.  ]]
2025-04-28T17:45:20.143374 - Pose:
tensor([[[ 0.3008,  0.9516,  0.0634,  0.2309],
         [-0.5285,  0.1110,  0.8417, -0.1318],
         [ 0.7939, -0.2866,  0.5363,  0.9151],
         [ 0.0000,  0.0000,  0.0000,  1.0000]]])
2025-04-28T17:45:20.211679 - Final transform:
[[ 0.3   0.95  0.07  0.23]
 [-0.53  0.11  0.84 -0.1 ]
 [ 0.79 -0.29  0.53  0.94]
 [ 0.    0.    0.    1.  ]]
2025-04-28T17:45:20.211679 - Pose:
tensor([[[ 0.2990,  0.9519,  0.0669,  0.2306],
         [-0.5284,  0.1068,  0.8423, -0.1318],
         [ 0.7946, -0.2872,  0.5349,  0.9159],
         [ 0.0000,  0.0000,  0.0000,  1.0000]]])
2025-04-28T17:45:20.284314 - Final transform:
[[ 0.29  0.95  0.07  0.23]
 [-0.53  0.1   0.84 -0.1 ]
 [ 0.79 -0.28  0.54  0.94]
 [ 0.    0.    0.    1.  ]]
2025-04-28T17:45:20.284314 - Pose:
tensor([[[ 0.2885,  0.9550,  0.0692,  0.2309],
         [-0.5345,  0.1007,  0.8392, -0.1320],
         [ 0.7944, -0.2791,  0.5395,  0.9158],
         [ 0.0000,  0.0000,  0.0000,  1.0000]]])
2025-04-28T17:45:20.353793 - Final transform:
[[ 0.27  0.96  0.06  0.23]
 [-0.53  0.09  0.84 -0.1 ]
 [ 0.8  -0.26  0.54  0.94]
 [ 0.    0.    0.    1.  ]]
2025-04-28T17:45:20.353793 - Pose:
tensor([[[ 0.2676,  0.9616,  0.0610,  0.2303],
         [-0.5310,  0.0944,  0.8421, -0.1322],
         [ 0.8040, -0.2577,  0.5359,  0.9150],
         [ 0.0000,  0.0000,  0.0000,  1.0000]]])
2025-04-28T17:45:20.422957 - Final transform:
[[ 0.28  0.96  0.07  0.23]
 [-0.53  0.09  0.84 -0.1 ]
 [ 0.8  -0.28  0.53  0.94]
 [ 0.    0.    0.    1.  ]]
2025-04-28T17:45:20.422957 - Pose:
tensor([[[ 0.2824,  0.9567,  0.0708,  0.2303],
         [-0.5295,  0.0939,  0.8431, -0.1321],
         [ 0.7999, -0.2756,  0.5331,  0.9158],
         [ 0.0000,  0.0000,  0.0000,  1.0000]]])
2025-04-28T17:45:20.489429 - Final transform:
[[ 0.29  0.95  0.07  0.23]
 [-0.53  0.1   0.84 -0.1 ]
 [ 0.8  -0.28  0.53  0.94]
 [ 0.    0.    0.    1.  ]]
2025-04-28T17:45:20.489429 - Pose:
tensor([[[ 0.2912,  0.9543,  0.0664,  0.2305],
         [-0.5292,  0.1028,  0.8423, -0.1324],
         [ 0.7970, -0.2804,  0.5350,  0.9146],
         [ 0.0000,  0.0000,  0.0000,  1.0000]]])
2025-04-28T17:45:20.559800 - Final transform:
[[ 0.27  0.96  0.06  0.23]
 [-0.53  0.09  0.85 -0.1 ]
 [ 0.81 -0.26  0.53  0.94]
 [ 0.    0.    0.    1.  ]]
2025-04-28T17:45:20.559800 - Pose:
tensor([[[ 0.2705,  0.9608,  0.0613,  0.2303],
         [-0.5258,  0.0941,  0.8454, -0.1315],
         [ 0.8064, -0.2609,  0.5306,  0.9156],
         [ 0.0000,  0.0000,  0.0000,  1.0000]]])
2025-04-28T17:45:20.628589 - Final transform:
[[ 0.25  0.96  0.07  0.23]
 [-0.54  0.08  0.84 -0.1 ]
 [ 0.8  -0.25  0.54  0.94]
 [ 0.    0.    0.    1.  ]]
2025-04-28T17:45:20.628589 - Pose:
tensor([[[ 0.2541,  0.9646,  0.0698,  0.2303],
         [-0.5429,  0.0825,  0.8357, -0.1315],
         [ 0.8004, -0.2503,  0.5447,  0.9159],
         [ 0.0000,  0.0000,  0.0000,  1.0000]]])
2025-04-28T17:45:20.701969 - Final transform:
[[ 0.27  0.96  0.06  0.23]
 [-0.52  0.09  0.85 -0.1 ]
 [ 0.81 -0.26  0.53  0.94]
 [ 0.    0.    0.    1.  ]]
2025-04-28T17:45:20.701969 - Pose:
tensor([[[ 0.2667,  0.9619,  0.0603,  0.2305],
         [-0.5238,  0.0921,  0.8469, -0.1317],
         [ 0.8090, -0.2575,  0.5284,  0.9156],
         [ 0.0000,  0.0000,  0.0000,  1.0000]]])
2025-04-28T17:45:20.771547 - Final transform:
[[ 0.25  0.97  0.06  0.23]
 [-0.53  0.09  0.84 -0.1 ]
 [ 0.81 -0.25  0.53  0.94]
 [ 0.    0.    0.    1.  ]]
2025-04-28T17:45:20.771547 - Pose:
tensor([[[ 0.2531,  0.9656,  0.0597,  0.2301],
         [-0.5279,  0.0862,  0.8449, -0.1329],
         [ 0.8107, -0.2454,  0.5316,  0.9154],
         [ 0.0000,  0.0000,  0.0000,  1.0000]]])
2025-04-28T17:45:20.838428 - Final transform:
[[ 0.29  0.95  0.07  0.23]
 [-0.53  0.1   0.84 -0.1 ]
 [ 0.8  -0.28  0.53  0.94]
 [ 0.    0.    0.    1.  ]]
2025-04-28T17:45:20.838428 - Pose:
tensor([[[ 0.2890,  0.9546,  0.0720,  0.2305],
         [-0.5267,  0.0957,  0.8447, -0.1319],
         [ 0.7994, -0.2820,  0.5304,  0.9158],
         [ 0.0000,  0.0000,  0.0000,  1.0000]]])
2025-04-28T17:45:20.906560 - Final transform:
[[ 0.29  0.96  0.07  0.23]
 [-0.53  0.1   0.84 -0.1 ]
 [ 0.8  -0.28  0.54  0.94]
 [ 0.    0.    0.    1.  ]]
2025-04-28T17:45:20.906560 - Pose:
tensor([[[ 0.2870,  0.9555,  0.0678,  0.2305],
         [-0.5303,  0.0995,  0.8419, -0.1316],
         [ 0.7978, -0.2775,  0.5353,  0.9159],
         [ 0.0000,  0.0000,  0.0000,  1.0000]]])
2025-04-28T17:45:20.974339 - Final transform:
[[ 0.31  0.95  0.07  0.23]
 [-0.52  0.11  0.84 -0.1 ]
 [ 0.79 -0.3   0.53  0.94]
 [ 0.    0.    0.    1.  ]]
2025-04-28T17:45:20.974339 - Pose:
tensor([[[ 0.3103,  0.9480,  0.0700,  0.2305],
         [-0.5242,  0.1092,  0.8446, -0.1319],
         [ 0.7930, -0.2988,  0.5308,  0.9158],
         [ 0.0000,  0.0000,  0.0000,  1.0000]]])
2025-04-28T17:45:21.055121 - Final transform:
[[ 0.27  0.96  0.06  0.23]
 [-0.52  0.1   0.85 -0.1 ]
 [ 0.81 -0.26  0.53  0.94]
 [ 0.    0.    0.    1.  ]]
2025-04-28T17:45:21.055121 - Pose:
tensor([[[ 0.2694,  0.9613,  0.0579,  0.2305],
         [-0.5248,  0.0962,  0.8458, -0.1326],
         [ 0.8075, -0.2582,  0.5304,  0.9142],
         [ 0.0000,  0.0000,  0.0000,  1.0000]]])
2025-04-28T17:45:21.125185 - Final transform:
[[ 0.28  0.96  0.06  0.23]
 [-0.53  0.1   0.84 -0.1 ]
 [ 0.8  -0.27  0.54  0.94]
 [ 0.    0.    0.    1.  ]]
2025-04-28T17:45:21.125185 - Pose:
tensor([[[ 0.2777,  0.9588,  0.0603,  0.2305],
         [-0.5314,  0.1010,  0.8411, -0.1321],
         [ 0.8003, -0.2656,  0.5375,  0.9151],
         [ 0.0000,  0.0000,  0.0000,  1.0000]]])
2025-04-28T17:45:21.194901 - Final transform:
[[ 0.28  0.96  0.07  0.23]
 [-0.53  0.09  0.84 -0.1 ]
 [ 0.8  -0.27  0.54  0.94]
 [ 0.    0.    0.    1.  ]]
2025-04-28T17:45:21.194901 - Pose:
tensor([[[ 0.2798,  0.9575,  0.0699,  0.2301],
         [-0.5339,  0.0946,  0.8403, -0.1319],
         [ 0.7979, -0.2724,  0.5377,  0.9154],
         [ 0.0000,  0.0000,  0.0000,  1.0000]]])
2025-04-28T17:45:21.261113 - Final transform:
[[ 0.27  0.96  0.07  0.23]
 [-0.54  0.09  0.84 -0.1 ]
 [ 0.8  -0.27  0.54  0.94]
 [ 0.    0.    0.    1.  ]]
2025-04-28T17:45:21.261113 - Pose:
tensor([[[ 0.2743,  0.9591,  0.0698,  0.2304],
         [-0.5398,  0.0935,  0.8366, -0.1324],
         [ 0.7958, -0.2671,  0.5434,  0.9161],
         [ 0.0000,  0.0000,  0.0000,  1.0000]]])
2025-04-28T17:45:21.329666 - Final transform:
[[ 0.28  0.96  0.07  0.23]
 [-0.52  0.09  0.85 -0.1 ]
 [ 0.81 -0.27  0.52  0.94]
 [ 0.    0.    0.    1.  ]]
2025-04-28T17:45:21.329666 - Pose:
tensor([[[ 0.2772,  0.9584,  0.0678,  0.2298],
         [-0.5175,  0.0894,  0.8510, -0.1325],
         [ 0.8096, -0.2710,  0.5207,  0.9150],
         [ 0.0000,  0.0000,  0.0000,  1.0000]]])
2025-04-28T17:45:21.404220 - Final transform:
[[ 0.28  0.96  0.07  0.23]
 [-0.53  0.09  0.84 -0.1 ]
 [ 0.8  -0.27  0.53  0.94]
 [ 0.    0.    0.    1.  ]]
2025-04-28T17:45:21.404220 - Pose:
tensor([[[ 0.2781,  0.9580,  0.0698,  0.2299],
         [-0.5298,  0.0924,  0.8431, -0.1328],
         [ 0.8012, -0.2714,  0.5333,  0.9158],
         [ 0.0000,  0.0000,  0.0000,  1.0000]]])
2025-04-28T17:45:21.474153 - Final transform:
[[ 0.27  0.96  0.07  0.23]
 [-0.53  0.09  0.85 -0.1 ]
 [ 0.81 -0.26  0.53  0.94]
 [ 0.    0.    0.    1.  ]]
2025-04-28T17:45:21.474153 - Pose:
tensor([[[ 0.2660,  0.9617,  0.0666,  0.2300],
         [-0.5269,  0.0872,  0.8455, -0.1322],
         [ 0.8072, -0.2600,  0.5299,  0.9148],
         [ 0.0000,  0.0000,  0.0000,  1.0000]]])
2025-04-28T17:45:21.541000 - Final transform:
[[ 0.25  0.97  0.07  0.23]
 [-0.54  0.08  0.84 -0.1 ]
 [ 0.8  -0.25  0.54  0.94]
 [ 0.    0.    0.    1.  ]]
2025-04-28T17:45:21.541000 - Pose:
tensor([[[ 0.2517,  0.9655,  0.0664,  0.2298],
         [-0.5383,  0.0827,  0.8387, -0.1331],
         [ 0.8043, -0.2468,  0.5405,  0.9155],
         [ 0.0000,  0.0000,  0.0000,  1.0000]]])
2025-04-28T17:45:21.619849 - Final transform:
[[ 0.28  0.96  0.07  0.23]
 [-0.53  0.1   0.84 -0.1 ]
 [ 0.8  -0.27  0.54  0.94]
 [ 0.    0.    0.    1.  ]]
2025-04-28T17:45:21.619849 - Pose:
tensor([[[ 0.2805,  0.9576,  0.0662,  0.2305],
         [-0.5347,  0.0986,  0.8392, -0.1323],
         [ 0.7971, -0.2708,  0.5397,  0.9156],
         [ 0.0000,  0.0000,  0.0000,  1.0000]]])
2025-04-28T17:45:21.698676 - Final transform:
[[ 0.29  0.95  0.07  0.23]
 [-0.52  0.1   0.85 -0.1 ]
 [ 0.8  -0.28  0.53  0.94]
 [ 0.    0.    0.    1.  ]]
2025-04-28T17:45:21.698676 - Pose:
tensor([[[ 0.2936,  0.9536,  0.0672,  0.2304],
         [-0.5213,  0.1008,  0.8474, -0.1325],
         [ 0.8012, -0.2838,  0.5267,  0.9145],
         [ 0.0000,  0.0000,  0.0000,  1.0000]]])
2025-04-28T17:45:21.769227 - Final transform:
[[ 0.26  0.96  0.06  0.23]
 [-0.53  0.09  0.84 -0.1 ]
 [ 0.8  -0.25  0.54  0.94]
 [ 0.    0.    0.    1.  ]]
2025-04-28T17:45:21.769227 - Pose:
tensor([[[ 0.2602,  0.9635,  0.0631,  0.2306],
         [-0.5344,  0.0893,  0.8405, -0.1318],
         [ 0.8042, -0.2525,  0.5381,  0.9159],
         [ 0.0000,  0.0000,  0.0000,  1.0000]]])
2025-04-28T17:45:21.839513 - Final transform:
[[ 0.28  0.96  0.07  0.23]
 [-0.53  0.1   0.84 -0.1 ]
 [ 0.8  -0.27  0.53  0.94]
 [ 0.    0.    0.    1.  ]]
2025-04-28T17:45:21.839513 - Pose:
tensor([[[ 0.2824,  0.9568,  0.0693,  0.2305],
         [-0.5305,  0.0955,  0.8423, -0.1316],
         [ 0.7993, -0.2746,  0.5346,  0.9150],
         [ 0.0000,  0.0000,  0.0000,  1.0000]]])
2025-04-28T17:45:21.907711 - Final transform:
[[ 0.27  0.96  0.07  0.23]
 [-0.53  0.09  0.84 -0.1 ]
 [ 0.8  -0.27  0.53  0.94]
 [ 0.    0.    0.    1.  ]]
2025-04-28T17:45:21.907711 - Pose:
tensor([[[ 0.2733,  0.9594,  0.0702,  0.2303],
         [-0.5309,  0.0896,  0.8427, -0.1325],
         [ 0.8022, -0.2675,  0.5338,  0.9152],
         [ 0.0000,  0.0000,  0.0000,  1.0000]]])
2025-04-28T17:45:21.977412 - Final transform:
[[ 0.26  0.96  0.06  0.23]
 [-0.53  0.09  0.84 -0.1 ]
 [ 0.81 -0.26  0.53  0.94]
 [ 0.    0.    0.    1.  ]]
2025-04-28T17:45:21.977412 - Pose:
tensor([[[ 0.2638,  0.9626,  0.0621,  0.2306],
         [-0.5279,  0.0902,  0.8445, -0.1326],
         [ 0.8073, -0.2556,  0.5320,  0.9154],
         [ 0.0000,  0.0000,  0.0000,  1.0000]]])
2025-04-28T17:45:22.047378 - Final transform:
[[ 0.27  0.96  0.06  0.23]
 [-0.53  0.09  0.84 -0.1 ]
 [ 0.81 -0.26  0.53  0.94]
 [ 0.    0.    0.    1.  ]]
2025-04-28T17:45:22.047378 - Pose:
tensor([[[ 0.2699,  0.9608,  0.0640,  0.2304],
         [-0.5270,  0.0918,  0.8449, -0.1324],
         [ 0.8059, -0.2618,  0.5311,  0.9146],
         [ 0.0000,  0.0000,  0.0000,  1.0000]]])
2025-04-28T17:45:22.116698 - Final transform:
[[ 0.28  0.96  0.06  0.23]
 [-0.53  0.1   0.84 -0.1 ]
 [ 0.8  -0.27  0.54  0.94]
 [ 0.    0.    0.    1.  ]]
2025-04-28T17:45:22.116698 - Pose:
tensor([[[ 0.2793,  0.9581,  0.0631,  0.2303],
         [-0.5330,  0.1000,  0.8402, -0.1319],
         [ 0.7987, -0.2682,  0.5386,  0.9144],
         [ 0.0000,  0.0000,  0.0000,  1.0000]]])
2025-04-28T17:45:22.197802 - Final transform:
[[ 0.28  0.96  0.06  0.23]
 [-0.52  0.1   0.85 -0.1 ]
 [ 0.81 -0.27  0.53  0.94]
 [ 0.    0.    0.    1.  ]]
2025-04-28T17:45:22.197802 - Pose:
tensor([[[ 0.2829,  0.9571,  0.0623,  0.2304],
         [-0.5203,  0.0985,  0.8483, -0.1327],
         [ 0.8058, -0.2724,  0.5258,  0.9156],
         [ 0.0000,  0.0000,  0.0000,  1.0000]]])
2025-04-28T17:45:22.265907 - Final transform:
[[ 0.26  0.96  0.07  0.23]
 [-0.53  0.09  0.85 -0.1 ]
 [ 0.81 -0.26  0.53  0.94]
 [ 0.    0.    0.    1.  ]]
2025-04-28T17:45:22.265907 - Pose:
tensor([[[ 0.2635,  0.9624,  0.0667,  0.2300],
         [-0.5275,  0.0858,  0.8452, -0.1323],
         [ 0.8077, -0.2579,  0.5302,  0.9148],
         [ 0.0000,  0.0000,  0.0000,  1.0000]]])
2025-04-28T17:45:22.334510 - Final transform:
[[ 0.27  0.96  0.07  0.23]
 [-0.53  0.09  0.84 -0.1 ]
 [ 0.8  -0.26  0.53  0.94]
 [ 0.    0.    0.    1.  ]]
2025-04-28T17:45:22.334510 - Pose:
tensor([[[ 0.2687,  0.9610,  0.0656,  0.2300],
         [-0.5310,  0.0910,  0.8425, -0.1320],
         [ 0.8036, -0.2612,  0.5347,  0.9158],
         [ 0.0000,  0.0000,  0.0000,  1.0000]]])
2025-04-28T17:45:22.399888 - Final transform:
[[ 0.28  0.96  0.07  0.23]
 [-0.53  0.09  0.84 -0.1 ]
 [ 0.8  -0.27  0.53  0.94]
 [ 0.    0.    0.    1.  ]]
2025-04-28T17:45:22.399888 - Pose:
tensor([[[ 0.2798,  0.9574,  0.0713,  0.2302],
         [-0.5290,  0.0918,  0.8437, -0.1323],
         [ 0.8012, -0.2737,  0.5321,  0.9151],
         [ 0.0000,  0.0000,  0.0000,  1.0000]]])
2025-04-28T17:45:22.466084 - Final transform:
[[ 0.3   0.95  0.07  0.23]
 [-0.53  0.1   0.84 -0.1 ]
 [ 0.79 -0.29  0.53  0.94]
 [ 0.    0.    0.    1.  ]]
2025-04-28T17:45:22.466084 - Pose:
tensor([[[ 0.3029,  0.9504,  0.0705,  0.2305],
         [-0.5259,  0.1050,  0.8440, -0.1323],
         [ 0.7948, -0.2927,  0.5316,  0.9155],
         [ 0.0000,  0.0000,  0.0000,  1.0000]]])
2025-04-28T17:45:22.536223 - Final transform:
[[ 0.3   0.95  0.07  0.23]
 [-0.53  0.11  0.84 -0.1 ]
 [ 0.79 -0.29  0.53  0.94]
 [ 0.    0.    0.    1.  ]]
2025-04-28T17:45:22.536223 - Pose:
tensor([[[ 0.3001,  0.9514,  0.0697,  0.2311],
         [-0.5289,  0.1052,  0.8421, -0.1329],
         [ 0.7939, -0.2895,  0.5348,  0.9155],
         [ 0.0000,  0.0000,  0.0000,  1.0000]]])
2025-04-28T17:45:22.604050 - Final transform:
[[ 0.29  0.96  0.07  0.23]
 [-0.52  0.1   0.85 -0.1 ]
 [ 0.8  -0.28  0.53  0.94]
 [ 0.    0.    0.    1.  ]]
2025-04-28T17:45:22.604050 - Pose:
tensor([[[ 0.2854,  0.9559,  0.0691,  0.2303],
         [-0.5248,  0.0956,  0.8459, -0.1317],
         [ 0.8020, -0.2777,  0.5289,  0.9147],
         [ 0.0000,  0.0000,  0.0000,  1.0000]]])
2025-04-28T17:45:22.676560 - Final transform:
[[ 0.26  0.96  0.06  0.23]
 [-0.54  0.09  0.84 -0.1 ]
 [ 0.8  -0.25  0.54  0.94]
 [ 0.    0.    0.    1.  ]]
2025-04-28T17:45:22.676560 - Pose:
tensor([[[ 0.2586,  0.9638,  0.0645,  0.2302],
         [-0.5402,  0.0890,  0.8368, -0.1324],
         [ 0.8008, -0.2513,  0.5437,  0.9160],
         [ 0.0000,  0.0000,  0.0000,  1.0000]]])
2025-04-28T17:45:22.746371 - Final transform:
[[ 0.31  0.95  0.08  0.23]
 [-0.52  0.1   0.84 -0.1 ]
 [ 0.79 -0.3   0.53  0.94]
 [ 0.    0.    0.    1.  ]]
2025-04-28T17:45:22.746371 - Pose:
tensor([[[ 0.3112,  0.9473,  0.0759,  0.2303],
         [-0.5246,  0.1047,  0.8449, -0.1317],
         [ 0.7924, -0.3028,  0.5295,  0.9154],
         [ 0.0000,  0.0000,  0.0000,  1.0000]]])
2025-04-28T17:45:22.820848 - Final transform:
[[ 0.31  0.95  0.07  0.23]
 [-0.53  0.11  0.84 -0.1 ]
 [ 0.79 -0.3   0.54  0.94]
 [ 0.    0.    0.    1.  ]]
2025-04-28T17:45:22.820848 - Pose:
tensor([[[ 0.3122,  0.9474,  0.0699,  0.2304],
         [-0.5308,  0.1130,  0.8399, -0.1318],
         [ 0.7879, -0.2993,  0.5382,  0.9152],
         [ 0.0000,  0.0000,  0.0000,  1.0000]]])
2025-04-28T17:45:22.894371 - Final transform:
[[ 0.31  0.95  0.07  0.23]
 [-0.53  0.11  0.84 -0.1 ]
 [ 0.79 -0.3   0.54  0.94]
 [ 0.    0.    0.    1.  ]]
2025-04-28T17:45:22.894371 - Pose:
tensor([[[ 0.3089,  0.9487,  0.0673,  0.2308],
         [-0.5299,  0.1129,  0.8405, -0.1314],
         [ 0.7898, -0.2953,  0.5375,  0.9164],
         [ 0.0000,  0.0000,  0.0000,  1.0000]]])
2025-04-28T17:45:22.965046 - Final transform:
[[ 0.3   0.95  0.07  0.23]
 [-0.53  0.11  0.84 -0.1 ]
 [ 0.79 -0.29  0.53  0.94]
 [ 0.    0.    0.    1.  ]]
2025-04-28T17:45:22.965046 - Pose:
tensor([[[ 0.3037,  0.9504,  0.0669,  0.2305],
         [-0.5267,  0.1090,  0.8431, -0.1319],
         [ 0.7940, -0.2913,  0.5337,  0.9147],
         [ 0.0000,  0.0000,  0.0000,  1.0000]]])
2025-04-28T17:45:23.035248 - Final transform:
[[ 0.28  0.96  0.07  0.23]
 [-0.54  0.1   0.84 -0.1 ]
 [ 0.79 -0.28  0.54  0.94]
 [ 0.    0.    0.    1.  ]]
2025-04-28T17:45:23.035248 - Pose:
tensor([[[ 0.2849,  0.9561,  0.0687,  0.2302],
         [-0.5364,  0.0997,  0.8381, -0.1318],
         [ 0.7944, -0.2756,  0.5412,  0.9151],
         [ 0.0000,  0.0000,  0.0000,  1.0000]]])
2025-04-28T17:45:23.105952 - Final transform:
[[ 0.28  0.96  0.07  0.23]
 [-0.53  0.1   0.84 -0.1 ]
 [ 0.8  -0.27  0.54  0.94]
 [ 0.    0.    0.    1.  ]]
2025-04-28T17:45:23.105952 - Pose:
tensor([[[ 0.2792,  0.9579,  0.0670,  0.2305],
         [-0.5320,  0.0963,  0.8413, -0.1319],
         [ 0.7994, -0.2705,  0.5364,  0.9158],
         [ 0.0000,  0.0000,  0.0000,  1.0000]]])
2025-04-28T17:45:23.176842 - Final transform:
[[ 0.27  0.96  0.06  0.23]
 [-0.53  0.09  0.84 -0.1 ]
 [ 0.81 -0.26  0.53  0.94]
 [ 0.    0.    0.    1.  ]]
2025-04-28T17:45:23.176842 - Pose:
tensor([[[ 0.2675,  0.9614,  0.0644,  0.2303],
         [-0.5295,  0.0909,  0.8434, -0.1320],
         [ 0.8050, -0.2597,  0.5334,  0.9163],
         [ 0.0000,  0.0000,  0.0000,  1.0000]]])
2025-04-28T17:45:23.246906 - Final transform:
[[ 0.29  0.95  0.07  0.23]
 [-0.51  0.1   0.85 -0.1 ]
 [ 0.81 -0.28  0.52  0.94]
 [ 0.    0.    0.    1.  ]]
2025-04-28T17:45:23.246906 - Pose:
tensor([[[ 0.2902,  0.9546,  0.0669,  0.2301],
         [-0.5150,  0.0968,  0.8517, -0.1336],
         [ 0.8066, -0.2817,  0.5197,  0.9142],
         [ 0.0000,  0.0000,  0.0000,  1.0000]]])
2025-04-28T17:45:23.313936 - Final transform:
[[ 0.26  0.96  0.06  0.23]
 [-0.53  0.09  0.84 -0.1 ]
 [ 0.8  -0.25  0.54  0.94]
 [ 0.    0.    0.    1.  ]]
2025-04-28T17:45:23.313936 - Pose:
tensor([[[ 0.2620,  0.9632,  0.0592,  0.2305],
         [-0.5325,  0.0932,  0.8413, -0.1325],
         [ 0.8048, -0.2519,  0.5374,  0.9156],
         [ 0.0000,  0.0000,  0.0000,  1.0000]]])
2025-04-28T17:45:23.383190 - Final transform:
[[ 0.27  0.96  0.07  0.23]
 [-0.53  0.09  0.84 -0.1 ]
 [ 0.8  -0.26  0.54  0.94]
 [ 0.    0.    0.    1.  ]]
2025-04-28T17:45:23.383190 - Pose:
tensor([[[ 0.2713,  0.9602,  0.0662,  0.2298],
         [-0.5318,  0.0922,  0.8418, -0.1329],
         [ 0.8022, -0.2637,  0.5356,  0.9140],
         [ 0.0000,  0.0000,  0.0000,  1.0000]]])
2025-04-28T17:45:23.453538 - Final transform:
[[ 0.28  0.96  0.07  0.23]
 [-0.52  0.09  0.85 -0.1 ]
 [ 0.81 -0.27  0.53  0.94]
 [ 0.    0.    0.    1.  ]]
2025-04-28T17:45:23.453538 - Pose:
tensor([[[ 0.2767,  0.9584,  0.0696,  0.2306],
         [-0.5224,  0.0893,  0.8480, -0.1326],
         [ 0.8066, -0.2710,  0.5254,  0.9159],
         [ 0.0000,  0.0000,  0.0000,  1.0000]]])
2025-04-28T17:45:23.524183 - Final transform:
[[ 0.27  0.96  0.07  0.23]
 [-0.53  0.09  0.84 -0.1 ]
 [ 0.8  -0.27  0.54  0.94]
 [ 0.    0.    0.    1.  ]]
2025-04-28T17:45:23.524183 - Pose:
tensor([[[ 0.2722,  0.9597,  0.0697,  0.2302],
         [-0.5323,  0.0898,  0.8418, -0.1325],
         [ 0.8016, -0.2662,  0.5353,  0.9158],
         [ 0.0000,  0.0000,  0.0000,  1.0000]]])
2025-04-28T17:45:23.595076 - Final transform:
[[ 0.26  0.96  0.07  0.23]
 [-0.54  0.09  0.84 -0.1 ]
 [ 0.8  -0.25  0.54  0.94]
 [ 0.    0.    0.    1.  ]]
2025-04-28T17:45:23.595076 - Pose:
tensor([[[ 0.2588,  0.9637,  0.0654,  0.2298],
         [-0.5366,  0.0872,  0.8393, -0.1323],
         [ 0.8032, -0.2523,  0.5397,  0.9152],
         [ 0.0000,  0.0000,  0.0000,  1.0000]]])
2025-04-28T17:45:23.663422 - Final transform:
[[ 0.27  0.96  0.06  0.23]
 [-0.53  0.09  0.84 -0.1 ]
 [ 0.81 -0.26  0.53  0.94]
 [ 0.    0.    0.    1.  ]]
2025-04-28T17:45:23.663422 - Pose:
tensor([[[ 0.2670,  0.9616,  0.0634,  0.2300],
         [-0.5281,  0.0909,  0.8443, -0.1321],
         [ 0.8061, -0.2589,  0.5321,  0.9161],
         [ 0.0000,  0.0000,  0.0000,  1.0000]]])
2025-04-28T17:45:23.736041 - Final transform:
[[ 0.26  0.96  0.07  0.23]
 [-0.53  0.09  0.84 -0.1 ]
 [ 0.81 -0.25  0.53  0.94]
 [ 0.    0.    0.    1.  ]]
2025-04-28T17:45:23.736041 - Pose:
tensor([[[ 0.2601,  0.9633,  0.0671,  0.2303],
         [-0.5323,  0.0850,  0.8423, -0.1319],
         [ 0.8056, -0.2548,  0.5348,  0.9160],
         [ 0.0000,  0.0000,  0.0000,  1.0000]]])
2025-04-28T17:45:23.812668 - Final transform:
[[ 0.27  0.96  0.06  0.23]
 [-0.52  0.09  0.85 -0.1 ]
 [ 0.81 -0.26  0.53  0.94]
 [ 0.    0.    0.    1.  ]]
2025-04-28T17:45:23.812668 - Pose:
tensor([[[ 0.2716,  0.9605,  0.0610,  0.2299],
         [-0.5217,  0.0937,  0.8480, -0.1329],
         [ 0.8087, -0.2621,  0.5265,  0.9135],
         [ 0.0000,  0.0000,  0.0000,  1.0000]]])
2025-04-28T17:45:23.884625 - Final transform:
[[ 0.25  0.97  0.06  0.23]
 [-0.53  0.08  0.84 -0.1 ]
 [ 0.81 -0.25  0.53  0.94]
 [ 0.    0.    0.    1.  ]]
2025-04-28T17:45:23.884625 - Pose:
tensor([[[ 0.2538,  0.9652,  0.0625,  0.2304],
         [-0.5285,  0.0843,  0.8447, -0.1320],
         [ 0.8101, -0.2474,  0.5315,  0.9166],
         [ 0.0000,  0.0000,  0.0000,  1.0000]]])
2025-04-28T17:45:23.952421 - Final transform:
[[ 0.26  0.96  0.07  0.23]
 [-0.54  0.09  0.84 -0.1 ]
 [ 0.8  -0.25  0.54  0.94]
 [ 0.    0.    0.    1.  ]]
2025-04-28T17:45:23.952421 - Pose:
tensor([[[ 0.2576,  0.9640,  0.0651,  0.2302],
         [-0.5355,  0.0863,  0.8401, -0.1317],
         [ 0.8043, -0.2513,  0.5385,  0.9157],
         [ 0.0000,  0.0000,  0.0000,  1.0000]]])
2025-04-28T17:45:24.019045 - Final transform:
[[ 0.27  0.96  0.06  0.23]
 [-0.52  0.09  0.85 -0.1 ]
 [ 0.81 -0.26  0.53  0.94]
 [ 0.    0.    0.    1.  ]]
2025-04-28T17:45:24.019045 - Pose:
tensor([[[ 0.2653,  0.9621,  0.0625,  0.2303],
         [-0.5234,  0.0893,  0.8474, -0.1321],
         [ 0.8097, -0.2576,  0.5273,  0.9162],
         [ 0.0000,  0.0000,  0.0000,  1.0000]]])
2025-04-28T17:45:24.089384 - Final transform:
[[ 0.27  0.96  0.06  0.23]
 [-0.53  0.1   0.84 -0.1 ]
 [ 0.8  -0.26  0.54  0.94]
 [ 0.    0.    0.    1.  ]]
2025-04-28T17:45:24.089384 - Pose:
tensor([[[ 0.2702,  0.9609,  0.0608,  0.2306],
         [-0.5331,  0.0967,  0.8405, -0.1316],
         [ 0.8017, -0.2595,  0.5384,  0.9170],
         [ 0.0000,  0.0000,  0.0000,  1.0000]]])
2025-04-28T17:45:24.158858 - Final transform:
[[ 0.29  0.95  0.07  0.23]
 [-0.53  0.1   0.85 -0.1 ]
 [ 0.8  -0.28  0.53  0.94]
 [ 0.    0.    0.    1.  ]]
2025-04-28T17:45:24.158858 - Pose:
tensor([[[ 0.2910,  0.9543,  0.0686,  0.2304],
         [-0.5252,  0.0994,  0.8451, -0.1325],
         [ 0.7997, -0.2819,  0.5301,  0.9142],
         [ 0.0000,  0.0000,  0.0000,  1.0000]]])
2025-04-28T17:45:24.236954 - Final transform:
[[ 0.28  0.96  0.07  0.23]
 [-0.53  0.1   0.84 -0.1 ]
 [ 0.8  -0.27  0.54  0.94]
 [ 0.    0.    0.    1.  ]]
2025-04-28T17:45:24.236954 - Pose:
tensor([[[ 0.2774,  0.9585,  0.0665,  0.2305],
         [-0.5313,  0.0954,  0.8418, -0.1324],
         [ 0.8005, -0.2688,  0.5357,  0.9152],
         [ 0.0000,  0.0000,  0.0000,  1.0000]]])
2025-04-28T17:45:24.304851 - Final transform:
[[ 0.31  0.95  0.07  0.23]
 [-0.52  0.11  0.85 -0.1 ]
 [ 0.79 -0.3   0.53  0.94]
 [ 0.    0.    0.    1.  ]]
2025-04-28T17:45:24.304851 - Pose:
tensor([[[ 0.3112,  0.9480,  0.0666,  0.2308],
         [-0.5219,  0.1119,  0.8456, -0.1319],
         [ 0.7942, -0.2979,  0.5296,  0.9165],
         [ 0.0000,  0.0000,  0.0000,  1.0000]]])
2025-04-28T17:45:24.372774 - Final transform:
[[ 0.31  0.95  0.07  0.23]
 [-0.53  0.11  0.84 -0.1 ]
 [ 0.79 -0.29  0.53  0.94]
 [ 0.    0.    0.    1.  ]]
2025-04-28T17:45:24.372774 - Pose:
tensor([[[ 0.3083,  0.9490,  0.0659,  0.2307],
         [-0.5267,  0.1126,  0.8425, -0.1319],
         [ 0.7922, -0.2944,  0.5346,  0.9154],
         [ 0.0000,  0.0000,  0.0000,  1.0000]]])
2025-04-28T17:45:24.441277 - Final transform:
[[ 0.29  0.95  0.07  0.23]
 [-0.54  0.1   0.84 -0.1 ]
 [ 0.79 -0.28  0.54  0.94]
 [ 0.    0.    0.    1.  ]]
2025-04-28T17:45:24.441277 - Pose:
tensor([[[ 0.2902,  0.9544,  0.0705,  0.2307],
         [-0.5386,  0.1020,  0.8364, -0.1324],
         [ 0.7910, -0.2806,  0.5436,  0.9169],
         [ 0.0000,  0.0000,  0.0000,  1.0000]]])
2025-04-28T17:45:24.511563 - Final transform:
[[ 0.32  0.94  0.07  0.23]
 [-0.51  0.11  0.85 -0.1 ]
 [ 0.8  -0.31  0.52  0.94]
 [ 0.    0.    0.    1.  ]]
2025-04-28T17:45:24.511563 - Pose:
tensor([[[ 0.3226,  0.9438,  0.0720,  0.2308],
         [-0.5136,  0.1107,  0.8509, -0.1323],
         [ 0.7951, -0.3115,  0.5204,  0.9151],
         [ 0.0000,  0.0000,  0.0000,  1.0000]]])
2025-04-28T17:45:24.583444 - Final transform:
[[ 0.29  0.96  0.07  0.23]
 [-0.52  0.1   0.85 -0.1 ]
 [ 0.8  -0.28  0.53  0.94]
 [ 0.    0.    0.    1.  ]]
2025-04-28T17:45:24.583444 - Pose:
tensor([[[ 0.2856,  0.9560,  0.0669,  0.2304],
         [-0.5223,  0.0967,  0.8473, -0.1317],
         [ 0.8035, -0.2770,  0.5269,  0.9157],
         [ 0.0000,  0.0000,  0.0000,  1.0000]]])
2025-04-28T17:45:24.657252 - Final transform:
[[ 0.27  0.96  0.06  0.23]
 [-0.52  0.1   0.85 -0.1 ]
 [ 0.81 -0.26  0.53  0.94]
 [ 0.    0.    0.    1.  ]]
2025-04-28T17:45:24.657252 - Pose:
tensor([[[ 0.2735,  0.9599,  0.0613,  0.2302],
         [-0.5245,  0.0954,  0.8461, -0.1319],
         [ 0.8063, -0.2636,  0.5295,  0.9153],
         [ 0.0000,  0.0000,  0.0000,  1.0000]]])
2025-04-28T17:45:24.724149 - Final transform:
[[ 0.29  0.96  0.07  0.23]
 [-0.53  0.1   0.84 -0.1 ]
 [ 0.8  -0.27  0.54  0.94]
 [ 0.    0.    0.    1.  ]]
2025-04-28T17:45:24.724149 - Pose:
tensor([[[ 0.2850,  0.9563,  0.0653,  0.2306],
         [-0.5318,  0.1011,  0.8408, -0.1316],
         [ 0.7975, -0.2743,  0.5374,  0.9153],
         [ 0.0000,  0.0000,  0.0000,  1.0000]]])
2025-04-28T17:45:24.791245 - Final transform:
[[ 0.27  0.96  0.07  0.23]
 [-0.53  0.09  0.84 -0.1 ]
 [ 0.81 -0.26  0.53  0.94]
 [ 0.    0.    0.    1.  ]]
2025-04-28T17:45:24.791245 - Pose:
tensor([[[ 0.2669,  0.9615,  0.0651,  0.2302],
         [-0.5293,  0.0898,  0.8437, -0.1327],
         [ 0.8054, -0.2596,  0.5329,  0.9155],
         [ 0.0000,  0.0000,  0.0000,  1.0000]]])
2025-04-28T17:45:24.861430 - Final transform:
[[ 0.27  0.96  0.07  0.23]
 [-0.53  0.09  0.84 -0.1 ]
 [ 0.8  -0.26  0.53  0.94]
 [ 0.    0.    0.    1.  ]]
2025-04-28T17:45:24.861430 - Pose:
tensor([[[ 0.2702,  0.9605,  0.0664,  0.2303],
         [-0.5288,  0.0904,  0.8439, -0.1318],
         [ 0.8046, -0.2631,  0.5323,  0.9162],
         [ 0.0000,  0.0000,  0.0000,  1.0000]]])
2025-04-28T17:45:24.929715 - Final transform:
[[ 0.27  0.96  0.06  0.23]
 [-0.53  0.09  0.84 -0.1 ]
 [ 0.81 -0.26  0.53  0.94]
 [ 0.    0.    0.    1.  ]]
2025-04-28T17:45:24.929715 - Pose:
tensor([[[ 0.2687,  0.9612,  0.0618,  0.2304],
         [-0.5279,  0.0933,  0.8441, -0.1323],
         [ 0.8057, -0.2595,  0.5325,  0.9149],
         [ 0.0000,  0.0000,  0.0000,  1.0000]]])
2025-04-28T17:45:24.994251 - Final transform:
[[ 0.28  0.96  0.07  0.23]
 [-0.53  0.1   0.84 -0.1 ]
 [ 0.8  -0.27  0.53  0.94]
 [ 0.    0.    0.    1.  ]]
2025-04-28T17:45:24.994251 - Pose:
tensor([[[ 0.2811,  0.9574,  0.0664,  0.2301],
         [-0.5298,  0.0971,  0.8426, -0.1314],
         [ 0.8002, -0.2720,  0.5345,  0.9156],
         [ 0.0000,  0.0000,  0.0000,  1.0000]]])
2025-04-28T17:45:25.065977 - Final transform:
[[ 0.29  0.96  0.06  0.23]
 [-0.53  0.11  0.84 -0.1 ]
