2025-04-23T17:05:39.618292 - Final transform:
[[-0.07 -1.   -0.02  0.02]
 [-0.62  0.06 -0.78 -0.07]
 [ 0.78 -0.04 -0.62  0.74]
 [ 0.    0.    0.    1.  ]]
2025-04-23T17:05:39.618292 - Pose:
tensor([[[-0.0719, -0.9972, -0.0186,  0.0211],
         [-0.6194,  0.0593, -0.7828, -0.0793],
         [ 0.7818, -0.0448, -0.6220,  0.7399],
         [ 0.0000,  0.0000,  0.0000,  1.0000]]])
2025-04-23T17:05:39.689748 - Final transform:
[[-0.07 -1.   -0.02  0.02]
 [-0.62  0.06 -0.78 -0.07]
 [ 0.78 -0.04 -0.62  0.74]
 [ 0.    0.    0.    1.  ]]
2025-04-23T17:05:39.689748 - Pose:
tensor([[[-0.0712, -0.9973, -0.0180,  0.0210],
         [-0.6211,  0.0584, -0.7816, -0.0791],
         [ 0.7805, -0.0445, -0.6236,  0.7397],
         [ 0.0000,  0.0000,  0.0000,  1.0000]]])
2025-04-23T17:05:39.756515 - Final transform:
[[-0.07 -1.   -0.02  0.02]
 [-0.62  0.06 -0.78 -0.07]
 [ 0.78 -0.04 -0.62  0.74]
 [ 0.    0.    0.    1.  ]]
2025-04-23T17:05:39.756515 - Pose:
tensor([[[-0.0695, -0.9974, -0.0197,  0.0211],
         [-0.6195,  0.0586, -0.7828, -0.0789],
         [ 0.7819, -0.0422, -0.6219,  0.7393],
         [ 0.0000,  0.0000,  0.0000,  1.0000]]])
2025-04-23T17:05:39.821643 - Final transform:
[[-0.07 -1.   -0.02  0.02]
 [-0.62  0.06 -0.78 -0.07]
 [ 0.78 -0.05 -0.62  0.74]
 [ 0.    0.    0.    1.  ]]
2025-04-23T17:05:39.821643 - Pose:
tensor([[[-0.0744, -0.9971, -0.0159,  0.0213],
         [-0.6179,  0.0586, -0.7841, -0.0791],
         [ 0.7827, -0.0485, -0.6205,  0.7392],
         [ 0.0000,  0.0000,  0.0000,  1.0000]]])
2025-04-23T17:05:39.889244 - Final transform:
[[-0.07 -1.   -0.02  0.02]
 [-0.62  0.06 -0.78 -0.07]
 [ 0.78 -0.05 -0.62  0.74]
 [ 0.    0.    0.    1.  ]]
2025-04-23T17:05:39.889244 - Pose:
tensor([[[-0.0746, -0.9970, -0.0213,  0.0212],
         [-0.6196,  0.0631, -0.7824, -0.0792],
         [ 0.7814, -0.0451, -0.6224,  0.7395],
         [ 0.0000,  0.0000,  0.0000,  1.0000]]])
2025-04-23T17:05:39.962903 - Final transform:
[[-0.06 -1.   -0.02  0.02]
 [-0.62  0.05 -0.78 -0.07]
 [ 0.78 -0.04 -0.62  0.74]
 [ 0.    0.    0.    1.  ]]
2025-04-23T17:05:39.962903 - Pose:
tensor([[[-0.0644, -0.9977, -0.0186,  0.0211],
         [-0.6198,  0.0546, -0.7829, -0.0790],
         [ 0.7821, -0.0389, -0.6219,  0.7396],
         [ 0.0000,  0.0000,  0.0000,  1.0000]]])
2025-04-23T17:05:40.029097 - Final transform:
[[-0.08 -1.   -0.02  0.02]
 [-0.62  0.07 -0.79 -0.07]
 [ 0.78 -0.05 -0.62  0.74]
 [ 0.    0.    0.    1.  ]]
2025-04-23T17:05:40.029097 - Pose:
tensor([[[-0.0835, -0.9963, -0.0181,  0.0211],
         [-0.6152,  0.0659, -0.7856, -0.0792],
         [ 0.7840, -0.0545, -0.6184,  0.7393],
         [ 0.0000,  0.0000,  0.0000,  1.0000]]])
2025-04-23T17:05:40.096811 - Final transform:
[[-0.05 -1.   -0.02  0.02]
 [-0.62  0.05 -0.78 -0.07]
 [ 0.78 -0.03 -0.62  0.74]
 [ 0.    0.    0.    1.  ]]
2025-04-23T17:05:40.096811 - Pose:
tensor([[[-0.0518, -0.9985, -0.0190,  0.0212],
         [-0.6190,  0.0470, -0.7840, -0.0789],
         [ 0.7837, -0.0288, -0.6205,  0.7397],
         [ 0.0000,  0.0000,  0.0000,  1.0000]]])
2025-04-23T17:05:40.163164 - Final transform:
[[-0.08 -1.   -0.02  0.02]
 [-0.62  0.07 -0.78 -0.07]
 [ 0.78 -0.05 -0.63  0.74]
 [ 0.    0.    0.    1.  ]]
2025-04-23T17:05:40.163164 - Pose:
tensor([[[-0.0836, -0.9964, -0.0172,  0.0214],
         [-0.6222,  0.0656, -0.7801, -0.0789],
         [ 0.7784, -0.0545, -0.6254,  0.7394],
         [ 0.0000,  0.0000,  0.0000,  1.0000]]])
2025-04-23T17:05:40.229232 - Final transform:
[[-0.08 -1.   -0.02  0.02]
 [-0.62  0.06 -0.78 -0.07]
 [ 0.78 -0.05 -0.62  0.74]
 [ 0.    0.    0.    1.  ]]
2025-04-23T17:05:40.229232 - Pose:
tensor([[[-0.0766, -0.9969, -0.0151,  0.0212],
         [-0.6179,  0.0594, -0.7840, -0.0788],
         [ 0.7825, -0.0507, -0.6206,  0.7392],
         [ 0.0000,  0.0000,  0.0000,  1.0000]]])
2025-04-23T17:05:40.295916 - Final transform:
[[-0.08 -1.   -0.02  0.02]
 [-0.62  0.07 -0.78 -0.07]
 [ 0.78 -0.05 -0.62  0.74]
 [ 0.    0.    0.    1.  ]]
2025-04-23T17:05:40.295916 - Pose:
tensor([[[-0.0827, -0.9964, -0.0176,  0.0213],
         [-0.6201,  0.0653, -0.7818, -0.0792],
         [ 0.7802, -0.0537, -0.6233,  0.7390],
         [ 0.0000,  0.0000,  0.0000,  1.0000]]])
2025-04-23T17:05:40.364901 - Final transform:
[[-0.08 -1.   -0.01  0.02]
 [-0.62  0.06 -0.78 -0.07]
 [ 0.78 -0.05 -0.62  0.74]
 [ 0.    0.    0.    1.  ]]
2025-04-23T17:05:40.364901 - Pose:
tensor([[[-0.0756, -0.9970, -0.0145,  0.0211],
         [-0.6185,  0.0583, -0.7836, -0.0789],
         [ 0.7822, -0.0502, -0.6211,  0.7391],
         [ 0.0000,  0.0000,  0.0000,  1.0000]]])
2025-04-23T17:05:40.431682 - Final transform:
[[-0.08 -1.   -0.02  0.02]
 [-0.62  0.07 -0.78 -0.07]
 [ 0.78 -0.05 -0.62  0.74]
 [ 0.    0.    0.    1.  ]]
2025-04-23T17:05:40.431682 - Pose:
tensor([[[-0.0836, -0.9962, -0.0223,  0.0211],
         [-0.6183,  0.0694, -0.7829, -0.0791],
         [ 0.7815, -0.0517, -0.6218,  0.7394],
         [ 0.0000,  0.0000,  0.0000,  1.0000]]])
2025-04-23T17:05:40.508574 - Final transform:
[[-0.07 -1.   -0.02  0.02]
 [-0.62  0.06 -0.79 -0.07]
 [ 0.78 -0.05 -0.62  0.74]
 [ 0.    0.    0.    1.  ]]
2025-04-23T17:05:40.508574 - Pose:
tensor([[[-0.0749, -0.9971, -0.0160,  0.0215],
         [-0.6153,  0.0589, -0.7861, -0.0787],
         [ 0.7847, -0.0490, -0.6179,  0.7399],
         [ 0.0000,  0.0000,  0.0000,  1.0000]]])
2025-04-23T17:05:40.579914 - Final transform:
[[-0.09 -1.   -0.02  0.02]
 [-0.62  0.07 -0.78 -0.07]
 [ 0.78 -0.06 -0.62  0.74]
 [ 0.    0.    0.    1.  ]]
2025-04-23T17:05:40.579914 - Pose:
tensor([[[-0.0928, -0.9956, -0.0153,  0.0215],
         [-0.6186,  0.0697, -0.7826, -0.0787],
         [ 0.7802, -0.0632, -0.6224,  0.7398],
         [ 0.0000,  0.0000,  0.0000,  1.0000]]])
2025-04-23T17:05:40.655379 - Final transform:
[[-0.1  -0.99 -0.02  0.02]
 [-0.61  0.08 -0.79 -0.07]
 [ 0.78 -0.07 -0.62  0.74]
 [ 0.    0.    0.    1.  ]]
2025-04-23T17:05:40.655379 - Pose:
tensor([[[-0.0994, -0.9949, -0.0184,  0.0211],
         [-0.6125,  0.0758, -0.7868, -0.0790],
         [ 0.7842, -0.0670, -0.6169,  0.7401],
         [ 0.0000,  0.0000,  0.0000,  1.0000]]])
2025-04-23T17:05:40.730163 - Final transform:
[[-0.07 -1.   -0.02  0.02]
 [-0.62  0.06 -0.78 -0.07]
 [ 0.78 -0.04 -0.62  0.74]
 [ 0.    0.    0.    1.  ]]
2025-04-23T17:05:40.730163 - Pose:
tensor([[[-0.0686, -0.9975, -0.0184,  0.0211],
         [-0.6197,  0.0571, -0.7827, -0.0789],
         [ 0.7818, -0.0423, -0.6221,  0.7392],
         [ 0.0000,  0.0000,  0.0000,  1.0000]]])
2025-04-23T17:05:40.807002 - Final transform:
[[-0.08 -1.   -0.01  0.02]
 [-0.61  0.06 -0.79 -0.07]
 [ 0.78 -0.06 -0.62  0.74]
 [ 0.    0.    0.    1.  ]]
2025-04-23T17:05:40.807002 - Pose:
tensor([[[-0.0833, -0.9964, -0.0126,  0.0211],
         [-0.6150,  0.0613, -0.7862, -0.0790],
         [ 0.7841, -0.0578, -0.6179,  0.7397],
         [ 0.0000,  0.0000,  0.0000,  1.0000]]])
2025-04-23T17:05:40.874880 - Final transform:
[[-0.08 -1.   -0.02  0.02]
 [-0.62  0.06 -0.78 -0.07]
 [ 0.78 -0.05 -0.62  0.74]
 [ 0.    0.    0.    1.  ]]
2025-04-23T17:05:40.874880 - Pose:
tensor([[[-0.0797, -0.9967, -0.0183,  0.0211],
         [-0.6176,  0.0638, -0.7839, -0.0791],
         [ 0.7824, -0.0511, -0.6206,  0.7393],
         [ 0.0000,  0.0000,  0.0000,  1.0000]]])
2025-04-23T17:05:40.940328 - Final transform:
[[-0.07 -1.   -0.02  0.02]
 [-0.62  0.06 -0.78 -0.07]
 [ 0.78 -0.04 -0.63  0.74]
 [ 0.    0.    0.    1.  ]]
2025-04-23T17:05:40.940328 - Pose:
tensor([[[-0.0685, -0.9975, -0.0200,  0.0211],
         [-0.6232,  0.0584, -0.7799, -0.0790],
         [ 0.7791, -0.0410, -0.6256,  0.7397],
         [ 0.0000,  0.0000,  0.0000,  1.0000]]])
2025-04-23T17:05:41.007303 - Final transform:
[[-0.08 -1.   -0.02  0.02]
 [-0.62  0.07 -0.78 -0.07]
 [ 0.78 -0.05 -0.63  0.74]
 [ 0.    0.    0.    1.  ]]
2025-04-23T17:05:41.007303 - Pose:
tensor([[[-0.0802, -0.9965, -0.0218,  0.0211],
         [-0.6249,  0.0673, -0.7778, -0.0789],
         [ 0.7766, -0.0488, -0.6281,  0.7387],
         [ 0.0000,  0.0000,  0.0000,  1.0000]]])
2025-04-23T17:05:41.071888 - Final transform:
[[-0.08 -1.   -0.02  0.02]
 [-0.61  0.06 -0.79 -0.07]
 [ 0.79 -0.05 -0.62  0.74]
 [ 0.    0.    0.    1.  ]]
2025-04-23T17:05:41.071888 - Pose:
tensor([[[-0.0754, -0.9969, -0.0208,  0.0210],
         [-0.6129,  0.0628, -0.7876, -0.0793],
         [ 0.7865, -0.0466, -0.6158,  0.7396],
         [ 0.0000,  0.0000,  0.0000,  1.0000]]])
2025-04-23T17:05:41.137983 - Final transform:
[[-0.07 -1.   -0.02  0.02]
 [-0.63  0.06 -0.78 -0.07]
 [ 0.78 -0.04 -0.63  0.74]
 [ 0.    0.    0.    1.  ]]
2025-04-23T17:05:41.137983 - Pose:
tensor([[[-0.0683, -0.9975, -0.0196,  0.0210],
         [-0.6276,  0.0582, -0.7763, -0.0791],
         [ 0.7755, -0.0407, -0.6300,  0.7400],
         [ 0.0000,  0.0000,  0.0000,  1.0000]]])
2025-04-23T17:05:41.201623 - Final transform:
[[-0.07 -1.   -0.01  0.02]
 [-0.62  0.06 -0.78 -0.07]
 [ 0.78 -0.05 -0.62  0.74]
 [ 0.    0.    0.    1.  ]]
2025-04-23T17:05:41.201623 - Pose:
tensor([[[-0.0722, -0.9973, -0.0139,  0.0212],
         [-0.6204,  0.0558, -0.7823, -0.0787],
         [ 0.7810, -0.0478, -0.6227,  0.7397],
         [ 0.0000,  0.0000,  0.0000,  1.0000]]])
2025-04-23T17:05:41.266816 - Final transform:
[[-0.07 -1.   -0.02  0.02]
 [-0.62  0.06 -0.78 -0.07]
 [ 0.78 -0.04 -0.63  0.74]
 [ 0.    0.    0.    1.  ]]
2025-04-23T17:05:41.266816 - Pose:
tensor([[[-0.0711, -0.9973, -0.0195,  0.0214],
         [-0.6242,  0.0597, -0.7790, -0.0791],
         [ 0.7780, -0.0432, -0.6267,  0.7396],
         [ 0.0000,  0.0000,  0.0000,  1.0000]]])
2025-04-23T17:05:41.334075 - Final transform:
[[-0.07 -1.   -0.01  0.02]
 [-0.62  0.06 -0.79 -0.07]
 [ 0.78 -0.05 -0.62  0.74]
 [ 0.    0.    0.    1.  ]]
2025-04-23T17:05:41.334075 - Pose:
tensor([[[-0.0745, -0.9971, -0.0134,  0.0213],
         [-0.6168,  0.0566, -0.7851, -0.0791],
         [ 0.7836, -0.0503, -0.6193,  0.7390],
         [ 0.0000,  0.0000,  0.0000,  1.0000]]])
2025-04-23T17:05:41.399308 - Final transform:
[[-0.06 -1.   -0.02  0.02]
 [-0.62  0.05 -0.78 -0.07]
 [ 0.78 -0.04 -0.62  0.74]
 [ 0.    0.    0.    1.  ]]
2025-04-23T17:05:41.399308 - Pose:
tensor([[[-0.0637, -0.9978, -0.0188,  0.0213],
         [-0.6213,  0.0544, -0.7816, -0.0791],
         [ 0.7809, -0.0381, -0.6234,  0.7393],
         [ 0.0000,  0.0000,  0.0000,  1.0000]]])
2025-04-23T17:05:41.466168 - Final transform:
[[-0.09 -1.   -0.02  0.02]
 [-0.61  0.07 -0.79 -0.07]
 [ 0.78 -0.06 -0.62  0.74]
 [ 0.    0.    0.    1.  ]]
2025-04-23T17:05:41.466168 - Pose:
tensor([[[-0.0889, -0.9958, -0.0202,  0.0210],
         [-0.6142,  0.0708, -0.7860, -0.0791],
         [ 0.7842, -0.0575, -0.6179,  0.7399],
         [ 0.0000,  0.0000,  0.0000,  1.0000]]])
2025-04-23T17:05:41.536972 - Final transform:
[[-0.05 -1.   -0.02  0.02]
 [-0.62  0.05 -0.79 -0.07]
 [ 0.79 -0.03 -0.62  0.74]
 [ 0.    0.    0.    1.  ]]
2025-04-23T17:05:41.536972 - Pose:
tensor([[[-0.0539, -0.9984, -0.0181,  0.0210],
         [-0.6167,  0.0476, -0.7857, -0.0789],
         [ 0.7853, -0.0312, -0.6183,  0.7394],
         [ 0.0000,  0.0000,  0.0000,  1.0000]]])
2025-04-23T17:05:41.607948 - Final transform:
[[-0.07 -1.   -0.02  0.02]
 [-0.62  0.06 -0.78 -0.07]
 [ 0.78 -0.05 -0.63  0.74]
 [ 0.    0.    0.    1.  ]]
2025-04-23T17:05:41.607948 - Pose:
tensor([[[-0.0748, -0.9970, -0.0175,  0.0210],
         [-0.6233,  0.0605, -0.7797, -0.0794],
         [ 0.7784, -0.0474, -0.6260,  0.7394],
         [ 0.0000,  0.0000,  0.0000,  1.0000]]])
2025-04-23T17:05:41.676422 - Final transform:
[[-0.05 -1.   -0.02  0.02]
 [-0.62  0.05 -0.79 -0.07]
 [ 0.79 -0.03 -0.62  0.74]
 [ 0.    0.    0.    1.  ]]
2025-04-23T17:05:41.676422 - Pose:
tensor([[[-0.0506, -0.9985, -0.0203,  0.0213],
         [-0.6153,  0.0472, -0.7868, -0.0789],
         [ 0.7866, -0.0274, -0.6168,  0.7394],
         [ 0.0000,  0.0000,  0.0000,  1.0000]]])
2025-04-23T17:05:41.742760 - Final transform:
[[-0.06 -1.   -0.02  0.02]
 [-0.62  0.05 -0.79 -0.07]
 [ 0.78 -0.04 -0.62  0.74]
 [ 0.    0.    0.    1.  ]]
2025-04-23T17:05:41.742760 - Pose:
tensor([[[-0.0631, -0.9978, -0.0202,  0.0211],
         [-0.6168,  0.0549, -0.7852, -0.0792],
         [ 0.7846, -0.0370, -0.6189,  0.7393],
         [ 0.0000,  0.0000,  0.0000,  1.0000]]])
2025-04-23T17:05:41.806227 - Final transform:
[[-0.07 -1.   -0.02  0.02]
 [-0.62  0.06 -0.78 -0.07]
 [ 0.78 -0.05 -0.62  0.74]
 [ 0.    0.    0.    1.  ]]
2025-04-23T17:05:41.806227 - Pose:
tensor([[[-0.0719, -0.9973, -0.0177,  0.0211],
         [-0.6173,  0.0584, -0.7846, -0.0787],
         [ 0.7835, -0.0455, -0.6198,  0.7397],
         [ 0.0000,  0.0000,  0.0000,  1.0000]]])
2025-04-23T17:05:41.870907 - Final transform:
[[-0.08 -1.   -0.02  0.02]
 [-0.62  0.06 -0.78 -0.07]
 [ 0.78 -0.05 -0.62  0.74]
 [ 0.    0.    0.    1.  ]]
2025-04-23T17:05:41.870907 - Pose:
tensor([[[-0.0787, -0.9968, -0.0153,  0.0212],
         [-0.6197,  0.0610, -0.7824, -0.0791],
         [ 0.7809, -0.0521, -0.6225,  0.7394],
         [ 0.0000,  0.0000,  0.0000,  1.0000]]])
2025-04-23T17:05:41.936014 - Final transform:
[[-0.08 -1.   -0.02  0.02]
 [-0.62  0.06 -0.78 -0.07]
 [ 0.78 -0.05 -0.62  0.74]
 [ 0.    0.    0.    1.  ]]
2025-04-23T17:05:41.936014 - Pose:
tensor([[[-0.0784, -0.9968, -0.0184,  0.0211],
         [-0.6170,  0.0630, -0.7844, -0.0790],
         [ 0.7831, -0.0501, -0.6199,  0.7397],
         [ 0.0000,  0.0000,  0.0000,  1.0000]]])
2025-04-23T17:05:42.007476 - Final transform:
[[-0.09 -1.   -0.02  0.02]
 [-0.62  0.07 -0.78 -0.07]
 [ 0.78 -0.06 -0.62  0.74]
 [ 0.    0.    0.    1.  ]]
2025-04-23T17:05:42.007476 - Pose:
tensor([[[-0.0895, -0.9959, -0.0158,  0.0211],
         [-0.6212,  0.0682, -0.7807, -0.0791],
         [ 0.7786, -0.0601, -0.6247,  0.7400],
         [ 0.0000,  0.0000,  0.0000,  1.0000]]])
2025-04-23T17:05:42.081060 - Final transform:
[[-0.08 -1.   -0.01  0.02]
 [-0.61  0.06 -0.79 -0.07]
 [ 0.78 -0.05 -0.62  0.74]
 [ 0.    0.    0.    1.  ]]
2025-04-23T17:05:42.081060 - Pose:
tensor([[[-0.0765, -0.9970, -0.0143,  0.0214],
         [-0.6148,  0.0584, -0.7865, -0.0788],
         [ 0.7850, -0.0513, -0.6174,  0.7397],
         [ 0.0000,  0.0000,  0.0000,  1.0000]]])
2025-04-23T17:05:42.152509 - Final transform:
[[-0.1  -1.   -0.02  0.02]
 [-0.61  0.07 -0.79 -0.07]
 [ 0.78 -0.07 -0.62  0.74]
 [ 0.    0.    0.    1.  ]]
2025-04-23T17:05:42.152509 - Pose:
tensor([[[-0.0976, -0.9951, -0.0183,  0.0210],
         [-0.6137,  0.0747, -0.7860, -0.0790],
         [ 0.7835, -0.0655, -0.6179,  0.7396],
         [ 0.0000,  0.0000,  0.0000,  1.0000]]])
2025-04-23T17:05:42.221825 - Final transform:
[[-0.06 -1.   -0.03  0.02]
 [-0.62  0.06 -0.78 -0.07]
 [ 0.78 -0.03 -0.62  0.74]
 [ 0.    0.    0.    1.  ]]
2025-04-23T17:05:42.221825 - Pose:
tensor([[[-0.0585, -0.9980, -0.0258,  0.0213],
         [-0.6182,  0.0565, -0.7840, -0.0790],
         [ 0.7839, -0.0299, -0.6202,  0.7395],
         [ 0.0000,  0.0000,  0.0000,  1.0000]]])
2025-04-23T17:05:42.297715 - Final transform:
[[-0.07 -1.   -0.01  0.02]
 [-0.62  0.05 -0.78 -0.07]
 [ 0.78 -0.04 -0.62  0.74]
 [ 0.    0.    0.    1.  ]]
2025-04-23T17:05:42.297715 - Pose:
tensor([[[-0.0675, -0.9976, -0.0149,  0.0211],
         [-0.6227,  0.0537, -0.7806, -0.0788],
         [ 0.7796, -0.0434, -0.6248,  0.7400],
         [ 0.0000,  0.0000,  0.0000,  1.0000]]])
2025-04-23T17:05:42.366363 - Final transform:
[[-0.06 -1.   -0.01  0.02]
 [-0.62  0.05 -0.79 -0.07]
 [ 0.78 -0.04 -0.62  0.74]
 [ 0.    0.    0.    1.  ]]
2025-04-23T17:05:42.366363 - Pose:
tensor([[[-0.0638, -0.9979, -0.0112,  0.0212],
         [-0.6171,  0.0483, -0.7854, -0.0790],
         [ 0.7843, -0.0432, -0.6189,  0.7395],
         [ 0.0000,  0.0000,  0.0000,  1.0000]]])
2025-04-23T17:05:42.432722 - Final transform:
[[-0.07 -1.   -0.02  0.02]
 [-0.62  0.06 -0.78 -0.07]
 [ 0.78 -0.04 -0.62  0.74]
 [ 0.    0.    0.    1.  ]]
2025-04-23T17:05:42.432722 - Pose:
tensor([[[-0.0672, -0.9975, -0.0206,  0.0214],
         [-0.6221,  0.0581, -0.7808, -0.0790],
         [ 0.7801, -0.0397, -0.6244,  0.7388],
         [ 0.0000,  0.0000,  0.0000,  1.0000]]])
2025-04-23T17:05:42.499844 - Final transform:
[[-0.07 -1.   -0.02  0.02]
 [-0.62  0.06 -0.78 -0.07]
 [ 0.78 -0.04 -0.62  0.74]
 [ 0.    0.    0.    1.  ]]
2025-04-23T17:05:42.499844 - Pose:
tensor([[[-0.0728, -0.9971, -0.0208,  0.0211],
         [-0.6192,  0.0616, -0.7828, -0.0791],
         [ 0.7818, -0.0441, -0.6219,  0.7396],
         [ 0.0000,  0.0000,  0.0000,  1.0000]]])
2025-04-23T17:05:42.566319 - Final transform:
[[-0.08 -1.   -0.02  0.02]
 [-0.62  0.06 -0.78 -0.07]
 [ 0.78 -0.05 -0.62  0.74]
 [ 0.    0.    0.    1.  ]]
2025-04-23T17:05:42.566319 - Pose:
tensor([[[-0.0805, -0.9966, -0.0161,  0.0212],
         [-0.6196,  0.0627, -0.7824, -0.0793],
         [ 0.7808, -0.0530, -0.6225,  0.7395],
         [ 0.0000,  0.0000,  0.0000,  1.0000]]])
2025-04-23T17:05:42.643080 - Final transform:
[[-0.06 -1.   -0.01  0.02]
 [-0.62  0.05 -0.78 -0.07]
 [ 0.78 -0.03 -0.62  0.74]
 [ 0.    0.    0.    1.  ]]
2025-04-23T17:05:42.643080 - Pose:
tensor([[[-0.0562, -0.9983, -0.0144,  0.0214],
         [-0.6217,  0.0463, -0.7818, -0.0791],
         [ 0.7812, -0.0349, -0.6233,  0.7396],
         [ 0.0000,  0.0000,  0.0000,  1.0000]]])
2025-04-23T17:05:42.708647 - Final transform:
[[-0.08 -1.   -0.02  0.02]
 [-0.62  0.07 -0.78 -0.07]
 [ 0.78 -0.05 -0.62  0.74]
 [ 0.    0.    0.    1.  ]]
2025-04-23T17:05:42.708647 - Pose:
tensor([[[-0.0819, -0.9965, -0.0193,  0.0211],
         [-0.6171,  0.0659, -0.7841, -0.0791],
         [ 0.7826, -0.0523, -0.6203,  0.7398],
         [ 0.0000,  0.0000,  0.0000,  1.0000]]])
2025-04-23T17:05:42.775229 - Final transform:
[[-0.09 -1.   -0.02  0.02]
 [-0.62  0.07 -0.78 -0.07]
 [ 0.78 -0.06 -0.62  0.74]
 [ 0.    0.    0.    1.  ]]
2025-04-23T17:05:42.775229 - Pose:
tensor([[[-0.0896, -0.9958, -0.0159,  0.0211],
         [-0.6179,  0.0681, -0.7833, -0.0791],
         [ 0.7811, -0.0604, -0.6214,  0.7400],
         [ 0.0000,  0.0000,  0.0000,  1.0000]]])
2025-04-23T17:05:42.843099 - Final transform:
[[-0.07 -1.   -0.01  0.02]
 [-0.62  0.06 -0.78 -0.07]
 [ 0.78 -0.05 -0.62  0.74]
 [ 0.    0.    0.    1.  ]]
2025-04-23T17:05:42.843099 - Pose:
tensor([[[-0.0737, -0.9972, -0.0129,  0.0212],
         [-0.6183,  0.0559, -0.7840, -0.0790],
         [ 0.7825, -0.0498, -0.6207,  0.7389],
         [ 0.0000,  0.0000,  0.0000,  1.0000]]])
2025-04-23T17:05:42.913423 - Final transform:
[[-0.09 -1.   -0.02  0.02]
 [-0.62  0.07 -0.78 -0.07]
 [ 0.78 -0.06 -0.62  0.74]
 [ 0.    0.    0.    1.  ]]
2025-04-23T17:05:42.913423 - Pose:
tensor([[[-0.0868, -0.9961, -0.0180,  0.0211],
         [-0.6163,  0.0679, -0.7846, -0.0789],
         [ 0.7827, -0.0570, -0.6198,  0.7396],
         [ 0.0000,  0.0000,  0.0000,  1.0000]]])
2025-04-23T17:05:42.982797 - Final transform:
[[-0.08 -1.   -0.02  0.02]
 [-0.62  0.06 -0.78 -0.07]
 [ 0.78 -0.05 -0.62  0.74]
 [ 0.    0.    0.    1.  ]]
2025-04-23T17:05:42.982797 - Pose:
tensor([[[-0.0771, -0.9968, -0.0216,  0.0211],
         [-0.6173,  0.0647, -0.7841, -0.0790],
         [ 0.7830, -0.0471, -0.6203,  0.7391],
         [ 0.0000,  0.0000,  0.0000,  1.0000]]])
2025-04-23T17:05:43.046760 - Final transform:
[[-0.06 -1.   -0.02  0.02]
 [-0.62  0.06 -0.78 -0.07]
 [ 0.78 -0.04 -0.62  0.74]
 [ 0.    0.    0.    1.  ]]
2025-04-23T17:05:43.046760 - Pose:
tensor([[[-0.0635, -0.9977, -0.0231,  0.0211],
         [-0.6189,  0.0575, -0.7833, -0.0794],
         [ 0.7829, -0.0355, -0.6212,  0.7393],
         [ 0.0000,  0.0000,  0.0000,  1.0000]]])
2025-04-23T17:05:43.120755 - Final transform:
[[-0.09 -1.   -0.02  0.02]
 [-0.61  0.07 -0.79 -0.07]
 [ 0.78 -0.06 -0.62  0.74]
 [ 0.    0.    0.    1.  ]]
2025-04-23T17:05:43.120755 - Pose:
tensor([[[-0.0903, -0.9957, -0.0223,  0.0212],
         [-0.6144,  0.0733, -0.7856, -0.0788],
         [ 0.7838, -0.0572, -0.6183,  0.7394],
         [ 0.0000,  0.0000,  0.0000,  1.0000]]])
2025-04-23T17:05:43.191137 - Final transform:
[[-0.07 -1.   -0.02  0.02]
 [-0.61  0.06 -0.79 -0.07]
 [ 0.79 -0.04 -0.61  0.74]
 [ 0.    0.    0.    1.  ]]
2025-04-23T17:05:43.191137 - Pose:
tensor([[[-0.0707, -0.9973, -0.0190,  0.0214],
         [-0.6097,  0.0583, -0.7905, -0.0788],
         [ 0.7895, -0.0443, -0.6121,  0.7399],
         [ 0.0000,  0.0000,  0.0000,  1.0000]]])
2025-04-23T17:05:43.255679 - Final transform:
[[-0.08 -1.   -0.02  0.02]
 [-0.62  0.07 -0.78 -0.07]
 [ 0.78 -0.05 -0.62  0.74]
 [ 0.    0.    0.    1.  ]]
2025-04-23T17:05:43.255679 - Pose:
tensor([[[-0.0793, -0.9966, -0.0202,  0.0211],
         [-0.6183,  0.0651, -0.7833, -0.0793],
         [ 0.7820, -0.0497, -0.6214,  0.7398],
         [ 0.0000,  0.0000,  0.0000,  1.0000]]])
2025-04-23T17:05:43.321751 - Final transform:
[[-0.07 -1.   -0.02  0.02]
 [-0.62  0.06 -0.79 -0.07]
 [ 0.79 -0.04 -0.62  0.74]
 [ 0.    0.    0.    1.  ]]
2025-04-23T17:05:43.321751 - Pose:
tensor([[[-0.0722, -0.9972, -0.0209,  0.0211],
         [-0.6153,  0.0610, -0.7860, -0.0791],
         [ 0.7850, -0.0439, -0.6179,  0.7393],
         [ 0.0000,  0.0000,  0.0000,  1.0000]]])
2025-04-23T17:05:43.388349 - Final transform:
[[-0.09 -1.   -0.02  0.02]
 [-0.61  0.07 -0.79 -0.07]
 [ 0.79 -0.06 -0.62  0.74]
 [ 0.    0.    0.    1.  ]]
2025-04-23T17:05:43.388349 - Pose:
tensor([[[-0.0880, -0.9960, -0.0154,  0.0211],
         [-0.6124,  0.0663, -0.7878, -0.0788],
         [ 0.7856, -0.0598, -0.6158,  0.7395],
         [ 0.0000,  0.0000,  0.0000,  1.0000]]])
2025-04-23T17:05:43.454029 - Final transform:
[[-0.09 -1.   -0.02  0.02]
 [-0.61  0.07 -0.79 -0.07]
 [ 0.79 -0.06 -0.61  0.74]
 [ 0.    0.    0.    1.  ]]
2025-04-23T17:05:43.454029 - Pose:
tensor([[[-0.0855, -0.9962, -0.0163,  0.0210],
         [-0.6099,  0.0653, -0.7898, -0.0787],
         [ 0.7878, -0.0576, -0.6132,  0.7394],
         [ 0.0000,  0.0000,  0.0000,  1.0000]]])
2025-04-23T17:05:43.518869 - Final transform:
[[-0.07 -1.   -0.02  0.02]
 [-0.62  0.06 -0.78 -0.07]
 [ 0.78 -0.04 -0.63  0.74]
 [ 0.    0.    0.    1.  ]]
2025-04-23T17:05:43.518869 - Pose:
tensor([[[-0.0710, -0.9972, -0.0214,  0.0211],
         [-0.6232,  0.0611, -0.7797, -0.0790],
         [ 0.7788, -0.0420, -0.6258,  0.7400],
         [ 0.0000,  0.0000,  0.0000,  1.0000]]])
2025-04-23T17:05:43.584701 - Final transform:
[[-0.08 -1.   -0.02  0.02]
 [-0.62  0.06 -0.78 -0.07]
 [ 0.78 -0.05 -0.63  0.74]
 [ 0.    0.    0.    1.  ]]
2025-04-23T17:05:43.584701 - Pose:
tensor([[[-0.0800, -0.9967, -0.0151,  0.0213],
         [-0.6234,  0.0618, -0.7795, -0.0791],
         [ 0.7778, -0.0529, -0.6262,  0.7391],
         [ 0.0000,  0.0000,  0.0000,  1.0000]]])
2025-04-23T17:05:43.650678 - Final transform:
[[-0.08 -1.   -0.02  0.02]
 [-0.62  0.06 -0.78 -0.07]
 [ 0.78 -0.05 -0.63  0.74]
 [ 0.    0.    0.    1.  ]]
2025-04-23T17:05:43.650678 - Pose:
tensor([[[-0.0791, -0.9967, -0.0189,  0.0212],
         [-0.6223,  0.0642, -0.7801, -0.0793],
         [ 0.7788, -0.0499, -0.6253,  0.7398],
         [ 0.0000,  0.0000,  0.0000,  1.0000]]])
2025-04-23T17:05:43.719255 - Final transform:
[[-0.09 -1.   -0.02  0.02]
 [-0.62  0.07 -0.78 -0.07]
 [ 0.78 -0.06 -0.62  0.74]
 [ 0.    0.    0.    1.  ]]
2025-04-23T17:05:43.719255 - Pose:
tensor([[[-0.0896, -0.9958, -0.0190,  0.0212],
         [-0.6203,  0.0707, -0.7812, -0.0791],
         [ 0.7793, -0.0582, -0.6240,  0.7391],
         [ 0.0000,  0.0000,  0.0000,  1.0000]]])
2025-04-23T17:05:43.786150 - Final transform:
[[-0.08 -1.   -0.02  0.02]
 [-0.62  0.06 -0.78 -0.07]
 [ 0.78 -0.05 -0.62  0.74]
 [ 0.    0.    0.    1.  ]]
2025-04-23T17:05:43.786150 - Pose:
tensor([[[-0.0758, -0.9970, -0.0176,  0.0214],
         [-0.6169,  0.0607, -0.7847, -0.0788],
         [ 0.7834, -0.0486, -0.6196,  0.7397],
         [ 0.0000,  0.0000,  0.0000,  1.0000]]])
2025-04-23T17:05:43.851069 - Final transform:
[[-0.07 -1.   -0.02  0.02]
 [-0.62  0.06 -0.78 -0.07]
 [ 0.78 -0.05 -0.62  0.74]
 [ 0.    0.    0.    1.  ]]
2025-04-23T17:05:43.851069 - Pose:
tensor([[[-0.0723, -0.9972, -0.0170,  0.0211],
         [-0.6200,  0.0583, -0.7824, -0.0792],
         [ 0.7812, -0.0460, -0.6225,  0.7395],
         [ 0.0000,  0.0000,  0.0000,  1.0000]]])
2025-04-23T17:05:43.915880 - Final transform:
[[-0.04 -1.   -0.02  0.02]
 [-0.62  0.04 -0.78 -0.07]
 [ 0.78 -0.02 -0.62  0.74]
 [ 0.    0.    0.    1.  ]]
2025-04-23T17:05:43.915880 - Pose:
tensor([[[-0.0421, -0.9989, -0.0219,  0.0213],
         [-0.6192,  0.0432, -0.7840, -0.0790],
         [ 0.7841, -0.0194, -0.6204,  0.7393],
         [ 0.0000,  0.0000,  0.0000,  1.0000]]])
2025-04-23T17:05:43.987307 - Final transform:
[[-0.06 -1.   -0.02  0.02]
 [-0.63  0.06 -0.78 -0.07]
 [ 0.78 -0.03 -0.63  0.74]
 [ 0.    0.    0.    1.  ]]
2025-04-23T17:05:43.987307 - Pose:
tensor([[[-0.0609, -0.9979, -0.0217,  0.0212],
         [-0.6265,  0.0551, -0.7775, -0.0790],
         [ 0.7770, -0.0337, -0.6286,  0.7396],
         [ 0.0000,  0.0000,  0.0000,  1.0000]]])
2025-04-23T17:05:44.056338 - Final transform:
[[-0.09 -1.   -0.02  0.02]
 [-0.62  0.07 -0.78 -0.07]
 [ 0.78 -0.06 -0.62  0.74]
 [ 0.    0.    0.    1.  ]]
2025-04-23T17:05:44.056338 - Pose:
tensor([[[-0.0914, -0.9956, -0.0214,  0.0211],
         [-0.6196,  0.0737, -0.7814, -0.0793],
         [ 0.7795, -0.0582, -0.6236,  0.7395],
         [ 0.0000,  0.0000,  0.0000,  1.0000]]])
2025-04-23T17:05:44.120512 - Final transform:
[[-0.07 -1.   -0.02  0.02]
 [-0.62  0.06 -0.78 -0.07]
 [ 0.78 -0.04 -0.62  0.74]
 [ 0.    0.    0.    1.  ]]
2025-04-23T17:05:44.120512 - Pose:
tensor([[[-0.0742, -0.9970, -0.0209,  0.0211],
         [-0.6218,  0.0626, -0.7806, -0.0792],
         [ 0.7796, -0.0449, -0.6246,  0.7394],
         [ 0.0000,  0.0000,  0.0000,  1.0000]]])
2025-04-23T17:05:44.183809 - Final transform:
[[-0.08 -1.   -0.02  0.02]
 [-0.62  0.06 -0.78 -0.07]
 [ 0.78 -0.05 -0.62  0.74]
 [ 0.    0.    0.    1.  ]]
2025-04-23T17:05:44.183809 - Pose:
tensor([[[-0.0805, -0.9966, -0.0164,  0.0213],
         [-0.6213,  0.0630, -0.7810, -0.0790],
         [ 0.7794, -0.0527, -0.6243,  0.7391],
         [ 0.0000,  0.0000,  0.0000,  1.0000]]])
2025-04-23T17:05:44.250674 - Final transform:
[[-0.06 -1.   -0.02  0.02]
 [-0.61  0.05 -0.79 -0.07]
 [ 0.79 -0.03 -0.61  0.74]
 [ 0.    0.    0.    1.  ]]
2025-04-23T17:05:44.250674 - Pose:
tensor([[[-0.0560, -0.9983, -0.0184,  0.0211],
         [-0.6132,  0.0489, -0.7884, -0.0792],
         [ 0.7879, -0.0328, -0.6149,  0.7396],
         [ 0.0000,  0.0000,  0.0000,  1.0000]]])
2025-04-23T17:05:44.317725 - Final transform:
[[-0.06 -1.   -0.02  0.02]
 [-0.62  0.05 -0.79 -0.07]
 [ 0.79 -0.04 -0.62  0.74]
 [ 0.    0.    0.    1.  ]]
2025-04-23T17:05:44.317725 - Pose:
tensor([[[-0.0598, -0.9980, -0.0184,  0.0212],
         [-0.6157,  0.0514, -0.7863, -0.0790],
         [ 0.7857, -0.0356, -0.6176,  0.7399],
         [ 0.0000,  0.0000,  0.0000,  1.0000]]])
2025-04-23T17:05:44.385591 - Final transform:
[[-0.06 -1.   -0.02  0.02]
 [-0.62  0.05 -0.78 -0.07]
 [ 0.78 -0.03 -0.62  0.74]
 [ 0.    0.    0.    1.  ]]
2025-04-23T17:05:44.385591 - Pose:
tensor([[[-0.0554, -0.9982, -0.0206,  0.0212],
         [-0.6227,  0.0507, -0.7808, -0.0789],
         [ 0.7805, -0.0305, -0.6244,  0.7393],
         [ 0.0000,  0.0000,  0.0000,  1.0000]]])
2025-04-23T17:05:44.451197 - Final transform:
[[-0.09 -1.   -0.02  0.02]
 [-0.62  0.07 -0.78 -0.07]
 [ 0.78 -0.06 -0.63  0.74]
 [ 0.    0.    0.    1.  ]]
2025-04-23T17:05:44.451197 - Pose:
tensor([[[-0.0862, -0.9961, -0.0166,  0.0212],
         [-0.6234,  0.0669, -0.7790, -0.0792],
         [ 0.7771, -0.0568, -0.6268,  0.7397],
         [ 0.0000,  0.0000,  0.0000,  1.0000]]])
2025-04-23T17:05:44.514712 - Final transform:
[[-0.11 -0.99 -0.01  0.02]
 [-0.62  0.08 -0.78 -0.07]
 [ 0.78 -0.08 -0.62  0.74]
 [ 0.    0.    0.    1.  ]]
2025-04-23T17:05:44.514712 - Pose:
tensor([[[-0.1096, -0.9939, -0.0149,  0.0212],
         [-0.6199,  0.0801, -0.7805, -0.0793],
         [ 0.7770, -0.0763, -0.6249,  0.7395],
         [ 0.0000,  0.0000,  0.0000,  1.0000]]])
2025-04-23T17:05:44.577430 - Final transform:
[[-0.1  -0.99 -0.02  0.02]
 [-0.62  0.08 -0.78 -0.07]
 [ 0.78 -0.07 -0.62  0.74]
 [ 0.    0.    0.    1.  ]]
2025-04-23T17:05:44.577430 - Pose:
tensor([[[-0.1011, -0.9947, -0.0201,  0.0211],
         [-0.6151,  0.0783, -0.7845, -0.0785],
         [ 0.7819, -0.0669, -0.6198,  0.7391],
         [ 0.0000,  0.0000,  0.0000,  1.0000]]])
2025-04-23T17:05:44.645756 - Final transform:
[[-0.08 -1.   -0.02  0.02]
 [-0.62  0.06 -0.78 -0.07]
 [ 0.78 -0.05 -0.62  0.74]
 [ 0.    0.    0.    1.  ]]
2025-04-23T17:05:44.645756 - Pose:
tensor([[[-0.0777, -0.9968, -0.0195,  0.0211],
         [-0.6200,  0.0637, -0.7820, -0.0788],
         [ 0.7807, -0.0486, -0.6230,  0.7400],
         [ 0.0000,  0.0000,  0.0000,  1.0000]]])
2025-04-23T17:05:44.714625 - Final transform:
[[-0.07 -1.   -0.02  0.02]
 [-0.61  0.06 -0.79 -0.07]
 [ 0.79 -0.05 -0.62  0.74]
 [ 0.    0.    0.    1.  ]]
2025-04-23T17:05:44.714625 - Pose:
tensor([[[-0.0729, -0.9972, -0.0177,  0.0213],
         [-0.6132,  0.0589, -0.7877, -0.0788],
         [ 0.7865, -0.0466, -0.6158,  0.7390],
         [ 0.0000,  0.0000,  0.0000,  1.0000]]])
2025-04-23T17:05:44.786515 - Final transform:
[[-0.08 -1.   -0.02  0.02]
 [-0.62  0.06 -0.78 -0.07]
 [ 0.78 -0.05 -0.62  0.74]
 [ 0.    0.    0.    1.  ]]
2025-04-23T17:05:44.786515 - Pose:
tensor([[[-0.0787, -0.9967, -0.0198,  0.0211],
         [-0.6185,  0.0644, -0.7831, -0.0794],
         [ 0.7818, -0.0494, -0.6215,  0.7400],
         [ 0.0000,  0.0000,  0.0000,  1.0000]]])
2025-04-23T17:05:44.853096 - Final transform:
[[-0.05 -1.   -0.02  0.02]
 [-0.62  0.05 -0.78 -0.07]
 [ 0.78 -0.03 -0.63  0.74]
 [ 0.    0.    0.    1.  ]]
2025-04-23T17:05:44.853096 - Pose:
tensor([[[-0.0522, -0.9985, -0.0189,  0.0212],
         [-0.6248,  0.0474, -0.7793, -0.0788],
         [ 0.7790, -0.0289, -0.6263,  0.7397],
         [ 0.0000,  0.0000,  0.0000,  1.0000]]])
2025-04-23T17:05:44.918387 - Final transform:
[[-0.06 -1.   -0.02  0.02]
 [-0.62  0.05 -0.78 -0.07]
 [ 0.78 -0.04 -0.62  0.74]
 [ 0.    0.    0.    1.  ]]
2025-04-23T17:05:44.918387 - Pose:
tensor([[[-0.0624, -0.9978, -0.0202,  0.0212],
         [-0.6208,  0.0546, -0.7821, -0.0790],
         [ 0.7815, -0.0363, -0.6228,  0.7396],
         [ 0.0000,  0.0000,  0.0000,  1.0000]]])
2025-04-23T17:05:44.982331 - Final transform:
[[-0.08 -1.   -0.02  0.02]
 [-0.62  0.07 -0.78 -0.07]
 [ 0.78 -0.05 -0.62  0.74]
 [ 0.    0.    0.    1.  ]]
2025-04-23T17:05:44.982331 - Pose:
tensor([[[-0.0829, -0.9964, -0.0187,  0.0211],
         [-0.6209,  0.0663, -0.7810, -0.0791],
         [ 0.7795, -0.0532, -0.6242,  0.7402],
         [ 0.0000,  0.0000,  0.0000,  1.0000]]])
2025-04-23T17:05:45.046995 - Final transform:
[[-0.09 -1.   -0.02  0.02]
 [-0.62  0.07 -0.78 -0.07]
 [ 0.78 -0.06 -0.63  0.74]
 [ 0.    0.    0.    1.  ]]
2025-04-23T17:05:45.046995 - Pose:
tensor([[[-0.0903, -0.9958, -0.0176,  0.0212],
         [-0.6241,  0.0704, -0.7782, -0.0791],
         [ 0.7761, -0.0593, -0.6278,  0.7393],
         [ 0.0000,  0.0000,  0.0000,  1.0000]]])
2025-04-23T17:05:45.111769 - Final transform:
[[-0.07 -1.   -0.02  0.02]
 [-0.62  0.06 -0.78 -0.07]
 [ 0.78 -0.04 -0.62  0.74]
 [ 0.    0.    0.    1.  ]]
2025-04-23T17:05:45.111769 - Pose:
tensor([[[-0.0721, -0.9972, -0.0195,  0.0211],
         [-0.6200,  0.0602, -0.7823, -0.0790],
         [ 0.7813, -0.0444, -0.6226,  0.7396],
         [ 0.0000,  0.0000,  0.0000,  1.0000]]])
2025-04-23T17:05:45.178486 - Final transform:
[[-0.07 -1.   -0.02  0.02]
 [-0.62  0.06 -0.78 -0.07]
 [ 0.78 -0.04 -0.62  0.74]
 [ 0.    0.    0.    1.  ]]
2025-04-23T17:05:45.178486 - Pose:
tensor([[[-0.0679, -0.9975, -0.0218,  0.0211],
         [-0.6188,  0.0592, -0.7833, -0.0792],
         [ 0.7826, -0.0397, -0.6212,  0.7396],
         [ 0.0000,  0.0000,  0.0000,  1.0000]]])
2025-04-23T17:05:45.245057 - Final transform:
[[-0.07 -1.   -0.02  0.02]
 [-0.61  0.06 -0.79 -0.07]
 [ 0.79 -0.05 -0.62  0.74]
 [ 0.    0.    0.    1.  ]]
2025-04-23T17:05:45.245057 - Pose:
tensor([[[-0.0742, -0.9970, -0.0198,  0.0210],
         [-0.6145,  0.0613, -0.7866, -0.0789],
         [ 0.7854, -0.0462, -0.6172,  0.7395],
         [ 0.0000,  0.0000,  0.0000,  1.0000]]])
2025-04-23T17:05:45.311551 - Final transform:
[[-0.07 -1.   -0.02  0.02]
 [-0.62  0.06 -0.78 -0.07]
 [ 0.78 -0.04 -0.62  0.74]
 [ 0.    0.    0.    1.  ]]
2025-04-23T17:05:45.311551 - Pose:
tensor([[[-0.0696, -0.9974, -0.0188,  0.0211],
         [-0.6187,  0.0579, -0.7835, -0.0792],
         [ 0.7825, -0.0429, -0.6212,  0.7395],
         [ 0.0000,  0.0000,  0.0000,  1.0000]]])
2025-04-23T17:05:45.378773 - Final transform:
[[-0.06 -1.   -0.02  0.02]
 [-0.62  0.05 -0.78 -0.07]
 [ 0.78 -0.03 -0.62  0.74]
 [ 0.    0.    0.    1.  ]]
2025-04-23T17:05:45.378773 - Pose:
tensor([[[-0.0566, -0.9982, -0.0175,  0.0212],
         [-0.6185,  0.0488, -0.7843, -0.0790],
         [ 0.7837, -0.0336, -0.6202,  0.7394],
         [ 0.0000,  0.0000,  0.0000,  1.0000]]])
2025-04-23T17:05:45.442993 - Final transform:
[[-0.08 -1.   -0.02  0.02]
 [-0.62  0.06 -0.78 -0.07]
 [ 0.78 -0.06 -0.62  0.75]
 [ 0.    0.    0.    1.  ]]
2025-04-23T17:05:45.442993 - Pose:
tensor([[[-0.0835, -0.9964, -0.0165,  0.0212],
         [-0.6181,  0.0648, -0.7834, -0.0791],
         [ 0.7817, -0.0552, -0.6213,  0.7403],
         [ 0.0000,  0.0000,  0.0000,  1.0000]]])
2025-04-23T17:05:45.508772 - Final transform:
[[-0.07 -1.   -0.02  0.02]
 [-0.62  0.06 -0.78 -0.07]
 [ 0.78 -0.04 -0.62  0.74]
 [ 0.    0.    0.    1.  ]]
2025-04-23T17:05:45.508772 - Pose:
tensor([[[-0.0709, -0.9973, -0.0195,  0.0211],
         [-0.6186,  0.0593, -0.7835, -0.0788],
         [ 0.7825, -0.0435, -0.6211,  0.7399],
         [ 0.0000,  0.0000,  0.0000,  1.0000]]])
2025-04-23T17:05:45.573997 - Final transform:
[[-0.1  -0.99 -0.02  0.02]
 [-0.62  0.08 -0.78 -0.07]
 [ 0.78 -0.07 -0.62  0.74]
 [ 0.    0.    0.    1.  ]]
2025-04-23T17:05:45.573997 - Pose:
tensor([[[-0.1006, -0.9948, -0.0164,  0.0211],
         [-0.6165,  0.0753, -0.7837, -0.0790],
         [ 0.7809, -0.0687, -0.6209,  0.7392],
         [ 0.0000,  0.0000,  0.0000,  1.0000]]])
2025-04-23T17:05:45.641960 - Final transform:
[[-0.09 -1.   -0.02  0.02]
 [-0.62  0.07 -0.78 -0.07]
 [ 0.78 -0.06 -0.62  0.74]
 [ 0.    0.    0.    1.  ]]
2025-04-23T17:05:45.641960 - Pose:
tensor([[[-0.0893, -0.9959, -0.0160,  0.0212],
         [-0.6172,  0.0679, -0.7839, -0.0791],
         [ 0.7817, -0.0602, -0.6207,  0.7393],
         [ 0.0000,  0.0000,  0.0000,  1.0000]]])
2025-04-23T17:05:45.709347 - Final transform:
[[-0.08 -1.   -0.02  0.02]
 [-0.62  0.06 -0.78 -0.07]
 [ 0.78 -0.05 -0.62  0.74]
 [ 0.    0.    0.    1.  ]]
2025-04-23T17:05:45.709347 - Pose:
tensor([[[-0.0790, -0.9967, -0.0188,  0.0211],
         [-0.6198,  0.0639, -0.7822, -0.0793],
         [ 0.7808, -0.0501, -0.6228,  0.7395],
         [ 0.0000,  0.0000,  0.0000,  1.0000]]])
2025-04-23T17:05:45.775867 - Final transform:
[[-0.07 -1.   -0.02  0.02]
 [-0.62  0.06 -0.78 -0.07]
 [ 0.78 -0.04 -0.62  0.74]
 [ 0.    0.    0.    1.  ]]
2025-04-23T17:05:45.775867 - Pose:
tensor([[[-0.0716, -0.9972, -0.0224,  0.0211],
         [-0.6210,  0.0621, -0.7813, -0.0790],
         [ 0.7805, -0.0421, -0.6237,  0.7395],
         [ 0.0000,  0.0000,  0.0000,  1.0000]]])
2025-04-23T17:05:45.844971 - Final transform:
[[-0.08 -1.   -0.02  0.02]
 [-0.61  0.06 -0.79 -0.07]
 [ 0.79 -0.05 -0.62  0.74]
 [ 0.    0.    0.    1.  ]]
2025-04-23T17:05:45.844971 - Pose:
tensor([[[-0.0755, -0.9970, -0.0195,  0.0213],
         [-0.6144,  0.0619, -0.7866, -0.0787],
         [ 0.7854, -0.0474, -0.6172,  0.7393],
         [ 0.0000,  0.0000,  0.0000,  1.0000]]])
2025-04-23T17:05:45.913204 - Final transform:
[[-0.08 -1.   -0.02  0.02]
 [-0.62  0.07 -0.78 -0.07]
 [ 0.78 -0.05 -0.62  0.74]
 [ 0.    0.    0.    1.  ]]
2025-04-23T17:05:45.913204 - Pose:
tensor([[[-0.0785, -0.9967, -0.0208,  0.0209],
         [-0.6217,  0.0652, -0.7805, -0.0791],
         [ 0.7793, -0.0484, -0.6248,  0.7395],
         [ 0.0000,  0.0000,  0.0000,  1.0000]]])
2025-04-23T17:05:45.978888 - Final transform:
[[-0.07 -1.   -0.02  0.02]
 [-0.61  0.06 -0.79 -0.07]
 [ 0.79 -0.05 -0.61  0.74]
 [ 0.    0.    0.    1.  ]]
2025-04-23T17:05:45.978888 - Pose:
tensor([[[-0.0740, -0.9970, -0.0204,  0.0210],
         [-0.6122,  0.0616, -0.7883, -0.0789],
         [ 0.7873, -0.0459, -0.6149,  0.7395],
         [ 0.0000,  0.0000,  0.0000,  1.0000]]])
2025-04-23T17:05:46.054750 - Final transform:
[[-0.09 -1.   -0.02  0.02]
 [-0.62  0.07 -0.78 -0.07]
 [ 0.78 -0.06 -0.62  0.74]
 [ 0.    0.    0.    1.  ]]
2025-04-23T17:05:46.054750 - Pose:
tensor([[[-0.0915, -0.9956, -0.0192,  0.0211],
         [-0.6157,  0.0717, -0.7847, -0.0788],
         [ 0.7827, -0.0600, -0.6195,  0.7398],
         [ 0.0000,  0.0000,  0.0000,  1.0000]]])
2025-04-23T17:05:46.118997 - Final transform:
[[-0.08 -1.   -0.02  0.02]
 [-0.62  0.07 -0.78 -0.07]
 [ 0.78 -0.05 -0.62  0.74]
 [ 0.    0.    0.    1.  ]]
2025-04-23T17:05:46.118997 - Pose:
tensor([[[-0.0820, -0.9964, -0.0220,  0.0212],
         [-0.6167,  0.0681, -0.7843, -0.0791],
         [ 0.7829, -0.0508, -0.6200,  0.7393],
         [ 0.0000,  0.0000,  0.0000,  1.0000]]])
2025-04-23T17:05:46.185776 - Final transform:
[[-0.07 -1.   -0.02  0.02]
 [-0.62  0.06 -0.79 -0.07]
 [ 0.78 -0.04 -0.62  0.74]
 [ 0.    0.    0.    1.  ]]
2025-04-23T17:05:46.185776 - Pose:
tensor([[[-0.0693, -0.9975, -0.0157,  0.0212],
         [-0.6159,  0.0551, -0.7859, -0.0787],
         [ 0.7847, -0.0448, -0.6182,  0.7395],
         [ 0.0000,  0.0000,  0.0000,  1.0000]]])
2025-04-23T17:05:46.252328 - Final transform:
[[-0.07 -1.   -0.02  0.02]
 [-0.62  0.06 -0.79 -0.07]
 [ 0.78 -0.04 -0.62  0.74]
 [ 0.    0.    0.    1.  ]]
2025-04-23T17:05:46.252328 - Pose:
tensor([[[-0.0685, -0.9975, -0.0187,  0.0213],
         [-0.6165,  0.0571, -0.7853, -0.0788],
         [ 0.7844, -0.0422, -0.6188,  0.7390],
         [ 0.0000,  0.0000,  0.0000,  1.0000]]])
2025-04-23T17:05:46.313328 - Final transform:
[[-0.07 -1.   -0.02  0.02]
 [-0.62  0.06 -0.78 -0.07]
 [ 0.78 -0.04 -0.62  0.74]
 [ 0.    0.    0.    1.  ]]
2025-04-23T17:05:46.313328 - Pose:
tensor([[[-0.0735, -0.9971, -0.0214,  0.0211],
         [-0.6198,  0.0625, -0.7823, -0.0793],
         [ 0.7813, -0.0443, -0.6225,  0.7393],
         [ 0.0000,  0.0000,  0.0000,  1.0000]]])
2025-04-23T17:05:46.379152 - Final transform:
[[-0.07 -1.   -0.02  0.02]
 [-0.61  0.06 -0.79 -0.07]
 [ 0.79 -0.05 -0.62  0.74]
 [ 0.    0.    0.    1.  ]]
2025-04-23T17:05:46.379152 - Pose:
tensor([[[-0.0747, -0.9970, -0.0209,  0.0210],
         [-0.6129,  0.0624, -0.7877, -0.0789],
         [ 0.7866, -0.0460, -0.6157,  0.7394],
         [ 0.0000,  0.0000,  0.0000,  1.0000]]])
2025-04-23T17:05:46.443355 - Final transform:
[[-0.08 -1.   -0.02  0.02]
 [-0.62  0.06 -0.79 -0.07]
 [ 0.78 -0.05 -0.62  0.74]
 [ 0.    0.    0.    1.  ]]
2025-04-23T17:05:46.443355 - Pose:
tensor([[[-0.0813, -0.9966, -0.0154,  0.0213],
         [-0.6160,  0.0624, -0.7853, -0.0790],
         [ 0.7836, -0.0544, -0.6189,  0.7392],
         [ 0.0000,  0.0000,  0.0000,  1.0000]]])
2025-04-23T17:05:46.508868 - Final transform:
[[-0.08 -1.   -0.02  0.02]
 [-0.62  0.07 -0.79 -0.07]
 [ 0.78 -0.05 -0.62  0.74]
 [ 0.    0.    0.    1.  ]]
2025-04-23T17:05:46.508868 - Pose:
tensor([[[-0.0805, -0.9966, -0.0200,  0.0213],
         [-0.6155,  0.0655, -0.7854, -0.0789],
         [ 0.7840, -0.0509, -0.6187,  0.7392],
         [ 0.0000,  0.0000,  0.0000,  1.0000]]])
2025-04-23T17:05:46.573067 - Final transform:
[[-0.09 -1.   -0.01  0.02]
 [-0.62  0.07 -0.78 -0.07]
 [ 0.78 -0.06 -0.62  0.74]
 [ 0.    0.    0.    1.  ]]
2025-04-23T17:05:46.573067 - Pose:
tensor([[[-0.0908, -0.9958, -0.0149,  0.0211],
         [-0.6169,  0.0680, -0.7841, -0.0788],
         [ 0.7818, -0.0620, -0.6204,  0.7395],
         [ 0.0000,  0.0000,  0.0000,  1.0000]]])
2025-04-23T17:05:46.637430 - Final transform:
[[-0.07 -1.   -0.02  0.02]
 [-0.62  0.06 -0.79 -0.07]
 [ 0.78 -0.04 -0.62  0.74]
 [ 0.    0.    0.    1.  ]]
2025-04-23T17:05:46.637430 - Pose:
tensor([[[-0.0740, -0.9970, -0.0243,  0.0214],
         [-0.6156,  0.0649, -0.7854, -0.0788],
         [ 0.7846, -0.0432, -0.6186,  0.7399],
         [ 0.0000,  0.0000,  0.0000,  1.0000]]])
2025-04-23T17:05:46.702209 - Final transform:
[[-0.08 -1.   -0.01  0.02]
 [-0.62  0.06 -0.78 -0.07]
