2025-03-20T15:30:33.485423 - Final transform:
[[-0.15 -0.98  0.15 -0.12]
 [ 0.45  0.07  0.89  0.  ]
 [-0.88  0.2   0.43  0.73]
 [ 0.    0.    0.    1.  ]]
2025-03-20T15:30:33.485423 - Pose:
tensor([[[-0.1450, -0.9785,  0.1467, -0.1236],
         [ 0.4522,  0.0663,  0.8894,  0.0035],
         [-0.8800,  0.1953,  0.4329,  0.7351],
         [ 0.0000,  0.0000,  0.0000,  1.0000]]])
2025-03-20T15:30:33.557044 - Final transform:
[[-0.16 -0.98  0.16 -0.12]
 [ 0.38  0.09  0.92  0.  ]
 [-0.91  0.2   0.35  0.73]
 [ 0.    0.    0.    1.  ]]
2025-03-20T15:30:33.557044 - Pose:
tensor([[[-0.1551, -0.9752,  0.1577, -0.1245],
         [ 0.3758,  0.0894,  0.9224,  0.0040],
         [-0.9136,  0.2023,  0.3526,  0.7367],
         [ 0.0000,  0.0000,  0.0000,  1.0000]]])
2025-03-20T15:30:33.632296 - Final transform:
[[-0.15 -0.98  0.16 -0.12]
 [ 0.41  0.09  0.91  0.  ]
 [-0.9   0.2   0.38  0.74]
 [ 0.    0.    0.    1.  ]]
2025-03-20T15:30:33.632296 - Pose:
tensor([[[-0.1516, -0.9754,  0.1600, -0.1246],
         [ 0.4053,  0.0863,  0.9101,  0.0042],
         [-0.9015,  0.2029,  0.3822,  0.7375],
         [ 0.0000,  0.0000,  0.0000,  1.0000]]])
2025-03-20T15:30:33.707325 - Final transform:
[[-0.16 -0.97  0.15 -0.12]
 [ 0.4   0.08  0.91  0.  ]
 [-0.9   0.21  0.37  0.73]
 [ 0.    0.    0.    1.  ]]
2025-03-20T15:30:33.707325 - Pose:
tensor([[[-0.1609, -0.9748,  0.1542, -0.1241],
         [ 0.3960,  0.0794,  0.9148,  0.0050],
         [-0.9040,  0.2083,  0.3732,  0.7371],
         [ 0.0000,  0.0000,  0.0000,  1.0000]]])
2025-03-20T15:30:33.791851 - Final transform:
[[-0.16 -0.97  0.17 -0.12]
 [ 0.37  0.1   0.92  0.  ]
 [-0.91  0.21  0.34  0.73]
 [ 0.    0.    0.    1.  ]]
2025-03-20T15:30:33.791851 - Pose:
tensor([[[-0.1635, -0.9726,  0.1656, -0.1241],
         [ 0.3705,  0.0950,  0.9240,  0.0051],
         [-0.9143,  0.2124,  0.3448,  0.7362],
         [ 0.0000,  0.0000,  0.0000,  1.0000]]])
2025-03-20T15:30:33.860885 - Final transform:
[[-0.15 -0.98  0.15 -0.12]
 [ 0.43  0.08  0.9   0.  ]
 [-0.89  0.2   0.41  0.73]
 [ 0.    0.    0.    1.  ]]
2025-03-20T15:30:33.860885 - Pose:
tensor([[[-0.1538, -0.9759,  0.1545, -0.1234],
         [ 0.4284,  0.0750,  0.9005,  0.0042],
         [-0.8904,  0.2047,  0.4065,  0.7360],
         [ 0.0000,  0.0000,  0.0000,  1.0000]]])
2025-03-20T15:30:33.929925 - Final transform:
[[-0.15 -0.98  0.15 -0.12]
 [ 0.43  0.07  0.9   0.  ]
 [-0.89  0.2   0.41  0.73]
 [ 0.    0.    0.    1.  ]]
2025-03-20T15:30:33.929925 - Pose:
tensor([[[-0.1500, -0.9770,  0.1519, -0.1237],
         [ 0.4285,  0.0742,  0.9005,  0.0045],
         [-0.8910,  0.2002,  0.4075,  0.7327],
         [ 0.0000,  0.0000,  0.0000,  1.0000]]])
2025-03-20T15:30:34.007613 - Final transform:
[[-0.15 -0.98  0.14 -0.12]
 [ 0.46  0.06  0.89  0.  ]
 [-0.88  0.2   0.44  0.73]
 [ 0.    0.    0.    1.  ]]
2025-03-20T15:30:34.007613 - Pose:
tensor([[[-0.1537, -0.9775,  0.1442, -0.1234],
         [ 0.4557,  0.0594,  0.8881,  0.0041],
         [-0.8767,  0.2023,  0.4364,  0.7335],
         [ 0.0000,  0.0000,  0.0000,  1.0000]]])
2025-03-20T15:30:34.076816 - Final transform:
[[-0.16 -0.97  0.16 -0.12]
 [ 0.41  0.09  0.91  0.  ]
 [-0.9   0.21  0.38  0.73]
 [ 0.    0.    0.    1.  ]]
2025-03-20T15:30:34.076816 - Pose:
tensor([[[-0.1571, -0.9741,  0.1630, -0.1237],
         [ 0.4052,  0.0869,  0.9101,  0.0036],
         [-0.9007,  0.2090,  0.3810,  0.7356],
         [ 0.0000,  0.0000,  0.0000,  1.0000]]])
2025-03-20T15:30:34.153807 - Final transform:
[[-0.16 -0.97  0.16 -0.12]
 [ 0.4   0.09  0.91  0.  ]
 [-0.9   0.21  0.37  0.73]
 [ 0.    0.    0.    1.  ]]
2025-03-20T15:30:34.153807 - Pose:
tensor([[[-0.1638, -0.9730,  0.1626, -0.1240],
         [ 0.3976,  0.0857,  0.9136,  0.0048],
         [-0.9028,  0.2143,  0.3728,  0.7347],
         [ 0.0000,  0.0000,  0.0000,  1.0000]]])
2025-03-20T15:30:34.220205 - Final transform:
[[-0.16 -0.97  0.16 -0.12]
 [ 0.44  0.07  0.9   0.  ]
 [-0.89  0.21  0.41  0.73]
 [ 0.    0.    0.    1.  ]]
2025-03-20T15:30:34.220205 - Pose:
tensor([[[-0.1577, -0.9748,  0.1578, -0.1238],
         [ 0.4350,  0.0748,  0.8973,  0.0037],
         [-0.8865,  0.2102,  0.4123,  0.7356],
         [ 0.0000,  0.0000,  0.0000,  1.0000]]])
2025-03-20T15:30:34.287636 - Final transform:
[[-0.15 -0.98  0.14 -0.12]
 [ 0.42  0.07  0.91  0.  ]
 [-0.9   0.19  0.4   0.73]
 [ 0.    0.    0.    1.  ]]
2025-03-20T15:30:34.287636 - Pose:
tensor([[[-0.1459, -0.9792,  0.1407, -0.1234],
         [ 0.4166,  0.0681,  0.9065,  0.0040],
         [-0.8973,  0.1909,  0.3980,  0.7350],
         [ 0.0000,  0.0000,  0.0000,  1.0000]]])
2025-03-20T15:30:34.355184 - Final transform:
[[-0.15 -0.98  0.15 -0.12]
 [ 0.41  0.07  0.91  0.  ]
 [-0.9   0.2   0.39  0.73]
 [ 0.    0.    0.    1.  ]]
2025-03-20T15:30:34.355184 - Pose:
tensor([[[-0.1522, -0.9769,  0.1501, -0.1235],
         [ 0.4149,  0.0747,  0.9068,  0.0043],
         [-0.8971,  0.2003,  0.3939,  0.7357],
         [ 0.0000,  0.0000,  0.0000,  1.0000]]])
2025-03-20T15:30:34.419022 - Final transform:
[[-0.16 -0.98  0.15 -0.12]
 [ 0.42  0.07  0.91  0.  ]
 [-0.9   0.21  0.4   0.73]
 [ 0.    0.    0.    1.  ]]
2025-03-20T15:30:34.419022 - Pose:
tensor([[[-0.1595, -0.9761,  0.1477, -0.1236],
         [ 0.4162,  0.0692,  0.9066,  0.0042],
         [-0.8952,  0.2061,  0.3952,  0.7363],
         [ 0.0000,  0.0000,  0.0000,  1.0000]]])
2025-03-20T15:30:34.486452 - Final transform:
[[-0.16 -0.97  0.17 -0.12]
 [ 0.43  0.08  0.9   0.  ]
 [-0.89  0.22  0.4   0.73]
 [ 0.    0.    0.    1.  ]]
2025-03-20T15:30:34.486452 - Pose:
tensor([[[-0.1642, -0.9725,  0.1651, -0.1235],
         [ 0.4256,  0.0812,  0.9013,  0.0034],
         [-0.8899,  0.2182,  0.4006,  0.7343],
         [ 0.0000,  0.0000,  0.0000,  1.0000]]])
2025-03-20T15:30:34.557076 - Final transform:
[[-0.18 -0.97  0.15 -0.12]
 [ 0.46  0.05  0.89  0.  ]
 [-0.87  0.22  0.43  0.73]
 [ 0.    0.    0.    1.  ]]
2025-03-20T15:30:34.557076 - Pose:
tensor([[[-0.1782, -0.9732,  0.1456, -0.1240],
         [ 0.4555,  0.0496,  0.8889,  0.0035],
         [-0.8722,  0.2247,  0.4344,  0.7355],
         [ 0.0000,  0.0000,  0.0000,  1.0000]]])
2025-03-20T15:30:34.630450 - Final transform:
[[-0.16 -0.98  0.15 -0.12]
 [ 0.44  0.07  0.9   0.  ]
 [-0.89  0.21  0.42  0.73]
 [ 0.    0.    0.    1.  ]]
2025-03-20T15:30:34.630450 - Pose:
tensor([[[-0.1563, -0.9762,  0.1506, -0.1238],
         [ 0.4366,  0.0684,  0.8970,  0.0037],
         [-0.8860,  0.2059,  0.4155,  0.7345],
         [ 0.0000,  0.0000,  0.0000,  1.0000]]])
2025-03-20T15:30:34.709837 - Final transform:
[[-0.14 -0.98  0.15 -0.12]
 [ 0.43  0.07  0.9   0.  ]
 [-0.89  0.19  0.41  0.73]
 [ 0.    0.    0.    1.  ]]
2025-03-20T15:30:34.709837 - Pose:
tensor([[[-0.1417, -0.9788,  0.1480, -0.1240],
         [ 0.4319,  0.0735,  0.8989,  0.0040],
         [-0.8907,  0.1913,  0.4123,  0.7337],
         [ 0.0000,  0.0000,  0.0000,  1.0000]]])
2025-03-20T15:30:34.777907 - Final transform:
[[-0.16 -0.98  0.15 -0.12]
 [ 0.43  0.07  0.9   0.  ]
 [-0.89  0.21  0.41  0.73]
 [ 0.    0.    0.    1.  ]]
2025-03-20T15:30:34.777907 - Pose:
tensor([[[-0.1583, -0.9759,  0.1501, -0.1238],
         [ 0.4282,  0.0691,  0.9011,  0.0039],
         [-0.8897,  0.2069,  0.4069,  0.7358],
         [ 0.0000,  0.0000,  0.0000,  1.0000]]])
2025-03-20T15:30:34.858735 - Final transform:
[[-0.15 -0.98  0.15 -0.12]
 [ 0.42  0.07  0.9   0.  ]
 [-0.89  0.2   0.4   0.73]
 [ 0.    0.    0.    1.  ]]
2025-03-20T15:30:34.858735 - Pose:
tensor([[[-0.1511, -0.9774,  0.1477, -0.1240],
         [ 0.4231,  0.0711,  0.9033,  0.0037],
         [-0.8934,  0.1990,  0.4028,  0.7360],
         [ 0.0000,  0.0000,  0.0000,  1.0000]]])
2025-03-20T15:30:34.928089 - Final transform:
[[-0.16 -0.98  0.15 -0.12]
 [ 0.41  0.07  0.91  0.  ]
 [-0.9   0.21  0.39  0.73]
 [ 0.    0.    0.    1.  ]]
2025-03-20T15:30:34.928089 - Pose:
tensor([[[-0.1610, -0.9752,  0.1519, -0.1236],
         [ 0.4144,  0.0729,  0.9072,  0.0041],
         [-0.8958,  0.2090,  0.3923,  0.7348],
         [ 0.0000,  0.0000,  0.0000,  1.0000]]])
2025-03-20T15:30:34.997514 - Final transform:
[[-0.15 -0.98  0.14 -0.12]
 [ 0.44  0.07  0.9   0.  ]
 [-0.89  0.2   0.42  0.73]
 [ 0.    0.    0.    1.  ]]
2025-03-20T15:30:34.997514 - Pose:
tensor([[[-0.1496, -0.9781,  0.1444, -0.1236],
         [ 0.4367,  0.0657,  0.8972,  0.0039],
         [-0.8871,  0.1973,  0.4173,  0.7358],
         [ 0.0000,  0.0000,  0.0000,  1.0000]]])
2025-03-20T15:30:35.065696 - Final transform:
[[-0.16 -0.98  0.15 -0.12]
 [ 0.44  0.06  0.89  0.  ]
 [-0.88  0.2   0.42  0.73]
 [ 0.    0.    0.    1.  ]]
2025-03-20T15:30:35.065696 - Pose:
tensor([[[-0.1554, -0.9768,  0.1474, -0.1241],
         [ 0.4445,  0.0642,  0.8935,  0.0040],
         [-0.8822,  0.2044,  0.4242,  0.7359],
         [ 0.0000,  0.0000,  0.0000,  1.0000]]])
2025-03-20T15:30:35.136261 - Final transform:
[[-0.16 -0.98  0.15 -0.12]
 [ 0.44  0.06  0.89  0.  ]
 [-0.88  0.21  0.42  0.73]
 [ 0.    0.    0.    1.  ]]
2025-03-20T15:30:35.136261 - Pose:
tensor([[[-0.1577, -0.9762,  0.1491, -0.1235],
         [ 0.4444,  0.0647,  0.8935,  0.0039],
         [-0.8818,  0.2071,  0.4236,  0.7348],
         [ 0.0000,  0.0000,  0.0000,  1.0000]]])
2025-03-20T15:30:35.204095 - Final transform:
[[-0.17 -0.97  0.15 -0.12]
 [ 0.41  0.07  0.91  0.  ]
 [-0.89  0.22  0.39  0.73]
 [ 0.    0.    0.    1.  ]]
2025-03-20T15:30:35.204095 - Pose:
tensor([[[-0.1694, -0.9740,  0.1504, -0.1239],
         [ 0.4139,  0.0682,  0.9078,  0.0040],
         [-0.8944,  0.2160,  0.3916,  0.7359],
         [ 0.0000,  0.0000,  0.0000,  1.0000]]])
2025-03-20T15:30:35.270341 - Final transform:
[[-0.15 -0.98  0.14 -0.12]
 [ 0.44  0.06  0.9   0.  ]
 [-0.89  0.2   0.42  0.73]
 [ 0.    0.    0.    1.  ]]
2025-03-20T15:30:35.270341 - Pose:
tensor([[[-0.1541, -0.9774,  0.1447, -0.1233],
         [ 0.4368,  0.0640,  0.8973,  0.0038],
         [-0.8862,  0.2015,  0.4171,  0.7347],
         [ 0.0000,  0.0000,  0.0000,  1.0000]]])
2025-03-20T15:30:35.336923 - Final transform:
[[-0.16 -0.97  0.16 -0.12]
 [ 0.42  0.08  0.9   0.  ]
 [-0.89  0.21  0.4   0.74]
 [ 0.    0.    0.    1.  ]]
2025-03-20T15:30:35.336923 - Pose:
tensor([[[-0.1602, -0.9736,  0.1627, -0.1242],
         [ 0.4200,  0.0819,  0.9038,  0.0037],
         [-0.8933,  0.2131,  0.3958,  0.7380],
         [ 0.0000,  0.0000,  0.0000,  1.0000]]])
2025-03-20T15:30:35.409668 - Final transform:
[[-0.13 -0.98  0.14 -0.12]
 [ 0.42  0.07  0.9   0.  ]
 [-0.9   0.18  0.4   0.73]
 [ 0.    0.    0.    1.  ]]
2025-03-20T15:30:35.409668 - Pose:
tensor([[[-0.1346, -0.9808,  0.1413, -0.1236],
         [ 0.4203,  0.0726,  0.9045,  0.0033],
         [-0.8973,  0.1812,  0.4025,  0.7366],
         [ 0.0000,  0.0000,  0.0000,  1.0000]]])
2025-03-20T15:30:35.478037 - Final transform:
[[-0.13 -0.98  0.16 -0.12]
 [ 0.42  0.09  0.91  0.  ]
 [-0.9   0.18  0.4   0.74]
 [ 0.    0.    0.    1.  ]]
2025-03-20T15:30:35.478037 - Pose:
tensor([[[-0.1286, -0.9794,  0.1557, -0.1245],
         [ 0.4156,  0.0893,  0.9051,  0.0033],
         [-0.9004,  0.1811,  0.3956,  0.7383],
         [ 0.0000,  0.0000,  0.0000,  1.0000]]])
2025-03-20T15:30:35.546239 - Final transform:
[[-0.12 -0.98  0.14 -0.12]
 [ 0.42  0.07  0.91  0.  ]
 [-0.9   0.17  0.4   0.73]
 [ 0.    0.    0.    1.  ]]
2025-03-20T15:30:35.546239 - Pose:
tensor([[[-0.1238, -0.9831,  0.1350, -0.1238],
         [ 0.4174,  0.0718,  0.9059,  0.0041],
         [-0.9002,  0.1685,  0.4015,  0.7357],
         [ 0.0000,  0.0000,  0.0000,  1.0000]]])
2025-03-20T15:30:35.614512 - Final transform:
[[-0.15 -0.98  0.15 -0.12]
 [ 0.42  0.08  0.91  0.  ]
 [-0.9   0.2   0.4   0.73]
 [ 0.    0.    0.    1.  ]]
2025-03-20T15:30:35.614512 - Pose:
tensor([[[-0.1461, -0.9771,  0.1545, -0.1240],
         [ 0.4164,  0.0809,  0.9056,  0.0040],
         [-0.8974,  0.1967,  0.3950,  0.7366],
         [ 0.0000,  0.0000,  0.0000,  1.0000]]])
2025-03-20T15:30:35.689261 - Final transform:
[[-0.15 -0.98  0.15 -0.12]
 [ 0.44  0.07  0.9   0.  ]
 [-0.89  0.2   0.42  0.73]
 [ 0.    0.    0.    1.  ]]
2025-03-20T15:30:35.689261 - Pose:
tensor([[[-0.1514, -0.9776,  0.1463, -0.1236],
         [ 0.4361,  0.0668,  0.8974,  0.0036],
         [-0.8871,  0.1997,  0.4162,  0.7339],
         [ 0.0000,  0.0000,  0.0000,  1.0000]]])
2025-03-20T15:30:35.758225 - Final transform:
[[-0.15 -0.98  0.15 -0.12]
 [ 0.43  0.07  0.9   0.  ]
 [-0.89  0.19  0.41  0.73]
 [ 0.    0.    0.    1.  ]]
2025-03-20T15:30:35.758225 - Pose:
tensor([[[-0.1471, -0.9784,  0.1455, -0.1239],
         [ 0.4283,  0.0696,  0.9010,  0.0036],
         [-0.8916,  0.1948,  0.4088,  0.7360],
         [ 0.0000,  0.0000,  0.0000,  1.0000]]])
2025-03-20T15:30:35.828035 - Final transform:
[[-0.15 -0.98  0.15 -0.12]
 [ 0.39  0.08  0.92  0.  ]
 [-0.91  0.2   0.37  0.74]
 [ 0.    0.    0.    1.  ]]
2025-03-20T15:30:35.828035 - Pose:
tensor([[[-0.1515, -0.9767,  0.1521, -0.1243],
         [ 0.3938,  0.0815,  0.9156,  0.0042],
         [-0.9066,  0.1986,  0.3723,  0.7391],
         [ 0.0000,  0.0000,  0.0000,  1.0000]]])
2025-03-20T15:30:35.896206 - Final transform:
[[-0.15 -0.98  0.15 -0.12]
 [ 0.4   0.08  0.91  0.  ]
 [-0.91  0.2   0.38  0.73]
 [ 0.    0.    0.    1.  ]]
2025-03-20T15:30:35.896206 - Pose:
tensor([[[-0.1516, -0.9771,  0.1494, -0.1242],
         [ 0.3972,  0.0782,  0.9144,  0.0041],
         [-0.9051,  0.1980,  0.3763,  0.7361],
         [ 0.0000,  0.0000,  0.0000,  1.0000]]])
2025-03-20T15:30:35.969177 - Final transform:
[[-0.16 -0.97  0.17 -0.12]
 [ 0.43  0.08  0.9   0.  ]
 [-0.89  0.22  0.4   0.73]
 [ 0.    0.    0.    1.  ]]
2025-03-20T15:30:35.969177 - Pose:
tensor([[[-0.1644, -0.9724,  0.1657, -0.1238],
         [ 0.4261,  0.0814,  0.9010,  0.0039],
         [-0.8896,  0.2187,  0.4009,  0.7352],
         [ 0.0000,  0.0000,  0.0000,  1.0000]]])
2025-03-20T15:30:36.039748 - Final transform:
[[-0.17 -0.97  0.16 -0.12]
 [ 0.4   0.08  0.91  0.  ]
 [-0.9   0.21  0.38  0.73]
 [ 0.    0.    0.    1.  ]]
2025-03-20T15:30:36.039748 - Pose:
tensor([[[-0.1658, -0.9736,  0.1567, -0.1239],
         [ 0.4042,  0.0778,  0.9114,  0.0045],
         [-0.8995,  0.2145,  0.3806,  0.7347],
         [ 0.0000,  0.0000,  0.0000,  1.0000]]])
2025-03-20T15:30:36.107198 - Final transform:
[[-0.17 -0.97  0.16 -0.12]
 [ 0.42  0.07  0.91  0.  ]
 [-0.89  0.22  0.4   0.73]
 [ 0.    0.    0.    1.  ]]
2025-03-20T15:30:36.107198 - Pose:
tensor([[[-0.1658, -0.9736,  0.1566, -0.1239],
         [ 0.4187,  0.0743,  0.9051,  0.0037],
         [-0.8928,  0.2157,  0.3954,  0.7366],
         [ 0.0000,  0.0000,  0.0000,  1.0000]]])
2025-03-20T15:30:36.176643 - Final transform:
[[-0.16 -0.97  0.17 -0.12]
 [ 0.43  0.08  0.9   0.  ]
 [-0.89  0.22  0.4   0.73]
 [ 0.    0.    0.    1.  ]]
2025-03-20T15:30:36.176643 - Pose:
tensor([[[-0.1640, -0.9725,  0.1655, -0.1241],
         [ 0.4266,  0.0813,  0.9008,  0.0037],
         [-0.8894,  0.2183,  0.4016,  0.7367],
         [ 0.0000,  0.0000,  0.0000,  1.0000]]])
2025-03-20T15:30:36.244822 - Final transform:
[[-0.16 -0.98  0.15 -0.12]
 [ 0.42  0.07  0.91  0.  ]
 [-0.89  0.21  0.39  0.73]
 [ 0.    0.    0.    1.  ]]
2025-03-20T15:30:36.244822 - Pose:
tensor([[[-0.1628, -0.9752,  0.1502, -0.1236],
         [ 0.4162,  0.0701,  0.9066,  0.0042],
         [-0.8946,  0.2101,  0.3945,  0.7365],
         [ 0.0000,  0.0000,  0.0000,  1.0000]]])
2025-03-20T15:30:36.314575 - Final transform:
[[-0.15 -0.98  0.15 -0.12]
 [ 0.43  0.07  0.9   0.  ]
 [-0.89  0.2   0.41  0.73]
 [ 0.    0.    0.    1.  ]]
2025-03-20T15:30:36.314575 - Pose:
tensor([[[-0.1534, -0.9768,  0.1493, -0.1236],
         [ 0.4350,  0.0689,  0.8978,  0.0040],
         [-0.8873,  0.2026,  0.4143,  0.7330],
         [ 0.0000,  0.0000,  0.0000,  1.0000]]])
2025-03-20T15:30:36.383064 - Final transform:
[[-0.14 -0.98  0.15 -0.12]
 [ 0.43  0.08  0.9   0.  ]
 [-0.89  0.19  0.41  0.73]
 [ 0.    0.    0.    1.  ]]
2025-03-20T15:30:36.383064 - Pose:
tensor([[[-0.1405, -0.9788,  0.1487, -0.1234],
         [ 0.4272,  0.0756,  0.9010,  0.0035],
         [-0.8932,  0.1901,  0.4075,  0.7366],
         [ 0.0000,  0.0000,  0.0000,  1.0000]]])
2025-03-20T15:30:36.454163 - Final transform:
[[-0.15 -0.98  0.14 -0.12]
 [ 0.41  0.07  0.91  0.  ]
 [-0.9   0.2   0.39  0.74]
 [ 0.    0.    0.    1.  ]]
2025-03-20T15:30:36.454163 - Pose:
tensor([[[-0.1534, -0.9776,  0.1440, -0.1238],
         [ 0.4053,  0.0706,  0.9114,  0.0040],
         [-0.9012,  0.1982,  0.3854,  0.7375],
         [ 0.0000,  0.0000,  0.0000,  1.0000]]])
2025-03-20T15:30:36.522895 - Final transform:
[[-0.17 -0.97  0.16 -0.12]
 [ 0.41  0.07  0.91  0.  ]
 [-0.9   0.22  0.38  0.73]
 [ 0.    0.    0.    1.  ]]
2025-03-20T15:30:36.522895 - Pose:
tensor([[[-0.1697, -0.9732,  0.1553, -0.1242],
         [ 0.4073,  0.0742,  0.9103,  0.0038],
         [-0.8974,  0.2178,  0.3838,  0.7365],
         [ 0.0000,  0.0000,  0.0000,  1.0000]]])
2025-03-20T15:30:36.592712 - Final transform:
[[-0.18 -0.97  0.16 -0.12]
 [ 0.39  0.08  0.92  0.  ]
 [-0.9   0.23  0.37  0.74]
 [ 0.    0.    0.    1.  ]]
2025-03-20T15:30:36.592712 - Pose:
tensor([[[-0.1816, -0.9697,  0.1635, -0.1241],
         [ 0.3930,  0.0808,  0.9160,  0.0038],
         [-0.9014,  0.2306,  0.3664,  0.7383],
         [ 0.0000,  0.0000,  0.0000,  1.0000]]])
2025-03-20T15:30:36.664035 - Final transform:
[[-0.18 -0.97  0.16 -0.12]
 [ 0.42  0.07  0.9   0.  ]
 [-0.89  0.23  0.39  0.73]
 [ 0.    0.    0.    1.  ]]
2025-03-20T15:30:36.664035 - Pose:
tensor([[[-0.1788, -0.9708,  0.1599, -0.1239],
         [ 0.4195,  0.0718,  0.9049,  0.0037],
         [-0.8900,  0.2289,  0.3944,  0.7367],
         [ 0.0000,  0.0000,  0.0000,  1.0000]]])
2025-03-20T15:30:36.733190 - Final transform:
[[-0.16 -0.98  0.15 -0.12]
 [ 0.43  0.06  0.9   0.  ]
 [-0.89  0.21  0.41  0.74]
 [ 0.    0.    0.    1.  ]]
2025-03-20T15:30:36.733190 - Pose:
tensor([[[-0.1605, -0.9761,  0.1465, -0.1239],
         [ 0.4287,  0.0647,  0.9011,  0.0040],
         [-0.8891,  0.2074,  0.4081,  0.7375],
         [ 0.0000,  0.0000,  0.0000,  1.0000]]])
2025-03-20T15:30:36.804584 - Final transform:
[[-0.16 -0.97  0.16 -0.12]
 [ 0.41  0.08  0.91  0.  ]
 [-0.9   0.21  0.38  0.74]
 [ 0.    0.    0.    1.  ]]
2025-03-20T15:30:36.804584 - Pose:
tensor([[[-0.1596, -0.9740,  0.1609, -0.1238],
         [ 0.4081,  0.0833,  0.9091,  0.0036],
         [-0.8989,  0.2108,  0.3842,  0.7374],
         [ 0.0000,  0.0000,  0.0000,  1.0000]]])
2025-03-20T15:30:36.873847 - Final transform:
[[-0.16 -0.98  0.15 -0.12]
 [ 0.43  0.07  0.9   0.  ]
 [-0.89  0.21  0.41  0.73]
 [ 0.    0.    0.    1.  ]]
2025-03-20T15:30:36.873847 - Pose:
tensor([[[-0.1616, -0.9752,  0.1512, -0.1240],
         [ 0.4295,  0.0684,  0.9005,  0.0040],
         [-0.8885,  0.2104,  0.4078,  0.7363],
         [ 0.0000,  0.0000,  0.0000,  1.0000]]])
2025-03-20T15:30:36.941914 - Final transform:
[[-0.17 -0.97  0.15 -0.12]
 [ 0.41  0.07  0.91  0.  ]
 [-0.9   0.21  0.39  0.73]
 [ 0.    0.    0.    1.  ]]
2025-03-20T15:30:36.941914 - Pose:
tensor([[[-0.1651, -0.9748,  0.1499, -0.1241],
         [ 0.4139,  0.0695,  0.9077,  0.0042],
         [-0.8952,  0.2119,  0.3920,  0.7371],
         [ 0.0000,  0.0000,  0.0000,  1.0000]]])
2025-03-20T15:30:37.011844 - Final transform:
[[-0.14 -0.98  0.15 -0.12]
 [ 0.43  0.08  0.9   0.  ]
 [-0.89  0.19  0.41  0.73]
 [ 0.    0.    0.    1.  ]]
2025-03-20T15:30:37.011844 - Pose:
tensor([[[-0.1389, -0.9789,  0.1500, -0.1233],
         [ 0.4288,  0.0771,  0.9001,  0.0039],
         [-0.8927,  0.1893,  0.4091,  0.7361],
         [ 0.0000,  0.0000,  0.0000,  1.0000]]])
2025-03-20T15:30:37.080977 - Final transform:
[[-0.16 -0.97  0.17 -0.12]
 [ 0.39  0.09  0.91  0.  ]
 [-0.9   0.21  0.37  0.73]
 [ 0.    0.    0.    1.  ]]
2025-03-20T15:30:37.080977 - Pose:
tensor([[[-0.1631, -0.9724,  0.1666, -0.1237],
         [ 0.3945,  0.0905,  0.9144,  0.0045],
         [-0.9043,  0.2149,  0.3689,  0.7373],
         [ 0.0000,  0.0000,  0.0000,  1.0000]]])
2025-03-20T15:30:37.157605 - Final transform:
[[-0.17 -0.97  0.16 -0.12]
 [ 0.41  0.08  0.91  0.  ]
 [-0.9   0.22  0.38  0.74]
 [ 0.    0.    0.    1.  ]]
2025-03-20T15:30:37.157605 - Pose:
tensor([[[-0.1689, -0.9728,  0.1587, -0.1243],
         [ 0.4051,  0.0782,  0.9109,  0.0041],
         [-0.8985,  0.2181,  0.3809,  0.7381],
         [ 0.0000,  0.0000,  0.0000,  1.0000]]])
2025-03-20T15:30:37.226215 - Final transform:
[[-0.17 -0.97  0.15 -0.12]
 [ 0.43  0.06  0.9   0.  ]
 [-0.89  0.22  0.41  0.73]
 [ 0.    0.    0.    1.  ]]
2025-03-20T15:30:37.226215 - Pose:
tensor([[[-0.1737, -0.9729,  0.1528, -0.1238],
         [ 0.4289,  0.0649,  0.9010,  0.0042],
         [-0.8865,  0.2220,  0.4060,  0.7350],
         [ 0.0000,  0.0000,  0.0000,  1.0000]]])
2025-03-20T15:30:37.292824 - Final transform:
[[-0.15 -0.98  0.15 -0.12]
 [ 0.42  0.08  0.9   0.  ]
 [-0.89  0.2   0.4   0.73]
 [ 0.    0.    0.    1.  ]]
2025-03-20T15:30:37.292824 - Pose:
tensor([[[-0.1489, -0.9771,  0.1521, -0.1242],
         [ 0.4217,  0.0764,  0.9035,  0.0041],
         [-0.8944,  0.1986,  0.4007,  0.7351],
         [ 0.0000,  0.0000,  0.0000,  1.0000]]])
2025-03-20T15:30:37.359821 - Final transform:
[[-0.16 -0.97  0.15 -0.12]
 [ 0.4   0.08  0.91  0.  ]
 [-0.9   0.21  0.38  0.73]
 [ 0.    0.    0.    1.  ]]
2025-03-20T15:30:37.359821 - Pose:
tensor([[[-0.1621, -0.9750,  0.1522, -0.1238],
         [ 0.4025,  0.0755,  0.9123,  0.0045],
         [-0.9010,  0.2091,  0.3801,  0.7365],
         [ 0.0000,  0.0000,  0.0000,  1.0000]]])
2025-03-20T15:30:37.432795 - Final transform:
[[-0.15 -0.98  0.15 -0.12]
 [ 0.42  0.08  0.9   0.  ]
 [-0.89  0.2   0.4   0.73]
 [ 0.    0.    0.    1.  ]]
2025-03-20T15:30:37.432795 - Pose:
tensor([[[-0.1458, -0.9774,  0.1534, -0.1240],
         [ 0.4240,  0.0783,  0.9022,  0.0039],
         [-0.8938,  0.1966,  0.4030,  0.7371],
         [ 0.0000,  0.0000,  0.0000,  1.0000]]])
2025-03-20T15:30:37.499353 - Final transform:
[[-0.14 -0.98  0.15 -0.12]
 [ 0.41  0.08  0.91  0.  ]
 [-0.9   0.19  0.39  0.73]
 [ 0.    0.    0.    1.  ]]
2025-03-20T15:30:37.499353 - Pose:
tensor([[[-0.1428, -0.9779,  0.1530, -0.1242],
         [ 0.4128,  0.0817,  0.9072,  0.0038],
         [-0.8996,  0.1927,  0.3920,  0.7363],
         [ 0.0000,  0.0000,  0.0000,  1.0000]]])
2025-03-20T15:30:37.584823 - Final transform:
[[-0.16 -0.97  0.16 -0.12]
 [ 0.44  0.07  0.89  0.  ]
 [-0.88  0.22  0.42  0.73]
 [ 0.    0.    0.    1.  ]]
2025-03-20T15:30:37.584823 - Pose:
tensor([[[-0.1646, -0.9735,  0.1586, -0.1237],
         [ 0.4426,  0.0708,  0.8939,  0.0033],
         [-0.8815,  0.2174,  0.4193,  0.7365],
         [ 0.0000,  0.0000,  0.0000,  1.0000]]])
2025-03-20T15:30:37.651923 - Final transform:
[[-0.16 -0.98  0.15 -0.12]
 [ 0.43  0.07  0.9   0.  ]
 [-0.89  0.21  0.4   0.73]
 [ 0.    0.    0.    1.  ]]
2025-03-20T15:30:37.651923 - Pose:
tensor([[[-0.1597, -0.9756,  0.1505, -0.1234],
         [ 0.4252,  0.0696,  0.9024,  0.0040],
         [-0.8909,  0.2081,  0.4038,  0.7344],
         [ 0.0000,  0.0000,  0.0000,  1.0000]]])
2025-03-20T15:30:37.719956 - Final transform:
[[-0.16 -0.97  0.16 -0.12]
 [ 0.42  0.08  0.9   0.  ]
 [-0.89  0.21  0.4   0.73]
 [ 0.    0.    0.    1.  ]]
2025-03-20T15:30:37.719956 - Pose:
tensor([[[-0.1624, -0.9740,  0.1577, -0.1234],
         [ 0.4203,  0.0764,  0.9042,  0.0046],
         [-0.8928,  0.2131,  0.3969,  0.7344],
         [ 0.0000,  0.0000,  0.0000,  1.0000]]])
2025-03-20T15:30:37.786307 - Final transform:
[[-0.16 -0.98  0.15 -0.12]
 [ 0.44  0.07  0.9   0.  ]
 [-0.88  0.21  0.42  0.73]
 [ 0.    0.    0.    1.  ]]
2025-03-20T15:30:37.786307 - Pose:
tensor([[[-0.1585, -0.9760,  0.1490, -0.1237],
         [ 0.4379,  0.0658,  0.8966,  0.0040],
         [-0.8850,  0.2074,  0.4170,  0.7352],
         [ 0.0000,  0.0000,  0.0000,  1.0000]]])
2025-03-20T15:30:37.855508 - Final transform:
[[-0.15 -0.98  0.15 -0.12]
 [ 0.41  0.08  0.91  0.  ]
 [-0.9   0.2   0.38  0.73]
 [ 0.    0.    0.    1.  ]]
2025-03-20T15:30:37.855508 - Pose:
tensor([[[-0.1539, -0.9759,  0.1545, -0.1246],
         [ 0.4068,  0.0799,  0.9100,  0.0038],
         [-0.9005,  0.2029,  0.3847,  0.7366],
         [ 0.0000,  0.0000,  0.0000,  1.0000]]])
2025-03-20T15:30:37.923378 - Final transform:
[[-0.15 -0.98  0.16 -0.12]
 [ 0.4   0.09  0.91  0.  ]
 [-0.9   0.2   0.38  0.74]
 [ 0.    0.    0.    1.  ]]
2025-03-20T15:30:37.923378 - Pose:
tensor([[[-0.1506, -0.9753,  0.1618, -0.1243],
         [ 0.3985,  0.0899,  0.9128,  0.0035],
         [-0.9047,  0.2019,  0.3751,  0.7375],
         [ 0.0000,  0.0000,  0.0000,  1.0000]]])
2025-03-20T15:30:37.994529 - Final transform:
[[-0.15 -0.98  0.16 -0.12]
 [ 0.4   0.09  0.91  0.  ]
 [-0.9   0.2   0.38  0.74]
 [ 0.    0.    0.    1.  ]]
2025-03-20T15:30:37.994529 - Pose:
tensor([[[-0.1494, -0.9755,  0.1618, -0.1242],
         [ 0.4027,  0.0895,  0.9109,  0.0040],
         [-0.9031,  0.2012,  0.3795,  0.7379],
         [ 0.0000,  0.0000,  0.0000,  1.0000]]])
2025-03-20T15:30:38.061284 - Final transform:
[[-0.14 -0.98  0.15 -0.12]
 [ 0.42  0.08  0.91  0.  ]
 [-0.9   0.19  0.4   0.73]
 [ 0.    0.    0.    1.  ]]
2025-03-20T15:30:38.061284 - Pose:
tensor([[[-0.1379, -0.9791,  0.1497, -0.1238],
         [ 0.4176,  0.0796,  0.9052,  0.0045],
         [-0.8981,  0.1874,  0.3978,  0.7349],
         [ 0.0000,  0.0000,  0.0000,  1.0000]]])
2025-03-20T15:30:38.128499 - Final transform:
[[-0.13 -0.98  0.17 -0.12]
 [ 0.4   0.1   0.91  0.  ]
 [-0.91  0.18  0.37  0.73]
 [ 0.    0.    0.    1.  ]]
2025-03-20T15:30:38.128499 - Pose:
tensor([[[-0.1267, -0.9780,  0.1660, -0.1242],
         [ 0.3960,  0.1035,  0.9124,  0.0041],
         [-0.9095,  0.1814,  0.3741,  0.7357],
         [ 0.0000,  0.0000,  0.0000,  1.0000]]])
2025-03-20T15:30:38.197500 - Final transform:
[[-0.12 -0.98  0.14 -0.12]
 [ 0.44  0.07  0.9   0.  ]
 [-0.89  0.17  0.42  0.73]
 [ 0.    0.    0.    1.  ]]
2025-03-20T15:30:38.197500 - Pose:
tensor([[[-0.1239, -0.9823,  0.1403, -0.1233],
         [ 0.4401,  0.0724,  0.8950,  0.0036],
         [-0.8894,  0.1726,  0.4234,  0.7342],
         [ 0.0000,  0.0000,  0.0000,  1.0000]]])
2025-03-20T15:30:38.265243 - Final transform:
[[-0.14 -0.98  0.15 -0.12]
 [ 0.4   0.08  0.91  0.  ]
 [-0.9   0.19  0.39  0.73]
 [ 0.    0.    0.    1.  ]]
2025-03-20T15:30:38.265243 - Pose:
tensor([[[-0.1390, -0.9795,  0.1460, -0.1240],
         [ 0.4046,  0.0784,  0.9111,  0.0046],
         [-0.9039,  0.1857,  0.3854,  0.7357],
         [ 0.0000,  0.0000,  0.0000,  1.0000]]])
2025-03-20T15:30:38.337981 - Final transform:
[[-0.16 -0.97  0.17 -0.12]
 [ 0.4   0.09  0.91  0.  ]
 [-0.9   0.21  0.37  0.73]
 [ 0.    0.    0.    1.  ]]
2025-03-20T15:30:38.337981 - Pose:
tensor([[[-0.1617, -0.9723,  0.1687, -0.1237],
         [ 0.3959,  0.0927,  0.9136,  0.0042],
         [-0.9040,  0.2145,  0.3700,  0.7362],
         [ 0.0000,  0.0000,  0.0000,  1.0000]]])
2025-03-20T15:30:38.408522 - Final transform:
[[-0.15 -0.98  0.15 -0.12]
 [ 0.45  0.07  0.89  0.  ]
 [-0.88  0.2   0.43  0.73]
 [ 0.    0.    0.    1.  ]]
2025-03-20T15:30:38.408522 - Pose:
tensor([[[-0.1468, -0.9780,  0.1480, -0.1233],
         [ 0.4485,  0.0676,  0.8912,  0.0040],
         [-0.8816,  0.1972,  0.4287,  0.7335],
         [ 0.0000,  0.0000,  0.0000,  1.0000]]])
2025-03-20T15:30:38.475306 - Final transform:
[[-0.17 -0.97  0.15 -0.12]
 [ 0.42  0.07  0.9   0.  ]
 [-0.89  0.22  0.4   0.73]
 [ 0.    0.    0.    1.  ]]
2025-03-20T15:30:38.475306 - Pose:
tensor([[[-0.1727, -0.9729,  0.1540, -0.1244],
         [ 0.4235,  0.0678,  0.9033,  0.0034],
         [-0.8893,  0.2212,  0.4003,  0.7348],
         [ 0.0000,  0.0000,  0.0000,  1.0000]]])
2025-03-20T15:30:38.542154 - Final transform:
[[-0.16 -0.98  0.15 -0.12]
 [ 0.41  0.07  0.91  0.  ]
 [-0.9   0.21  0.39  0.73]
 [ 0.    0.    0.    1.  ]]
2025-03-20T15:30:38.542154 - Pose:
tensor([[[-0.1636, -0.9751,  0.1499, -0.1236],
         [ 0.4147,  0.0699,  0.9073,  0.0040],
         [-0.8951,  0.2106,  0.3929,  0.7367],
         [ 0.0000,  0.0000,  0.0000,  1.0000]]])
2025-03-20T15:30:38.611417 - Final transform:
[[-0.15 -0.98  0.15 -0.12]
 [ 0.42  0.07  0.9   0.  ]
 [-0.89  0.2   0.4   0.73]
 [ 0.    0.    0.    1.  ]]
2025-03-20T15:30:38.611417 - Pose:
tensor([[[-0.1527, -0.9774,  0.1461, -0.1242],
         [ 0.4239,  0.0688,  0.9031,  0.0037],
         [-0.8927,  0.1998,  0.4038,  0.7359],
         [ 0.0000,  0.0000,  0.0000,  1.0000]]])
2025-03-20T15:30:38.681488 - Final transform:
[[-0.18 -0.97  0.16 -0.12]
 [ 0.42  0.07  0.9   0.  ]
 [-0.89  0.23  0.4   0.73]
 [ 0.    0.    0.    1.  ]]
2025-03-20T15:30:38.681488 - Pose:
tensor([[[-0.1800, -0.9700,  0.1635, -0.1242],
         [ 0.4245,  0.0733,  0.9024,  0.0033],
         [-0.8874,  0.2318,  0.3986,  0.7360],
         [ 0.0000,  0.0000,  0.0000,  1.0000]]])
2025-03-20T15:30:38.748103 - Final transform:
[[-0.16 -0.98  0.15 -0.12]
 [ 0.42  0.07  0.9   0.  ]
 [-0.89  0.21  0.4   0.73]
 [ 0.    0.    0.    1.  ]]
2025-03-20T15:30:38.748103 - Pose:
tensor([[[-0.1645, -0.9751,  0.1490, -0.1234],
         [ 0.4226,  0.0668,  0.9038,  0.0042],
         [-0.8913,  0.2116,  0.4011,  0.7361],
         [ 0.0000,  0.0000,  0.0000,  1.0000]]])
2025-03-20T15:30:38.816028 - Final transform:
[[-0.17 -0.97  0.16 -0.12]
 [ 0.42  0.07  0.9   0.  ]
 [-0.89  0.22  0.4   0.73]
 [ 0.    0.    0.    1.  ]]
2025-03-20T15:30:38.816028 - Pose:
tensor([[[-0.1746, -0.9721,  0.1569, -0.1235],
         [ 0.4214,  0.0703,  0.9042,  0.0039],
         [-0.8899,  0.2240,  0.3974,  0.7348],
         [ 0.0000,  0.0000,  0.0000,  1.0000]]])
2025-03-20T15:30:38.882025 - Final transform:
[[-0.16 -0.97  0.16 -0.12]
 [ 0.41  0.08  0.91  0.  ]
 [-0.9   0.21  0.39  0.73]
 [ 0.    0.    0.    1.  ]]
2025-03-20T15:30:38.882025 - Pose:
tensor([[[-0.1610, -0.9746,  0.1554, -0.1236],
         [ 0.4083,  0.0776,  0.9096,  0.0035],
         [-0.8986,  0.2099,  0.3854,  0.7360],
         [ 0.0000,  0.0000,  0.0000,  1.0000]]])
2025-03-20T15:30:38.949925 - Final transform:
[[-0.18 -0.97  0.16 -0.12]
 [ 0.39  0.08  0.92  0.  ]
 [-0.9   0.23  0.37  0.73]
 [ 0.    0.    0.    1.  ]]
2025-03-20T15:30:38.949925 - Pose:
tensor([[[-0.1779, -0.9712,  0.1584, -0.1237],
         [ 0.3904,  0.0781,  0.9173,  0.0041],
         [-0.9033,  0.2250,  0.3653,  0.7356],
         [ 0.0000,  0.0000,  0.0000,  1.0000]]])
2025-03-20T15:30:39.019452 - Final transform:
[[-0.18 -0.97  0.15 -0.12]
 [ 0.45  0.06  0.89  0.  ]
 [-0.87  0.23  0.43  0.73]
 [ 0.    0.    0.    1.  ]]
2025-03-20T15:30:39.019452 - Pose:
tensor([[[-0.1784, -0.9718,  0.1543, -0.1235],
         [ 0.4513,  0.0585,  0.8905,  0.0040],
         [-0.8744,  0.2285,  0.4281,  0.7356],
         [ 0.0000,  0.0000,  0.0000,  1.0000]]])
2025-03-20T15:30:39.086239 - Final transform:
[[-0.17 -0.97  0.16 -0.12]
 [ 0.41  0.07  0.91  0.  ]
 [-0.9   0.22  0.38  0.74]
 [ 0.    0.    0.    1.  ]]
2025-03-20T15:30:39.086239 - Pose:
tensor([[[-0.1697, -0.9732,  0.1551, -0.1241],
         [ 0.4053,  0.0746,  0.9112,  0.0042],
         [-0.8983,  0.2175,  0.3818,  0.7376],
         [ 0.0000,  0.0000,  0.0000,  1.0000]]])
2025-03-20T15:30:39.151311 - Final transform:
[[-0.16 -0.97  0.16 -0.12]
 [ 0.41  0.08  0.91  0.  ]
 [-0.9   0.21  0.38  0.73]
 [ 0.    0.    0.    1.  ]]
2025-03-20T15:30:39.151311 - Pose:
tensor([[[-0.1609, -0.9737,  0.1614, -0.1235],
         [ 0.4058,  0.0839,  0.9101,  0.0043],
         [-0.8997,  0.2119,  0.3816,  0.7348],
         [ 0.0000,  0.0000,  0.0000,  1.0000]]])
2025-03-20T15:30:39.219528 - Final transform:
[[-0.15 -0.97  0.16 -0.12]
 [ 0.39  0.09  0.91  0.  ]
 [-0.91  0.2   0.37  0.74]
 [ 0.    0.    0.    1.  ]]
2025-03-20T15:30:39.219528 - Pose:
tensor([[[-0.1519, -0.9750,  0.1623, -0.1244],
         [ 0.3935,  0.0910,  0.9148,  0.0045],
         [-0.9067,  0.2028,  0.3698,  0.7384],
         [ 0.0000,  0.0000,  0.0000,  1.0000]]])
2025-03-20T15:30:39.285878 - Final transform:
[[-0.15 -0.98  0.15 -0.12]
 [ 0.4   0.08  0.91  0.  ]
 [-0.9   0.2   0.38  0.73]
 [ 0.    0.    0.    1.  ]]
2025-03-20T15:30:39.285878 - Pose:
tensor([[[-0.1548, -0.9761,  0.1522, -0.1241],
         [ 0.4010,  0.0788,  0.9127,  0.0037],
         [-0.9029,  0.2023,  0.3792,  0.7369],
         [ 0.0000,  0.0000,  0.0000,  1.0000]]])
2025-03-20T15:30:39.350487 - Final transform:
[[-0.16 -0.97  0.15 -0.12]
 [ 0.41  0.07  0.91  0.  ]
 [-0.9   0.21  0.39  0.73]
 [ 0.    0.    0.    1.  ]]
2025-03-20T15:30:39.350487 - Pose:
tensor([[[-0.1625, -0.9748,  0.1528, -0.1236],
         [ 0.4110,  0.0739,  0.9086,  0.0044],
         [-0.8970,  0.2104,  0.3886,  0.7358],
         [ 0.0000,  0.0000,  0.0000,  1.0000]]])
2025-03-20T15:30:39.416436 - Final transform:
[[-0.14 -0.98  0.15 -0.12]
 [ 0.38  0.09  0.92  0.  ]
 [-0.91  0.19  0.36  0.74]
 [ 0.    0.    0.    1.  ]]
2025-03-20T15:30:39.416436 - Pose:
tensor([[[-0.1419, -0.9782,  0.1514, -0.1242],
         [ 0.3817,  0.0871,  0.9202,  0.0039],
         [-0.9133,  0.1883,  0.3610,  0.7383],
         [ 0.0000,  0.0000,  0.0000,  1.0000]]])
2025-03-20T15:30:39.483663 - Final transform:
[[-0.16 -0.97  0.16 -0.12]
 [ 0.42  0.08  0.9   0.  ]
 [-0.89  0.21  0.4   0.74]
 [ 0.    0.    0.    1.  ]]
2025-03-20T15:30:39.483663 - Pose:
tensor([[[-0.1563, -0.9742,  0.1628, -0.1240],
         [ 0.4248,  0.0825,  0.9015,  0.0039],
         [-0.8917,  0.2101,  0.4009,  0.7378],
         [ 0.0000,  0.0000,  0.0000,  1.0000]]])
2025-03-20T15:30:39.553369 - Final transform:
[[-0.17 -0.97  0.2  -0.12]
 [ 0.43  0.11  0.9   0.  ]
 [-0.89  0.24  0.39  0.74]
 [ 0.    0.    0.    1.  ]]
2025-03-20T15:30:39.553369 - Pose:
tensor([[[-0.1703, -0.9650,  0.1992, -0.1265],
         [ 0.4250,  0.1105,  0.8984,  0.0038],
         [-0.8890,  0.2377,  0.3913,  0.7377],
         [ 0.0000,  0.0000,  0.0000,  1.0000]]])
2025-03-20T15:30:39.622688 - Final transform:
[[-0.13 -0.95  0.29 -0.13]
 [ 0.45  0.2   0.87  0.  ]
 [-0.88  0.24  0.4   0.74]
 [ 0.    0.    0.    1.  ]]
2025-03-20T15:30:39.622688 - Pose:
tensor([[[-0.1288, -0.9484,  0.2897, -0.1314],
         [ 0.4491,  0.2046,  0.8697,  0.0037],
         [-0.8842,  0.2421,  0.3996,  0.7387],
         [ 0.0000,  0.0000,  0.0000,  1.0000]]])
2025-03-20T15:30:39.698396 - Final transform:
[[-0.12 -0.92  0.37 -0.13]
 [ 0.46  0.28  0.84  0.  ]
 [-0.88  0.27  0.39  0.73]
 [ 0.    0.    0.    1.  ]]
2025-03-20T15:30:39.698396 - Pose:
tensor([[[-0.1191, -0.9197,  0.3742, -0.1353],
         [ 0.4562,  0.2840,  0.8433,  0.0036],
         [-0.8819,  0.2712,  0.3857,  0.7360],
         [ 0.0000,  0.0000,  0.0000,  1.0000]]])
2025-03-20T15:30:39.770079 - Final transform:
[[-0.12 -0.9   0.43 -0.14]
 [ 0.51  0.32  0.8   0.  ]
 [-0.85  0.31  0.42  0.73]
 [ 0.    0.    0.    1.  ]]
2025-03-20T15:30:39.770079 - Pose:
tensor([[[-0.1177, -0.8963,  0.4276, -0.1395],
         [ 0.5071,  0.3159,  0.8019,  0.0038],
         [-0.8538,  0.3112,  0.4173,  0.7368],
         [ 0.0000,  0.0000,  0.0000,  1.0000]]])
2025-03-20T15:30:39.841954 - Final transform:
[[-0.14 -0.84  0.52 -0.14]
 [ 0.56  0.37  0.74  0.  ]
 [-0.81  0.4   0.42  0.74]
 [ 0.    0.    0.    1.  ]]
2025-03-20T15:30:39.841954 - Pose:
tensor([[[-0.1439, -0.8392,  0.5244, -0.1464],
         [ 0.5629,  0.3665,  0.7408,  0.0050],
         [-0.8139,  0.4018,  0.4197,  0.7385],
         [ 0.0000,  0.0000,  0.0000,  1.0000]]])
2025-03-20T15:30:39.910880 - Final transform:
[[-0.07 -0.61  0.79 -0.16]
 [ 0.65  0.57  0.5   0.01]
 [-0.76  0.55  0.36  0.74]
 [ 0.    0.    0.    1.  ]]
2025-03-20T15:30:39.910880 - Pose:
tensor([[[-0.0703, -0.6072,  0.7914, -0.1593],
         [ 0.6514,  0.5729,  0.4974,  0.0121],
         [-0.7555,  0.5505,  0.3552,  0.7398],
         [ 0.0000,  0.0000,  0.0000,  1.0000]]])
2025-03-20T15:30:39.979834 - Final transform:
[[ 0.2  -0.24  0.95 -0.17]
 [ 0.68  0.73  0.04  0.03]
 [-0.7   0.64  0.31  0.76]
 [ 0.    0.    0.    1.  ]]
2025-03-20T15:30:39.979834 - Pose:
tensor([[[ 0.1965, -0.2398,  0.9507, -0.1718],
         [ 0.6849,  0.7274,  0.0419,  0.0332],
         [-0.7016,  0.6429,  0.3072,  0.7635],
         [ 0.0000,  0.0000,  0.0000,  1.0000]]])
2025-03-20T15:30:40.050026 - Final transform:
[[ 0.02 -0.06  1.   -0.17]
 [ 0.55  0.83  0.04  0.05]
 [-0.83  0.55  0.05  0.76]
 [ 0.    0.    0.    1.  ]]
2025-03-20T15:30:40.050026 - Pose:
tensor([[[ 0.0157, -0.0602,  0.9981, -0.1725],
         [ 0.5531,  0.8321,  0.0415,  0.0467],
         [-0.8330,  0.5513,  0.0463,  0.7656],
         [ 0.0000,  0.0000,  0.0000,  1.0000]]])
2025-03-20T15:30:40.118593 - Final transform:
[[-0.03  0.01  1.   -0.18]
 [ 0.55  0.83  0.01  0.05]
 [-0.83  0.55 -0.02  0.76]
 [ 0.    0.    0.    1.  ]]
2025-03-20T15:30:40.118593 - Pose:
tensor([[[-0.0261,  0.0052,  0.9996, -0.1740],
         [ 0.5545,  0.8321,  0.0101,  0.0495],
         [-0.8318,  0.5546, -0.0246,  0.7675],
         [ 0.0000,  0.0000,  0.0000,  1.0000]]])
2025-03-20T15:30:40.186745 - Final transform:
[[-0.09  0.02  1.   -0.18]
 [ 0.48  0.88  0.03  0.05]
 [-0.87  0.48 -0.09  0.77]
 [ 0.    0.    0.    1.  ]]
2025-03-20T15:30:40.186745 - Pose:
tensor([[[-0.0892,  0.0194,  0.9958, -0.1742],
         [ 0.4817,  0.8760,  0.0261,  0.0493],
         [-0.8718,  0.4820, -0.0875,  0.7699],
         [ 0.0000,  0.0000,  0.0000,  1.0000]]])
2025-03-20T15:30:40.258829 - Final transform:
[[-0.17  0.13  0.98 -0.18]
 [ 0.27  0.96 -0.08  0.04]
 [-0.95  0.25 -0.2   0.75]
 [ 0.    0.    0.    1.  ]]
2025-03-20T15:30:40.258829 - Pose:
tensor([[[-0.1693,  0.1286,  0.9771, -0.1829],
         [ 0.2735,  0.9586, -0.0788,  0.0452],
         [-0.9469,  0.2539, -0.1974,  0.7543],
         [ 0.0000,  0.0000,  0.0000,  1.0000]]])
2025-03-20T15:30:40.330041 - Final transform:
[[ 0.13  0.06  0.99 -0.19]
 [ 0.5   0.86 -0.11  0.04]
 [-0.85  0.51  0.08  0.75]
 [ 0.    0.    0.    1.  ]]
2025-03-20T15:30:40.330041 - Pose:
tensor([[[ 0.1278,  0.0556,  0.9902, -0.1928],
         [ 0.5038,  0.8564, -0.1131,  0.0427],
         [-0.8543,  0.5134,  0.0814,  0.7515],
         [ 0.0000,  0.0000,  0.0000,  1.0000]]])
2025-03-20T15:30:40.402990 - Final transform:
[[ 0.06  0.05  1.   -0.19]
 [ 0.59  0.8  -0.08  0.03]
 [-0.8   0.59  0.02  0.75]
 [ 0.    0.    0.    1.  ]]
2025-03-20T15:30:40.402990 - Pose:
tensor([[[ 0.0641,  0.0508,  0.9966, -0.1934],
         [ 0.5916,  0.8023, -0.0790,  0.0360],
         [-0.8037,  0.5947,  0.0213,  0.7496],
         [ 0.0000,  0.0000,  0.0000,  1.0000]]])
2025-03-20T15:30:40.470470 - Final transform:
[[ 0.06  0.07  1.   -0.2 ]
 [ 0.59  0.8  -0.1   0.03]
 [-0.8   0.6   0.01  0.75]
 [ 0.    0.    0.    1.  ]]
2025-03-20T15:30:40.470470 - Pose:
tensor([[[ 0.0642,  0.0715,  0.9954, -0.1943],
         [ 0.5946,  0.7983, -0.0957,  0.0351],
         [-0.8014,  0.5980,  0.0088,  0.7514],
         [ 0.0000,  0.0000,  0.0000,  1.0000]]])
2025-03-20T15:30:40.538142 - Final transform:
[[ 0.08  0.06  0.99 -0.19]
 [ 0.59  0.8  -0.1   0.03]
 [-0.8   0.6   0.02  0.75]
 [ 0.    0.    0.    1.  ]]
2025-03-20T15:30:40.538142 - Pose:
tensor([[[ 0.0775,  0.0633,  0.9950, -0.1933],
         [ 0.5906,  0.8011, -0.0970,  0.0359],
         [-0.8032,  0.5952,  0.0247,  0.7487],
         [ 0.0000,  0.0000,  0.0000,  1.0000]]])
2025-03-20T15:30:40.605498 - Final transform:
[[ 0.06  0.07  1.   -0.19]
 [ 0.6   0.8  -0.09  0.03]
 [-0.8   0.6   0.01  0.75]
 [ 0.    0.    0.    1.  ]]
2025-03-20T15:30:40.605498 - Pose:
tensor([[[ 0.0598,  0.0698,  0.9958, -0.1932],
         [ 0.5972,  0.7968, -0.0917,  0.0358],
         [-0.7998,  0.6002,  0.0059,  0.7485],
         [ 0.0000,  0.0000,  0.0000,  1.0000]]])
2025-03-20T15:30:40.671749 - Final transform:
[[ 0.05  0.07  1.   -0.19]
 [ 0.6   0.79 -0.09  0.04]
 [-0.8   0.6  -0.    0.74]
 [ 0.    0.    0.    1.  ]]
2025-03-20T15:30:40.671749 - Pose:
tensor([[[ 0.0536,  0.0738,  0.9958, -0.1930],
         [ 0.6024,  0.7930, -0.0912,  0.0362],
         [-0.7964,  0.6047, -0.0020,  0.7477],
         [ 0.0000,  0.0000,  0.0000,  1.0000]]])
2025-03-20T15:30:40.739433 - Final transform:
[[ 0.1   0.05  0.99 -0.19]
 [ 0.59  0.8  -0.1   0.03]
 [-0.8   0.6   0.05  0.74]
 [ 0.    0.    0.    1.  ]]
2025-03-20T15:30:40.739433 - Pose:
tensor([[[ 0.1000,  0.0491,  0.9938, -0.1930],
         [ 0.5929,  0.7992, -0.0991,  0.0357],
         [-0.7991,  0.5991,  0.0508,  0.7473],
         [ 0.0000,  0.0000,  0.0000,  1.0000]]])
2025-03-20T15:30:40.806857 - Final transform:
[[ 0.07  0.06  1.   -0.19]
 [ 0.6   0.8  -0.09  0.04]
