2025-04-23T17:06:00.026030 - Final transform:
[[ 0.04 -1.    0.02  0.03]
 [-0.7  -0.01  0.72  0.03]
 [-0.72 -0.04 -0.7   0.72]
 [ 0.    0.    0.    1.  ]]
2025-04-23T17:06:00.026030 - Pose:
tensor([[[ 0.0367, -0.9991,  0.0213,  0.0260],
         [-0.6958, -0.0103,  0.7181,  0.0340],
         [-0.7173, -0.0412, -0.6956,  0.7105],
         [ 0.0000,  0.0000,  0.0000,  1.0000]]])
2025-04-23T17:06:00.094703 - Final transform:
[[ 0.04 -1.    0.02  0.03]
 [-0.69 -0.01  0.72  0.03]
 [-0.72 -0.05 -0.69  0.72]
 [ 0.    0.    0.    1.  ]]
2025-04-23T17:06:00.094703 - Pose:
tensor([[[ 0.0438, -0.9988,  0.0231,  0.0258],
         [-0.6940, -0.0138,  0.7198,  0.0343],
         [-0.7186, -0.0476, -0.6938,  0.7096],
         [ 0.0000,  0.0000,  0.0000,  1.0000]]])
2025-04-23T17:06:00.162465 - Final transform:
[[ 0.04 -1.    0.02  0.03]
 [-0.7  -0.01  0.72  0.03]
 [-0.72 -0.04 -0.69  0.72]
 [ 0.    0.    0.    1.  ]]
2025-04-23T17:06:00.162465 - Pose:
tensor([[[ 0.0397, -0.9990,  0.0223,  0.0261],
         [-0.6953, -0.0116,  0.7187,  0.0344],
         [-0.7177, -0.0441, -0.6950,  0.7097],
         [ 0.0000,  0.0000,  0.0000,  1.0000]]])
2025-04-23T17:06:00.227065 - Final transform:
[[ 0.02 -1.    0.02  0.03]
 [-0.69 -0.    0.72  0.03]
 [-0.72 -0.03 -0.69  0.72]
 [ 0.    0.    0.    1.  ]]
2025-04-23T17:06:00.227065 - Pose:
tensor([[[ 0.0225, -0.9995,  0.0198,  0.0261],
         [-0.6930, -0.0013,  0.7209,  0.0341],
         [-0.7206, -0.0300, -0.6927,  0.7109],
         [ 0.0000,  0.0000,  0.0000,  1.0000]]])
2025-04-23T17:06:00.293461 - Final transform:
[[ 0.04 -1.    0.02  0.03]
 [-0.7  -0.01  0.72  0.03]
 [-0.72 -0.04 -0.7   0.72]
 [ 0.    0.    0.    1.  ]]
2025-04-23T17:06:00.293461 - Pose:
tensor([[[ 0.0420, -0.9989,  0.0201,  0.0261],
         [-0.6959, -0.0148,  0.7179,  0.0338],
         [-0.7169, -0.0441, -0.6958,  0.7105],
         [ 0.0000,  0.0000,  0.0000,  1.0000]]])
2025-04-23T17:06:00.364943 - Final transform:
[[ 0.03 -1.    0.02  0.03]
 [-0.69 -0.01  0.72  0.03]
 [-0.72 -0.04 -0.69  0.72]
 [ 0.    0.    0.    1.  ]]
2025-04-23T17:06:00.364943 - Pose:
tensor([[[ 0.0329, -0.9992,  0.0211,  0.0258],
         [-0.6942, -0.0076,  0.7197,  0.0346],
         [-0.7190, -0.0383, -0.6940,  0.7097],
         [ 0.0000,  0.0000,  0.0000,  1.0000]]])
2025-04-23T17:06:00.433294 - Final transform:
[[ 0.03 -1.    0.02  0.03]
 [-0.7  -0.    0.72  0.03]
 [-0.72 -0.04 -0.7   0.72]
 [ 0.    0.    0.    1.  ]]
2025-04-23T17:06:00.433294 - Pose:
tensor([[[ 0.0303, -0.9993,  0.0232,  0.0260],
         [-0.6955, -0.0044,  0.7185,  0.0335],
         [-0.7178, -0.0379, -0.6952,  0.7114],
         [ 0.0000,  0.0000,  0.0000,  1.0000]]])
2025-04-23T17:06:00.509598 - Final transform:
[[ 0.04 -1.    0.03  0.03]
 [-0.7  -0.01  0.72  0.03]
 [-0.72 -0.05 -0.7   0.72]
 [ 0.    0.    0.    1.  ]]
2025-04-23T17:06:00.509598 - Pose:
tensor([[[ 0.0400, -0.9989,  0.0257,  0.0260],
         [-0.6956, -0.0094,  0.7184,  0.0336],
         [-0.7174, -0.0466, -0.6952,  0.7105],
         [ 0.0000,  0.0000,  0.0000,  1.0000]]])
2025-04-23T17:06:00.577762 - Final transform:
[[ 0.03 -1.    0.02  0.03]
 [-0.7  -0.01  0.72  0.03]
 [-0.71 -0.04 -0.7   0.72]
 [ 0.    0.    0.    1.  ]]
2025-04-23T17:06:00.577762 - Pose:
tensor([[[ 0.0336, -0.9992,  0.0220,  0.0261],
         [-0.6990, -0.0078,  0.7151,  0.0331],
         [-0.7144, -0.0394, -0.6987,  0.7119],
         [ 0.0000,  0.0000,  0.0000,  1.0000]]])
2025-04-23T17:06:00.645203 - Final transform:
[[ 0.03 -1.    0.02  0.03]
 [-0.7  -0.01  0.71  0.03]
 [-0.71 -0.04 -0.7   0.72]
 [ 0.    0.    0.    1.  ]]
2025-04-23T17:06:00.645203 - Pose:
tensor([[[ 0.0335, -0.9992,  0.0225,  0.0263],
         [-0.7035, -0.0075,  0.7106,  0.0325],
         [-0.7099, -0.0396, -0.7032,  0.7126],
         [ 0.0000,  0.0000,  0.0000,  1.0000]]])
2025-04-23T17:06:00.709946 - Final transform:
[[ 0.04 -1.    0.02  0.03]
 [-0.7  -0.01  0.71  0.03]
 [-0.71 -0.04 -0.7   0.72]
 [ 0.    0.    0.    1.  ]]
2025-04-23T17:06:00.709946 - Pose:
tensor([[[ 0.0366, -0.9990,  0.0244,  0.0261],
         [-0.7007, -0.0083,  0.7134,  0.0329],
         [-0.7125, -0.0432, -0.7004,  0.7122],
         [ 0.0000,  0.0000,  0.0000,  1.0000]]])
2025-04-23T17:06:00.775851 - Final transform:
[[ 0.03 -1.    0.02  0.03]
 [-0.7  -0.01  0.71  0.03]
 [-0.71 -0.04 -0.7   0.72]
 [ 0.    0.    0.    1.  ]]
2025-04-23T17:06:00.775851 - Pose:
tensor([[[ 0.0314, -0.9993,  0.0182,  0.0262],
         [-0.7005, -0.0090,  0.7136,  0.0329],
         [-0.7129, -0.0352, -0.7003,  0.7134],
         [ 0.0000,  0.0000,  0.0000,  1.0000]]])
2025-04-23T17:06:00.840416 - Final transform:
[[ 0.02 -1.    0.02  0.03]
 [-0.7  -0.    0.71  0.03]
 [-0.71 -0.03 -0.7   0.72]
 [ 0.    0.    0.    1.  ]]
2025-04-23T17:06:00.840416 - Pose:
tensor([[[ 0.0192, -0.9997,  0.0163,  0.0262],
         [-0.7036, -0.0019,  0.7106,  0.0331],
         [-0.7104, -0.0251, -0.7034,  0.7121],
         [ 0.0000,  0.0000,  0.0000,  1.0000]]])
2025-04-23T17:06:00.913305 - Final transform:
[[ 0.03 -1.    0.02  0.03]
 [-0.7  -0.01  0.72  0.03]
 [-0.72 -0.03 -0.7   0.72]
 [ 0.    0.    0.    1.  ]]
2025-04-23T17:06:00.913305 - Pose:
tensor([[[ 0.0285, -0.9995,  0.0156,  0.0259],
         [-0.6958, -0.0086,  0.7182,  0.0336],
         [-0.7177, -0.0313, -0.6957,  0.7117],
         [ 0.0000,  0.0000,  0.0000,  1.0000]]])
2025-04-23T17:06:00.979283 - Final transform:
[[ 0.04 -1.    0.02  0.03]
 [-0.7  -0.01  0.72  0.03]
 [-0.72 -0.04 -0.7   0.72]
 [ 0.    0.    0.    1.  ]]
2025-04-23T17:06:00.979283 - Pose:
tensor([[[ 0.0358, -0.9992,  0.0197,  0.0258],
         [-0.6969, -0.0108,  0.7171,  0.0343],
         [-0.7163, -0.0394, -0.6967,  0.7112],
         [ 0.0000,  0.0000,  0.0000,  1.0000]]])
2025-04-23T17:06:01.045479 - Final transform:
[[ 0.03 -1.    0.02  0.03]
 [-0.69 -0.01  0.72  0.03]
 [-0.72 -0.03 -0.69  0.72]
 [ 0.    0.    0.    1.  ]]
2025-04-23T17:06:01.045479 - Pose:
tensor([[[ 0.0302, -0.9994,  0.0160,  0.0258],
         [-0.6949, -0.0095,  0.7191,  0.0348],
         [-0.7185, -0.0328, -0.6948,  0.7102],
         [ 0.0000,  0.0000,  0.0000,  1.0000]]])
2025-04-23T17:06:01.115871 - Final transform:
[[ 0.02 -1.    0.01  0.03]
 [-0.7  -0.01  0.72  0.03]
 [-0.72 -0.03 -0.7   0.72]
 [ 0.    0.    0.    1.  ]]
2025-04-23T17:06:01.115871 - Pose:
tensor([[[ 0.0232, -0.9996,  0.0142,  0.0259],
         [-0.6974, -0.0060,  0.7166,  0.0344],
         [-0.7163, -0.0265, -0.6973,  0.7117],
         [ 0.0000,  0.0000,  0.0000,  1.0000]]])
2025-04-23T17:06:01.183400 - Final transform:
[[ 0.02 -1.    0.02  0.03]
 [-0.69 -0.    0.72  0.03]
 [-0.72 -0.03 -0.69  0.72]
 [ 0.    0.    0.    1.  ]]
2025-04-23T17:06:01.183400 - Pose:
tensor([[[ 0.0227, -0.9996,  0.0176,  0.0260],
         [-0.6943, -0.0031,  0.7197,  0.0343],
         [-0.7193, -0.0286, -0.6941,  0.7114],
         [ 0.0000,  0.0000,  0.0000,  1.0000]]])
2025-04-23T17:06:01.248354 - Final transform:
[[ 0.02 -1.    0.02  0.03]
 [-0.7  -0.    0.72  0.03]
 [-0.72 -0.02 -0.7   0.72]
 [ 0.    0.    0.    1.  ]]
2025-04-23T17:06:01.248354 - Pose:
tensor([[[ 1.6936e-02, -9.9974e-01,  1.5077e-02,  2.6176e-02],
         [-6.9688e-01, -9.8966e-04,  7.1719e-01,  3.3851e-02],
         [-7.1699e-01, -2.2653e-02, -6.9672e-01,  7.1283e-01],
         [ 0.0000e+00,  0.0000e+00,  0.0000e+00,  1.0000e+00]]])
2025-04-23T17:06:01.313776 - Final transform:
[[ 0.01 -1.    0.01  0.03]
 [-0.7   0.    0.72  0.03]
 [-0.72 -0.02 -0.7   0.72]
 [ 0.    0.    0.    1.  ]]
2025-04-23T17:06:01.313776 - Pose:
tensor([[[ 0.0093, -0.9999,  0.0141,  0.0263],
         [-0.6982,  0.0036,  0.7159,  0.0336],
         [-0.7158, -0.0165, -0.6981,  0.7121],
         [ 0.0000,  0.0000,  0.0000,  1.0000]]])
2025-04-23T17:06:01.378699 - Final transform:
[[ 0.01 -1.    0.01  0.03]
 [-0.7   0.    0.71  0.03]
 [-0.71 -0.02 -0.7   0.72]
 [ 0.    0.    0.    1.  ]]
2025-04-23T17:06:01.378699 - Pose:
tensor([[[ 0.0115, -0.9998,  0.0135,  0.0262],
         [-0.7011,  0.0015,  0.7131,  0.0335],
         [-0.7130, -0.0177, -0.7009,  0.7125],
         [ 0.0000,  0.0000,  0.0000,  1.0000]]])
2025-04-23T17:06:01.449964 - Final transform:
[[ 0.01 -1.    0.02  0.03]
 [-0.7   0.01  0.72  0.03]
 [-0.72 -0.02 -0.7   0.72]
 [ 0.    0.    0.    1.  ]]
2025-04-23T17:06:01.449964 - Pose:
tensor([[[ 0.0129, -0.9997,  0.0200,  0.0262],
         [-0.6972,  0.0053,  0.7169,  0.0329],
         [-0.7168, -0.0231, -0.6969,  0.7143],
         [ 0.0000,  0.0000,  0.0000,  1.0000]]])
2025-04-23T17:06:01.518677 - Final transform:
[[ 0.02 -1.    0.02  0.03]
 [-0.7  -0.    0.72  0.03]
 [-0.72 -0.03 -0.7   0.72]
 [ 0.    0.    0.    1.  ]]
2025-04-23T17:06:01.518677 - Pose:
tensor([[[ 2.0726e-02, -9.9959e-01,  1.9650e-02,  2.6015e-02],
         [-6.9770e-01, -3.8362e-04,  7.1639e-01,  3.3674e-02],
         [-7.1609e-01, -2.8558e-02, -6.9743e-01,  7.1252e-01],
         [ 0.0000e+00,  0.0000e+00,  0.0000e+00,  1.0000e+00]]])
2025-04-23T17:06:01.586202 - Final transform:
[[ 0.02 -1.    0.02  0.03]
 [-0.7   0.    0.71  0.03]
 [-0.71 -0.03 -0.7   0.72]
 [ 0.    0.    0.    1.  ]]
2025-04-23T17:06:01.586202 - Pose:
tensor([[[ 0.0173, -0.9996,  0.0212,  0.0263],
         [-0.7005,  0.0030,  0.7136,  0.0335],
         [-0.7134, -0.0272, -0.7002,  0.7117],
         [ 0.0000,  0.0000,  0.0000,  1.0000]]])
2025-04-23T17:06:01.658512 - Final transform:
[[ 0.02 -1.    0.02  0.03]
 [-0.7  -0.    0.72  0.03]
 [-0.72 -0.03 -0.7   0.72]
 [ 0.    0.    0.    1.  ]]
2025-04-23T17:06:01.658512 - Pose:
tensor([[[ 1.9464e-02, -9.9965e-01,  1.7692e-02,  2.6187e-02],
         [-6.9815e-01, -9.2267e-04,  7.1595e-01,  3.3553e-02],
         [-7.1568e-01, -2.6288e-02, -6.9793e-01,  7.1196e-01],
         [ 0.0000e+00,  0.0000e+00,  0.0000e+00,  1.0000e+00]]])
2025-04-23T17:06:01.731211 - Final transform:
[[ 0.01 -1.    0.02  0.03]
 [-0.7   0.    0.72  0.03]
 [-0.72 -0.02 -0.7   0.72]
 [ 0.    0.    0.    1.  ]]
2025-04-23T17:06:01.731211 - Pose:
tensor([[[ 0.0137, -0.9997,  0.0195,  0.0263],
         [-0.6969,  0.0044,  0.7172,  0.0337],
         [-0.7171, -0.0234, -0.6966,  0.7113],
         [ 0.0000,  0.0000,  0.0000,  1.0000]]])
2025-04-23T17:06:01.801115 - Final transform:
[[ 0.   -1.    0.02  0.03]
 [-0.7   0.01  0.72  0.03]
 [-0.72 -0.02 -0.7   0.72]
 [ 0.    0.    0.    1.  ]]
2025-04-23T17:06:01.801115 - Pose:
tensor([[[ 0.0047, -0.9998,  0.0169,  0.0265],
         [-0.6986,  0.0088,  0.7155,  0.0332],
         [-0.7155, -0.0151, -0.6984,  0.7125],
         [ 0.0000,  0.0000,  0.0000,  1.0000]]])
2025-04-23T17:06:01.869203 - Final transform:
[[ 0.02 -1.    0.02  0.03]
 [-0.7   0.    0.72  0.03]
 [-0.72 -0.03 -0.7   0.72]
 [ 0.    0.    0.    1.  ]]
2025-04-23T17:06:01.869203 - Pose:
tensor([[[ 1.8657e-02, -9.9965e-01,  1.8716e-02,  2.6355e-02],
         [-6.9634e-01,  4.4117e-04,  7.1771e-01,  3.3433e-02],
         [-7.1747e-01, -2.6423e-02, -6.9609e-01,  7.1260e-01],
         [ 0.0000e+00,  0.0000e+00,  0.0000e+00,  1.0000e+00]]])
2025-04-23T17:06:01.933547 - Final transform:
[[ 0.01 -1.    0.01  0.03]
 [-0.69  0.01  0.72  0.03]
 [-0.72 -0.02 -0.69  0.72]
 [ 0.    0.    0.    1.  ]]
2025-04-23T17:06:01.933547 - Pose:
tensor([[[ 0.0082, -0.9999,  0.0150,  0.0263],
         [-0.6950,  0.0050,  0.7190,  0.0339],
         [-0.7190, -0.0163, -0.6949,  0.7123],
         [ 0.0000,  0.0000,  0.0000,  1.0000]]])
2025-04-23T17:06:02.002529 - Final transform:
[[ 0.03 -1.    0.02  0.03]
 [-0.69 -0.01  0.72  0.03]
 [-0.72 -0.03 -0.69  0.72]
 [ 0.    0.    0.    1.  ]]
2025-04-23T17:06:02.002529 - Pose:
tensor([[[ 0.0290, -0.9994,  0.0176,  0.0259],
         [-0.6926, -0.0074,  0.7213,  0.0341],
         [-0.7208, -0.0331, -0.6924,  0.7112],
         [ 0.0000,  0.0000,  0.0000,  1.0000]]])
2025-04-23T17:06:02.075785 - Final transform:
[[ 0.02 -1.    0.02  0.03]
 [-0.7  -0.    0.72  0.03]
 [-0.72 -0.03 -0.7   0.72]
 [ 0.    0.    0.    1.  ]]
2025-04-23T17:06:02.075785 - Pose:
tensor([[[ 0.0234, -0.9995,  0.0192,  0.0259],
         [-0.6971, -0.0025,  0.7169,  0.0338],
         [-0.7166, -0.0301, -0.6969,  0.7114],
         [ 0.0000,  0.0000,  0.0000,  1.0000]]])
2025-04-23T17:06:02.149256 - Final transform:
[[ 0.02 -1.    0.02  0.03]
 [-0.7  -0.    0.72  0.03]
 [-0.72 -0.03 -0.7   0.72]
 [ 0.    0.    0.    1.  ]]
2025-04-23T17:06:02.149256 - Pose:
tensor([[[ 0.0197, -0.9996,  0.0177,  0.0261],
         [-0.6971, -0.0011,  0.7170,  0.0336],
         [-0.7167, -0.0265, -0.6969,  0.7124],
         [ 0.0000,  0.0000,  0.0000,  1.0000]]])
2025-04-23T17:06:02.223524 - Final transform:
[[ 0.01 -1.    0.01  0.03]
 [-0.7   0.    0.72  0.03]
 [-0.72 -0.02 -0.7   0.72]
 [ 0.    0.    0.    1.  ]]
2025-04-23T17:06:02.223524 - Pose:
tensor([[[ 0.0097, -0.9999,  0.0123,  0.0262],
         [-0.6958,  0.0021,  0.7183,  0.0341],
         [-0.7182, -0.0155, -0.6957,  0.7110],
         [ 0.0000,  0.0000,  0.0000,  1.0000]]])
2025-04-23T17:06:02.290457 - Final transform:
[[ 0.01 -1.    0.02  0.03]
 [-0.7   0.    0.72  0.03]
 [-0.72 -0.02 -0.69  0.72]
 [ 0.    0.    0.    1.  ]]
2025-04-23T17:06:02.290457 - Pose:
tensor([[[ 0.0133, -0.9998,  0.0162,  0.0263],
         [-0.6952,  0.0024,  0.7188,  0.0342],
         [-0.7187, -0.0208, -0.6950,  0.7119],
         [ 0.0000,  0.0000,  0.0000,  1.0000]]])
2025-04-23T17:06:02.360801 - Final transform:
[[ 0.03 -1.    0.02  0.03]
 [-0.69 -0.01  0.72  0.03]
 [-0.72 -0.03 -0.69  0.72]
 [ 0.    0.    0.    1.  ]]
2025-04-23T17:06:02.360801 - Pose:
tensor([[[ 0.0283, -0.9994,  0.0184,  0.0261],
         [-0.6917, -0.0063,  0.7222,  0.0347],
         [-0.7216, -0.0332, -0.6915,  0.7104],
         [ 0.0000,  0.0000,  0.0000,  1.0000]]])
2025-04-23T17:06:02.427719 - Final transform:
[[ 0.02 -1.    0.02  0.03]
 [-0.7  -0.    0.72  0.03]
 [-0.72 -0.03 -0.7   0.72]
 [ 0.    0.    0.    1.  ]]
2025-04-23T17:06:02.427719 - Pose:
tensor([[[ 0.0234, -0.9995,  0.0211,  0.0261],
         [-0.6958, -0.0012,  0.7183,  0.0342],
         [-0.7179, -0.0314, -0.6954,  0.7106],
         [ 0.0000,  0.0000,  0.0000,  1.0000]]])
2025-04-23T17:06:02.497473 - Final transform:
[[ 0.03 -1.    0.02  0.03]
 [-0.7  -0.    0.72  0.03]
 [-0.72 -0.03 -0.7   0.72]
 [ 0.    0.    0.    1.  ]]
2025-04-23T17:06:02.497473 - Pose:
tensor([[[ 0.0256, -0.9995,  0.0196,  0.0263],
         [-0.6954, -0.0037,  0.7186,  0.0338],
         [-0.7182, -0.0320, -0.6951,  0.7119],
         [ 0.0000,  0.0000,  0.0000,  1.0000]]])
2025-04-23T17:06:02.567678 - Final transform:
[[ 0.02 -1.    0.02  0.03]
 [-0.7  -0.    0.72  0.03]
 [-0.72 -0.02 -0.7   0.72]
 [ 0.    0.    0.    1.  ]]
2025-04-23T17:06:02.567678 - Pose:
tensor([[[ 1.7244e-02, -9.9972e-01,  1.6043e-02,  2.6205e-02],
         [-6.9819e-01, -5.5419e-04,  7.1591e-01,  3.3773e-02],
         [-7.1570e-01, -2.3547e-02, -6.9801e-01,  7.1098e-01],
         [ 0.0000e+00,  0.0000e+00,  0.0000e+00,  1.0000e+00]]])
2025-04-23T17:06:02.638115 - Final transform:
[[ 0.01 -1.    0.02  0.03]
 [-0.7   0.01  0.72  0.03]
 [-0.72 -0.02 -0.7   0.72]
 [ 0.    0.    0.    1.  ]]
2025-04-23T17:06:02.638115 - Pose:
tensor([[[ 0.0057, -0.9999,  0.0157,  0.0261],
         [-0.6964,  0.0073,  0.7176,  0.0337],
         [-0.7176, -0.0151, -0.6963,  0.7112],
         [ 0.0000,  0.0000,  0.0000,  1.0000]]])
2025-04-23T17:06:02.716934 - Final transform:
[[ 0.02 -1.    0.02  0.03]
 [-0.7  -0.    0.72  0.03]
 [-0.72 -0.03 -0.7   0.72]
 [ 0.    0.    0.    1.  ]]
2025-04-23T17:06:02.716934 - Pose:
tensor([[[ 0.0213, -0.9996,  0.0189,  0.0261],
         [-0.6988, -0.0014,  0.7153,  0.0340],
         [-0.7150, -0.0285, -0.6985,  0.7109],
         [ 0.0000,  0.0000,  0.0000,  1.0000]]])
2025-04-23T17:06:02.781387 - Final transform:
[[ 0.02 -1.    0.01  0.03]
 [-0.7  -0.    0.72  0.03]
 [-0.72 -0.02 -0.69  0.72]
 [ 0.    0.    0.    1.  ]]
2025-04-23T17:06:02.781387 - Pose:
tensor([[[ 0.0164, -0.9998,  0.0143,  0.0260],
         [-0.6951, -0.0012,  0.7189,  0.0344],
         [-0.7187, -0.0217, -0.6950,  0.7104],
         [ 0.0000,  0.0000,  0.0000,  1.0000]]])
2025-04-23T17:06:02.849792 - Final transform:
[[ 0.02 -1.    0.02  0.03]
 [-0.7  -0.    0.72  0.03]
 [-0.72 -0.03 -0.7   0.72]
 [ 0.    0.    0.    1.  ]]
2025-04-23T17:06:02.849792 - Pose:
tensor([[[ 0.0216, -0.9996,  0.0187,  0.0264],
         [-0.6964, -0.0016,  0.7177,  0.0344],
         [-0.7173, -0.0286, -0.6961,  0.7111],
         [ 0.0000,  0.0000,  0.0000,  1.0000]]])
2025-04-23T17:06:02.914001 - Final transform:
[[ 0.03 -1.    0.02  0.03]
 [-0.7  -0.01  0.72  0.03]
 [-0.72 -0.04 -0.7   0.72]
 [ 0.    0.    0.    1.  ]]
2025-04-23T17:06:02.914001 - Pose:
tensor([[[ 0.0321, -0.9992,  0.0225,  0.0262],
         [-0.6958, -0.0061,  0.7182,  0.0340],
         [-0.7175, -0.0387, -0.6955,  0.7109],
         [ 0.0000,  0.0000,  0.0000,  1.0000]]])
2025-04-23T17:06:02.979821 - Final transform:
[[ 0.03 -1.    0.02  0.03]
 [-0.69 -0.01  0.72  0.03]
 [-0.72 -0.04 -0.69  0.72]
 [ 0.    0.    0.    1.  ]]
2025-04-23T17:06:02.979821 - Pose:
tensor([[[ 0.0306, -0.9993,  0.0213,  0.0260],
         [-0.6942, -0.0059,  0.7197,  0.0346],
         [-0.7191, -0.0368, -0.6939,  0.7103],
         [ 0.0000,  0.0000,  0.0000,  1.0000]]])
2025-04-23T17:06:03.048162 - Final transform:
[[ 0.02 -1.    0.02  0.03]
 [-0.7   0.    0.72  0.03]
 [-0.72 -0.02 -0.7   0.72]
 [ 0.    0.    0.    1.  ]]
2025-04-23T17:06:03.048162 - Pose:
tensor([[[ 1.5202e-02, -9.9976e-01,  1.5984e-02,  2.6120e-02],
         [-6.9693e-01,  8.6809e-04,  7.1714e-01,  3.4255e-02],
         [-7.1698e-01, -2.2042e-02, -6.9675e-01,  7.1080e-01],
         [ 0.0000e+00,  0.0000e+00,  0.0000e+00,  1.0000e+00]]])
2025-04-23T17:06:03.115857 - Final transform:
[[ 0.02 -1.    0.02  0.03]
 [-0.69  0.    0.72  0.03]
 [-0.72 -0.03 -0.69  0.72]
 [ 0.    0.    0.    1.  ]]
2025-04-23T17:06:03.115857 - Pose:
tensor([[[ 0.0168, -0.9996,  0.0230,  0.0260],
         [-0.6937,  0.0049,  0.7203,  0.0337],
         [-0.7201, -0.0281, -0.6933,  0.7115],
         [ 0.0000,  0.0000,  0.0000,  1.0000]]])
2025-04-23T17:06:03.183260 - Final transform:
[[ 0.01 -1.    0.01  0.03]
 [-0.7   0.01  0.72  0.03]
 [-0.72 -0.01 -0.7   0.72]
 [ 0.    0.    0.    1.  ]]
2025-04-23T17:06:03.183260 - Pose:
tensor([[[ 0.0056, -0.9999,  0.0149,  0.0264],
         [-0.6978,  0.0068,  0.7162,  0.0336],
         [-0.7162, -0.0144, -0.6977,  0.7120],
         [ 0.0000,  0.0000,  0.0000,  1.0000]]])
2025-04-23T17:06:03.251082 - Final transform:
[[ 0.02 -1.    0.02  0.03]
 [-0.7  -0.    0.72  0.03]
 [-0.72 -0.03 -0.7   0.72]
 [ 0.    0.    0.    1.  ]]
2025-04-23T17:06:03.251082 - Pose:
tensor([[[ 0.0236, -0.9995,  0.0201,  0.0261],
         [-0.6968, -0.0020,  0.7173,  0.0340],
         [-0.7169, -0.0309, -0.6965,  0.7112],
         [ 0.0000,  0.0000,  0.0000,  1.0000]]])
2025-04-23T17:06:03.321959 - Final transform:
[[ 0.01 -1.    0.02  0.03]
 [-0.7   0.    0.72  0.03]
 [-0.72 -0.02 -0.7   0.72]
 [ 0.    0.    0.    1.  ]]
2025-04-23T17:06:03.321959 - Pose:
tensor([[[ 0.0126, -0.9998,  0.0177,  0.0261],
         [-0.6958,  0.0039,  0.7182,  0.0345],
         [-0.7181, -0.0213, -0.6956,  0.7105],
         [ 0.0000,  0.0000,  0.0000,  1.0000]]])
2025-04-23T17:06:03.389278 - Final transform:
[[ 0.02 -1.    0.02  0.03]
 [-0.69 -0.    0.72  0.03]
 [-0.72 -0.03 -0.69  0.72]
 [ 0.    0.    0.    1.  ]]
2025-04-23T17:06:03.389278 - Pose:
tensor([[[ 2.1648e-02, -9.9957e-01,  1.9862e-02,  2.5963e-02],
         [-6.9336e-01, -6.9801e-04,  7.2059e-01,  3.4551e-02],
         [-7.2026e-01, -2.9371e-02, -6.9308e-01,  7.0941e-01],
         [ 0.0000e+00,  0.0000e+00,  0.0000e+00,  1.0000e+00]]])
2025-04-23T17:06:03.456186 - Final transform:
[[ 0.01 -1.    0.02  0.03]
 [-0.7   0.    0.72  0.03]
 [-0.72 -0.02 -0.7   0.72]
 [ 0.    0.    0.    1.  ]]
2025-04-23T17:06:03.456186 - Pose:
tensor([[[ 0.0114, -0.9998,  0.0170,  0.0263],
         [-0.6974,  0.0043,  0.7166,  0.0342],
         [-0.7165, -0.0200, -0.6973,  0.7103],
         [ 0.0000,  0.0000,  0.0000,  1.0000]]])
2025-04-23T17:06:03.522998 - Final transform:
[[ 0.02 -1.    0.02  0.03]
 [-0.69  0.    0.72  0.03]
 [-0.72 -0.03 -0.69  0.72]
 [ 0.    0.    0.    1.  ]]
2025-04-23T17:06:03.522998 - Pose:
tensor([[[ 0.0173, -0.9997,  0.0189,  0.0261],
         [-0.6945,  0.0016,  0.7195,  0.0342],
         [-0.7193, -0.0256, -0.6942,  0.7106],
         [ 0.0000,  0.0000,  0.0000,  1.0000]]])
2025-04-23T17:06:03.590720 - Final transform:
[[ 0.01 -1.    0.02  0.03]
 [-0.7   0.    0.72  0.03]
 [-0.72 -0.02 -0.7   0.72]
 [ 0.    0.    0.    1.  ]]
2025-04-23T17:06:03.590720 - Pose:
tensor([[[ 0.0140, -0.9998,  0.0151,  0.0261],
         [-0.6975,  0.0011,  0.7166,  0.0341],
         [-0.7164, -0.0206, -0.6974,  0.7111],
         [ 0.0000,  0.0000,  0.0000,  1.0000]]])
2025-04-23T17:06:03.660719 - Final transform:
[[ 0.02 -1.    0.02  0.03]
 [-0.7   0.    0.72  0.03]
 [-0.72 -0.02 -0.7   0.72]
 [ 0.    0.    0.    1.  ]]
2025-04-23T17:06:03.660719 - Pose:
tensor([[[ 0.0165, -0.9997,  0.0175,  0.0260],
         [-0.6955,  0.0011,  0.7186,  0.0343],
         [-0.7184, -0.0240, -0.6952,  0.7107],
         [ 0.0000,  0.0000,  0.0000,  1.0000]]])
2025-04-23T17:06:03.727444 - Final transform:
[[ 0.03 -1.    0.02  0.03]
 [-0.69 -0.01  0.72  0.03]
 [-0.72 -0.04 -0.69  0.72]
 [ 0.    0.    0.    1.  ]]
2025-04-23T17:06:03.727444 - Pose:
tensor([[[ 0.0298, -0.9994,  0.0198,  0.0260],
         [-0.6919, -0.0063,  0.7220,  0.0347],
         [-0.7214, -0.0352, -0.6916,  0.7101],
         [ 0.0000,  0.0000,  0.0000,  1.0000]]])
2025-04-23T17:06:03.792481 - Final transform:
[[ 0.01 -1.    0.02  0.03]
 [-0.69  0.    0.72  0.03]
 [-0.72 -0.02 -0.69  0.72]
 [ 0.    0.    0.    1.  ]]
2025-04-23T17:06:03.792481 - Pose:
tensor([[[ 0.0142, -0.9997,  0.0184,  0.0260],
         [-0.6888,  0.0036,  0.7250,  0.0347],
         [-0.7248, -0.0230, -0.6886,  0.7097],
         [ 0.0000,  0.0000,  0.0000,  1.0000]]])
2025-04-23T17:06:03.860347 - Final transform:
[[ 0.02 -1.    0.02  0.03]
 [-0.69 -0.    0.72  0.03]
 [-0.72 -0.02 -0.69  0.72]
 [ 0.    0.    0.    1.  ]]
2025-04-23T17:06:03.860347 - Pose:
tensor([[[ 1.8321e-02, -9.9969e-01,  1.6912e-02,  2.5972e-02],
         [-6.9012e-01, -4.0535e-04,  7.2369e-01,  3.4629e-02],
         [-7.2346e-01, -2.4930e-02, -6.8992e-01,  7.1062e-01],
         [ 0.0000e+00,  0.0000e+00,  0.0000e+00,  1.0000e+00]]])
2025-04-23T17:06:03.926399 - Final transform:
[[ 0.01 -1.    0.02  0.03]
 [-0.69  0.01  0.72  0.03]
 [-0.72 -0.02 -0.69  0.72]
 [ 0.    0.    0.    1.  ]]
2025-04-23T17:06:03.926399 - Pose:
tensor([[[ 0.0074, -0.9998,  0.0182,  0.0262],
         [-0.6917,  0.0080,  0.7221,  0.0340],
         [-0.7221, -0.0179, -0.6916,  0.7110],
         [ 0.0000,  0.0000,  0.0000,  1.0000]]])
2025-04-23T17:06:03.996238 - Final transform:
[[ 0.02 -1.    0.02  0.03]
 [-0.7  -0.    0.72  0.03]
 [-0.72 -0.03 -0.7   0.72]
 [ 0.    0.    0.    1.  ]]
2025-04-23T17:06:03.996238 - Pose:
tensor([[[ 0.0226, -0.9996,  0.0155,  0.0260],
         [-0.6955, -0.0046,  0.7185,  0.0340],
         [-0.7182, -0.0270, -0.6953,  0.7118],
         [ 0.0000,  0.0000,  0.0000,  1.0000]]])
2025-04-23T17:06:04.060207 - Final transform:
[[ 0.03 -1.    0.02  0.03]
 [-0.69 -0.    0.72  0.03]
 [-0.72 -0.03 -0.69  0.72]
 [ 0.    0.    0.    1.  ]]
2025-04-23T17:06:04.060207 - Pose:
tensor([[[ 0.0258, -0.9995,  0.0181,  0.0261],
         [-0.6946, -0.0049,  0.7194,  0.0342],
         [-0.7189, -0.0311, -0.6944,  0.7121],
         [ 0.0000,  0.0000,  0.0000,  1.0000]]])
