2025-04-17T19:03:00.088122 - Final transform:
[[ 0.06 -1.   -0.02  0.1 ]
 [ 0.89  0.06 -0.45  0.07]
 [ 0.46  0.01  0.89  0.81]
 [ 0.    0.    0.    1.  ]]
2025-04-17T19:03:00.088122 - Pose:
tensor([[[ 0.0589, -0.9980, -0.0228,  0.1005],
         [ 0.8884,  0.0628, -0.4548,  0.0727],
         [ 0.4553,  0.0066,  0.8903,  0.8108],
         [ 0.0000,  0.0000,  0.0000,  1.0000]]])
2025-04-17T19:03:00.160451 - Final transform:
[[ 0.06 -1.   -0.02  0.1 ]
 [ 0.89  0.06 -0.46  0.07]
 [ 0.46  0.01  0.89  0.81]
 [ 0.    0.    0.    1.  ]]
2025-04-17T19:03:00.160451 - Pose:
tensor([[[ 0.0606, -0.9980, -0.0185,  0.1004],
         [ 0.8875,  0.0623, -0.4565,  0.0728],
         [ 0.4567,  0.0113,  0.8895,  0.8114],
         [ 0.0000,  0.0000,  0.0000,  1.0000]]])
2025-04-17T19:03:00.224549 - Final transform:
[[ 0.06 -1.   -0.02  0.1 ]
 [ 0.89  0.06 -0.45  0.07]
 [ 0.45  0.01  0.89  0.81]
 [ 0.    0.    0.    1.  ]]
2025-04-17T19:03:00.224549 - Pose:
tensor([[[ 0.0555, -0.9983, -0.0170,  0.1001],
         [ 0.8895,  0.0572, -0.4533,  0.0728],
         [ 0.4535,  0.0100,  0.8912,  0.8106],
         [ 0.0000,  0.0000,  0.0000,  1.0000]]])
2025-04-17T19:03:00.291605 - Final transform:
[[ 0.06 -1.   -0.02  0.1 ]
 [ 0.89  0.06 -0.45  0.07]
 [ 0.45  0.01  0.89  0.81]
 [ 0.    0.    0.    1.  ]]
2025-04-17T19:03:00.291605 - Pose:
tensor([[[ 0.0594, -0.9980, -0.0232,  0.1001],
         [ 0.8922,  0.0635, -0.4473,  0.0726],
         [ 0.4478,  0.0059,  0.8941,  0.8106],
         [ 0.0000,  0.0000,  0.0000,  1.0000]]])
2025-04-17T19:03:00.359863 - Final transform:
[[ 0.05 -1.   -0.02  0.1 ]
 [ 0.89  0.05 -0.45  0.07]
 [ 0.45  0.    0.89  0.81]
 [ 0.    0.    0.    1.  ]]
2025-04-17T19:03:00.359863 - Pose:
tensor([[[ 4.7993e-02, -9.9857e-01, -2.3348e-02,  9.9812e-02],
         [ 8.9185e-01,  5.3366e-02, -4.4918e-01,  7.2773e-02],
         [ 4.4979e-01,  7.3470e-04,  8.9314e-01,  8.1060e-01],
         [ 0.0000e+00,  0.0000e+00,  0.0000e+00,  1.0000e+00]]])
2025-04-17T19:03:00.425836 - Final transform:
[[ 0.06 -1.   -0.02  0.1 ]
 [ 0.89  0.06 -0.45  0.07]
 [ 0.46  0.01  0.89  0.81]
 [ 0.    0.    0.    1.  ]]
2025-04-17T19:03:00.425836 - Pose:
tensor([[[ 0.0581, -0.9980, -0.0237,  0.0998],
         [ 0.8884,  0.0626, -0.4549,  0.0725],
         [ 0.4555,  0.0054,  0.8902,  0.8101],
         [ 0.0000,  0.0000,  0.0000,  1.0000]]])
2025-04-17T19:03:00.492317 - Final transform:
[[ 0.06 -1.   -0.02  0.1 ]
 [ 0.88  0.07 -0.47  0.07]
 [ 0.47  0.01  0.88  0.81]
 [ 0.    0.    0.    1.  ]]
2025-04-17T19:03:00.492317 - Pose:
tensor([[[ 0.0634, -0.9978, -0.0199,  0.0999],
         [ 0.8819,  0.0654, -0.4670,  0.0721],
         [ 0.4672,  0.0121,  0.8841,  0.8100],
         [ 0.0000,  0.0000,  0.0000,  1.0000]]])
2025-04-17T19:03:00.555843 - Final transform:
[[ 0.06 -1.   -0.03  0.1 ]
 [ 0.88  0.06 -0.46  0.07]
 [ 0.46  0.    0.89  0.81]
 [ 0.    0.    0.    1.  ]]
2025-04-17T19:03:00.555843 - Pose:
tensor([[[ 0.0575, -0.9980, -0.0271,  0.0995],
         [ 0.8838,  0.0635, -0.4636,  0.0722],
         [ 0.4644,  0.0027,  0.8856,  0.8111],
         [ 0.0000,  0.0000,  0.0000,  1.0000]]])
2025-04-17T19:03:00.623921 - Final transform:
[[ 0.06 -1.   -0.02  0.1 ]
 [ 0.89  0.06 -0.45  0.07]
 [ 0.45  0.01  0.89  0.81]
 [ 0.    0.    0.    1.  ]]
2025-04-17T19:03:00.623921 - Pose:
tensor([[[ 0.0586, -0.9980, -0.0218,  0.0997],
         [ 0.8890,  0.0621, -0.4538,  0.0726],
         [ 0.4542,  0.0072,  0.8909,  0.8103],
         [ 0.0000,  0.0000,  0.0000,  1.0000]]])
2025-04-17T19:03:00.690139 - Final transform:
[[ 0.05 -1.   -0.03  0.1 ]
 [ 0.89  0.06 -0.46  0.07]
 [ 0.46 -0.    0.89  0.81]
 [ 0.    0.    0.    1.  ]]
2025-04-17T19:03:00.690139 - Pose:
tensor([[[ 0.0540, -0.9980, -0.0321,  0.1002],
         [ 0.8870,  0.0627, -0.4574,  0.0723],
         [ 0.4585, -0.0038,  0.8887,  0.8104],
         [ 0.0000,  0.0000,  0.0000,  1.0000]]])
2025-04-17T19:03:00.757909 - Final transform:
[[ 0.06 -1.   -0.03  0.1 ]
 [ 0.89  0.06 -0.45  0.07]
 [ 0.45  0.    0.89  0.81]
 [ 0.    0.    0.    1.  ]]
2025-04-17T19:03:00.757909 - Pose:
tensor([[[ 0.0551, -0.9982, -0.0257,  0.0996],
         [ 0.8907,  0.0607, -0.4505,  0.0725],
         [ 0.4513,  0.0020,  0.8924,  0.8111],
         [ 0.0000,  0.0000,  0.0000,  1.0000]]])
2025-04-17T19:03:00.825289 - Final transform:
[[ 0.05 -1.   -0.03  0.1 ]
 [ 0.89  0.06 -0.46  0.07]
 [ 0.46 -0.    0.89  0.81]
 [ 0.    0.    0.    1.  ]]
2025-04-17T19:03:00.825289 - Pose:
tensor([[[ 0.0532, -0.9981, -0.0311,  0.0996],
         [ 0.8877,  0.0616, -0.4563,  0.0726],
         [ 0.4573, -0.0033,  0.8893,  0.8106],
         [ 0.0000,  0.0000,  0.0000,  1.0000]]])
2025-04-17T19:03:00.892836 - Final transform:
[[ 0.04 -1.   -0.03  0.1 ]
 [ 0.89  0.05 -0.46  0.07]
 [ 0.46 -0.01  0.89  0.81]
 [ 0.    0.    0.    1.  ]]
2025-04-17T19:03:00.892836 - Pose:
tensor([[[ 0.0437, -0.9985, -0.0344,  0.0996],
         [ 0.8875,  0.0546, -0.4575,  0.0724],
         [ 0.4587, -0.0105,  0.8885,  0.8108],
         [ 0.0000,  0.0000,  0.0000,  1.0000]]])
2025-04-17T19:03:00.959910 - Final transform:
[[ 0.05 -1.   -0.03  0.1 ]
 [ 0.88  0.06 -0.47  0.07]
 [ 0.47 -0.    0.88  0.81]
 [ 0.    0.    0.    1.  ]]
2025-04-17T19:03:00.959910 - Pose:
tensor([[[ 0.0548, -0.9980, -0.0324,  0.0997],
         [ 0.8826,  0.0635, -0.4659,  0.0722],
         [ 0.4670, -0.0030,  0.8842,  0.8104],
         [ 0.0000,  0.0000,  0.0000,  1.0000]]])
2025-04-17T19:03:01.028068 - Final transform:
[[ 0.07 -1.   -0.02  0.1 ]
 [ 0.89  0.07 -0.45  0.07]
 [ 0.45  0.01  0.89  0.81]
 [ 0.    0.    0.    1.  ]]
2025-04-17T19:03:01.028068 - Pose:
tensor([[[ 0.0668, -0.9976, -0.0176,  0.1002],
         [ 0.8885,  0.0675, -0.4538,  0.0724],
         [ 0.4539,  0.0147,  0.8909,  0.8107],
         [ 0.0000,  0.0000,  0.0000,  1.0000]]])
2025-04-17T19:03:01.096183 - Final transform:
[[ 0.05 -1.   -0.04  0.1 ]
 [ 0.88  0.06 -0.47  0.07]
 [ 0.47 -0.01  0.88  0.81]
 [ 0.    0.    0.    1.  ]]
2025-04-17T19:03:01.096183 - Pose:
tensor([[[ 0.0474, -0.9981, -0.0396,  0.0999],
         [ 0.8830,  0.0604, -0.4655,  0.0723],
         [ 0.4670, -0.0129,  0.8842,  0.8103],
         [ 0.0000,  0.0000,  0.0000,  1.0000]]])
2025-04-17T19:03:01.167470 - Final transform:
[[ 0.05 -1.   -0.03  0.1 ]
 [ 0.89  0.06 -0.46  0.07]
 [ 0.46 -0.    0.89  0.81]
 [ 0.    0.    0.    1.  ]]
2025-04-17T19:03:01.167470 - Pose:
tensor([[[ 0.0497, -0.9984, -0.0282,  0.0997],
         [ 0.8857,  0.0571, -0.4607,  0.0722],
         [ 0.4615, -0.0021,  0.8871,  0.8107],
         [ 0.0000,  0.0000,  0.0000,  1.0000]]])
2025-04-17T19:03:01.241331 - Final transform:
[[ 0.06 -1.   -0.03  0.1 ]
 [ 0.89  0.06 -0.46  0.07]
 [ 0.46  0.    0.89  0.81]
 [ 0.    0.    0.    1.  ]]
2025-04-17T19:03:01.241331 - Pose:
tensor([[[ 0.0556, -0.9981, -0.0269,  0.0998],
         [ 0.8854,  0.0617, -0.4607,  0.0722],
         [ 0.4614,  0.0018,  0.8872,  0.8101],
         [ 0.0000,  0.0000,  0.0000,  1.0000]]])
2025-04-17T19:03:01.310075 - Final transform:
[[ 0.06 -1.   -0.03  0.1 ]
 [ 0.89  0.06 -0.46  0.07]
 [ 0.46 -0.    0.89  0.81]
 [ 0.    0.    0.    1.  ]]
2025-04-17T19:03:01.310075 - Pose:
tensor([[[ 5.7363e-02, -9.9791e-01, -2.9744e-02,  9.9830e-02],
         [ 8.8627e-01,  6.4616e-02, -4.5864e-01,  7.1976e-02],
         [ 4.5960e-01, -5.2267e-05,  8.8813e-01,  8.0987e-01],
         [ 0.0000e+00,  0.0000e+00,  0.0000e+00,  1.0000e+00]]])
2025-04-17T19:03:01.377921 - Final transform:
[[ 0.06 -1.   -0.02  0.1 ]
 [ 0.89  0.06 -0.46  0.07]
 [ 0.46  0.01  0.89  0.81]
 [ 0.    0.    0.    1.  ]]
2025-04-17T19:03:01.377921 - Pose:
tensor([[[ 0.0611, -0.9979, -0.0221,  0.0999],
         [ 0.8866,  0.0645, -0.4581,  0.0723],
         [ 0.4585,  0.0084,  0.8886,  0.8103],
         [ 0.0000,  0.0000,  0.0000,  1.0000]]])
2025-04-17T19:03:01.445689 - Final transform:
[[ 0.06 -1.   -0.02  0.1 ]
 [ 0.89  0.06 -0.45  0.07]
 [ 0.45  0.01  0.89  0.81]
 [ 0.    0.    0.    1.  ]]
2025-04-17T19:03:01.445689 - Pose:
tensor([[[ 0.0580, -0.9981, -0.0218,  0.1000],
         [ 0.8906,  0.0616, -0.4507,  0.0726],
         [ 0.4512,  0.0068,  0.8924,  0.8108],
         [ 0.0000,  0.0000,  0.0000,  1.0000]]])
2025-04-17T19:03:01.521718 - Final transform:
[[ 0.05 -1.   -0.03  0.1 ]
 [ 0.89  0.06 -0.45  0.07]
 [ 0.45 -0.    0.89  0.81]
 [ 0.    0.    0.    1.  ]]
2025-04-17T19:03:01.521718 - Pose:
tensor([[[ 0.0546, -0.9981, -0.0296,  0.0998],
         [ 0.8908,  0.0621, -0.4501,  0.0729],
         [ 0.4511, -0.0018,  0.8925,  0.8110],
         [ 0.0000,  0.0000,  0.0000,  1.0000]]])
2025-04-17T19:03:01.589122 - Final transform:
[[ 0.06 -1.   -0.02  0.1 ]
 [ 0.89  0.06 -0.45  0.07]
 [ 0.45  0.01  0.89  0.81]
 [ 0.    0.    0.    1.  ]]
2025-04-17T19:03:01.589122 - Pose:
tensor([[[ 0.0646, -0.9978, -0.0158,  0.0999],
         [ 0.8914,  0.0648, -0.4486,  0.0726],
         [ 0.4486,  0.0148,  0.8936,  0.8106],
         [ 0.0000,  0.0000,  0.0000,  1.0000]]])
2025-04-17T19:03:01.656902 - Final transform:
[[ 0.05 -1.   -0.03  0.1 ]
 [ 0.89  0.06 -0.46  0.07]
 [ 0.46  0.    0.89  0.81]
 [ 0.    0.    0.    1.  ]]
2025-04-17T19:03:01.656902 - Pose:
tensor([[[ 0.0537, -0.9982, -0.0251,  0.0997],
         [ 0.8874,  0.0593, -0.4573,  0.0722],
         [ 0.4580,  0.0023,  0.8890,  0.8108],
         [ 0.0000,  0.0000,  0.0000,  1.0000]]])
2025-04-17T19:03:01.728049 - Final transform:
[[ 0.05 -1.   -0.03  0.1 ]
 [ 0.89  0.06 -0.46  0.07]
 [ 0.46  0.    0.89  0.81]
 [ 0.    0.    0.    1.  ]]
2025-04-17T19:03:01.728049 - Pose:
tensor([[[ 0.0529, -0.9983, -0.0252,  0.0998],
         [ 0.8865,  0.0586, -0.4590,  0.0719],
         [ 0.4597,  0.0020,  0.8881,  0.8102],
         [ 0.0000,  0.0000,  0.0000,  1.0000]]])
2025-04-17T19:03:01.796941 - Final transform:
[[ 0.06 -1.   -0.02  0.1 ]
 [ 0.88  0.06 -0.46  0.07]
 [ 0.46  0.01  0.89  0.81]
 [ 0.    0.    0.    1.  ]]
2025-04-17T19:03:01.796941 - Pose:
tensor([[[ 0.0594, -0.9980, -0.0195,  0.1000],
         [ 0.8848,  0.0617, -0.4618,  0.0717],
         [ 0.4621,  0.0102,  0.8868,  0.8095],
         [ 0.0000,  0.0000,  0.0000,  1.0000]]])
2025-04-17T19:03:01.867956 - Final transform:
[[ 0.06 -1.   -0.02  0.1 ]
 [ 0.89  0.06 -0.45  0.07]
 [ 0.45  0.01  0.89  0.81]
 [ 0.    0.    0.    1.  ]]
2025-04-17T19:03:01.867956 - Pose:
tensor([[[ 0.0554, -0.9982, -0.0214,  0.1004],
         [ 0.8905,  0.0591, -0.4512,  0.0725],
         [ 0.4517,  0.0059,  0.8922,  0.8104],
         [ 0.0000,  0.0000,  0.0000,  1.0000]]])
2025-04-17T19:03:01.936041 - Final transform:
[[ 0.04 -1.   -0.03  0.1 ]
 [ 0.89  0.05 -0.45  0.07]
 [ 0.45 -0.01  0.89  0.81]
 [ 0.    0.    0.    1.  ]]
2025-04-17T19:03:01.936041 - Pose:
tensor([[[ 0.0433, -0.9986, -0.0295,  0.0999],
         [ 0.8913,  0.0520, -0.4503,  0.0728],
         [ 0.4512, -0.0068,  0.8924,  0.8106],
         [ 0.0000,  0.0000,  0.0000,  1.0000]]])
2025-04-17T19:03:02.004934 - Final transform:
[[ 0.05 -1.   -0.02  0.1 ]
 [ 0.89  0.06 -0.46  0.07]
 [ 0.46  0.01  0.89  0.81]
 [ 0.    0.    0.    1.  ]]
2025-04-17T19:03:02.004934 - Pose:
tensor([[[ 0.0536, -0.9983, -0.0207,  0.0998],
         [ 0.8856,  0.0571, -0.4610,  0.0726],
         [ 0.4614,  0.0064,  0.8872,  0.8102],
         [ 0.0000,  0.0000,  0.0000,  1.0000]]])
2025-04-17T19:03:02.076114 - Final transform:
[[ 0.05 -1.   -0.02  0.1 ]
 [ 0.89  0.06 -0.46  0.07]
 [ 0.46  0.01  0.89  0.81]
 [ 0.    0.    0.    1.  ]]
2025-04-17T19:03:02.076114 - Pose:
tensor([[[ 0.0536, -0.9984, -0.0198,  0.1000],
         [ 0.8884,  0.0568, -0.4556,  0.0723],
         [ 0.4560,  0.0069,  0.8900,  0.8103],
         [ 0.0000,  0.0000,  0.0000,  1.0000]]])
2025-04-17T19:03:02.143144 - Final transform:
[[ 0.05 -1.   -0.03  0.1 ]
 [ 0.89  0.06 -0.46  0.07]
 [ 0.46  0.    0.89  0.81]
 [ 0.    0.    0.    1.  ]]
2025-04-17T19:03:02.143144 - Pose:
tensor([[[ 0.0528, -0.9983, -0.0251,  0.0999],
         [ 0.8881,  0.0584, -0.4560,  0.0722],
         [ 0.4567,  0.0018,  0.8896,  0.8104],
         [ 0.0000,  0.0000,  0.0000,  1.0000]]])
2025-04-17T19:03:02.210907 - Final transform:
[[ 0.05 -1.   -0.03  0.1 ]
 [ 0.89  0.06 -0.46  0.07]
 [ 0.46 -0.01  0.89  0.81]
 [ 0.    0.    0.    1.  ]]
2025-04-17T19:03:02.210907 - Pose:
tensor([[[ 0.0482, -0.9983, -0.0322,  0.1001],
         [ 0.8885,  0.0575, -0.4552,  0.0730],
         [ 0.4563, -0.0066,  0.8898,  0.8109],
         [ 0.0000,  0.0000,  0.0000,  1.0000]]])
2025-04-17T19:03:02.287998 - Final transform:
[[ 0.06 -1.   -0.03  0.1 ]
 [ 0.88  0.06 -0.47  0.07]
 [ 0.47  0.    0.88  0.81]
 [ 0.    0.    0.    1.  ]]
2025-04-17T19:03:02.287998 - Pose:
tensor([[[ 0.0552, -0.9981, -0.0268,  0.0999],
         [ 0.8830,  0.0613, -0.4654,  0.0723],
         [ 0.4662,  0.0020,  0.8847,  0.8107],
         [ 0.0000,  0.0000,  0.0000,  1.0000]]])
2025-04-17T19:03:02.355165 - Final transform:
[[ 0.06 -1.   -0.03  0.1 ]
 [ 0.89  0.06 -0.45  0.07]
 [ 0.45  0.    0.89  0.81]
 [ 0.    0.    0.    1.  ]]
2025-04-17T19:03:02.355165 - Pose:
tensor([[[ 5.5064e-02, -9.9811e-01, -2.7328e-02,  9.9833e-02],
         [ 8.8919e-01,  6.1469e-02, -4.5338e-01,  7.2260e-02],
         [ 4.5420e-01,  6.6545e-04,  8.9090e-01,  8.1001e-01],
         [ 0.0000e+00,  0.0000e+00,  0.0000e+00,  1.0000e+00]]])
2025-04-17T19:03:02.426103 - Final transform:
[[ 0.05 -1.   -0.03  0.1 ]
 [ 0.89  0.06 -0.45  0.07]
 [ 0.45 -0.01  0.89  0.81]
 [ 0.    0.    0.    1.  ]]
2025-04-17T19:03:02.426103 - Pose:
tensor([[[ 0.0530, -0.9980, -0.0330,  0.1000],
         [ 0.8911,  0.0622, -0.4495,  0.0722],
         [ 0.4507, -0.0056,  0.8927,  0.8102],
         [ 0.0000,  0.0000,  0.0000,  1.0000]]])
2025-04-17T19:03:02.492493 - Final transform:
[[ 0.06 -1.   -0.02  0.1 ]
 [ 0.89  0.06 -0.45  0.07]
 [ 0.45  0.    0.89  0.81]
 [ 0.    0.    0.    1.  ]]
2025-04-17T19:03:02.492493 - Pose:
tensor([[[ 0.0555, -0.9982, -0.0227,  0.1000],
         [ 0.8928,  0.0598, -0.4464,  0.0726],
         [ 0.4470,  0.0046,  0.8945,  0.8108],
         [ 0.0000,  0.0000,  0.0000,  1.0000]]])
2025-04-17T19:03:02.560093 - Final transform:
[[ 0.06 -1.   -0.03  0.1 ]
 [ 0.89  0.07 -0.45  0.07]
 [ 0.46  0.    0.89  0.81]
 [ 0.    0.    0.    1.  ]]
2025-04-17T19:03:02.560093 - Pose:
tensor([[[ 0.0612, -0.9978, -0.0265,  0.0996],
         [ 0.8882,  0.0665, -0.4547,  0.0725],
         [ 0.4554,  0.0043,  0.8903,  0.8106],
         [ 0.0000,  0.0000,  0.0000,  1.0000]]])
2025-04-17T19:03:02.631969 - Final transform:
[[ 0.05 -1.   -0.03  0.1 ]
 [ 0.89  0.06 -0.46  0.07]
 [ 0.46 -0.    0.89  0.81]
 [ 0.    0.    0.    1.  ]]
2025-04-17T19:03:02.631969 - Pose:
tensor([[[ 5.1484e-02, -9.9829e-01, -2.7703e-02,  9.9737e-02],
         [ 8.8596e-01,  5.8457e-02, -4.6005e-01,  7.2437e-02],
         [ 4.6088e-01, -8.5794e-04,  8.8746e-01,  8.1026e-01],
         [ 0.0000e+00,  0.0000e+00,  0.0000e+00,  1.0000e+00]]])
2025-04-17T19:03:02.703349 - Final transform:
[[ 0.05 -1.   -0.01  0.1 ]
 [ 0.89  0.05 -0.45  0.07]
 [ 0.45  0.01  0.89  0.81]
 [ 0.    0.    0.    1.  ]]
2025-04-17T19:03:02.703349 - Pose:
tensor([[[ 0.0519, -0.9986, -0.0130,  0.0998],
         [ 0.8917,  0.0522, -0.4496,  0.0731],
         [ 0.4496,  0.0117,  0.8931,  0.8106],
         [ 0.0000,  0.0000,  0.0000,  1.0000]]])
2025-04-17T19:03:02.774261 - Final transform:
[[ 0.06 -1.   -0.02  0.1 ]
 [ 0.89  0.06 -0.46  0.07]
 [ 0.46  0.01  0.89  0.81]
 [ 0.    0.    0.    1.  ]]
2025-04-17T19:03:02.774261 - Pose:
tensor([[[ 0.0579, -0.9982, -0.0175,  0.1000],
         [ 0.8882,  0.0595, -0.4555,  0.0724],
         [ 0.4557,  0.0109,  0.8901,  0.8105],
         [ 0.0000,  0.0000,  0.0000,  1.0000]]])
2025-04-17T19:03:02.843359 - Final transform:
[[ 0.06 -1.   -0.03  0.1 ]
 [ 0.89  0.06 -0.45  0.07]
 [ 0.45 -0.    0.89  0.81]
 [ 0.    0.    0.    1.  ]]
2025-04-17T19:03:02.843359 - Pose:
tensor([[[ 5.6634e-02, -9.9796e-01, -2.9287e-02,  1.0006e-01],
         [ 8.8872e-01,  6.3758e-02, -4.5399e-01,  7.2777e-02],
         [ 4.5494e-01, -3.1609e-04,  8.9052e-01,  8.1083e-01],
         [ 0.0000e+00,  0.0000e+00,  0.0000e+00,  1.0000e+00]]])
2025-04-17T19:03:02.909868 - Final transform:
[[ 0.04 -1.   -0.03  0.1 ]
 [ 0.89  0.05 -0.45  0.07]
 [ 0.45 -0.    0.89  0.81]
 [ 0.    0.    0.    1.  ]]
2025-04-17T19:03:02.909868 - Pose:
tensor([[[ 0.0445, -0.9987, -0.0254,  0.0999],
         [ 0.8924,  0.0511, -0.4483,  0.0725],
         [ 0.4491, -0.0027,  0.8935,  0.8105],
         [ 0.0000,  0.0000,  0.0000,  1.0000]]])
2025-04-17T19:03:02.981386 - Final transform:
[[ 0.05 -1.   -0.02  0.1 ]
 [ 0.89  0.06 -0.46  0.07]
 [ 0.46  0.01  0.89  0.81]
 [ 0.    0.    0.    1.  ]]
2025-04-17T19:03:02.981386 - Pose:
tensor([[[ 0.0539, -0.9984, -0.0180,  0.1000],
         [ 0.8874,  0.0562, -0.4576,  0.0725],
         [ 0.4579,  0.0087,  0.8890,  0.8105],
         [ 0.0000,  0.0000,  0.0000,  1.0000]]])
2025-04-17T19:03:03.050901 - Final transform:
[[ 0.06 -1.   -0.02  0.1 ]
 [ 0.89  0.06 -0.45  0.07]
 [ 0.46  0.01  0.89  0.81]
 [ 0.    0.    0.    1.  ]]
2025-04-17T19:03:03.050901 - Pose:
tensor([[[ 0.0572, -0.9981, -0.0213,  0.1000],
         [ 0.8885,  0.0606, -0.4549,  0.0727],
         [ 0.4554,  0.0071,  0.8903,  0.8103],
         [ 0.0000,  0.0000,  0.0000,  1.0000]]])
2025-04-17T19:03:03.121096 - Final transform:
[[ 0.05 -1.   -0.02  0.1 ]
 [ 0.89  0.05 -0.45  0.07]
 [ 0.45  0.    0.89  0.81]
 [ 0.    0.    0.    1.  ]]
2025-04-17T19:03:03.121096 - Pose:
tensor([[[ 0.0499, -0.9985, -0.0204,  0.1004],
         [ 0.8916,  0.0537, -0.4496,  0.0727],
         [ 0.4500,  0.0043,  0.8930,  0.8102],
         [ 0.0000,  0.0000,  0.0000,  1.0000]]])
2025-04-17T19:03:03.188392 - Final transform:
[[ 0.05 -1.   -0.02  0.1 ]
 [ 0.89  0.06 -0.45  0.07]
 [ 0.45  0.01  0.89  0.81]
 [ 0.    0.    0.    1.  ]]
2025-04-17T19:03:03.188392 - Pose:
tensor([[[ 0.0537, -0.9984, -0.0159,  0.1001],
         [ 0.8923,  0.0551, -0.4481,  0.0727],
         [ 0.4483,  0.0099,  0.8938,  0.8102],
         [ 0.0000,  0.0000,  0.0000,  1.0000]]])
2025-04-17T19:03:03.262063 - Final transform:
[[ 0.06 -1.   -0.02  0.1 ]
 [ 0.89  0.06 -0.45  0.07]
 [ 0.45  0.01  0.89  0.81]
 [ 0.    0.    0.    1.  ]]
2025-04-17T19:03:03.262063 - Pose:
tensor([[[ 0.0575, -0.9982, -0.0196,  0.1000],
         [ 0.8887,  0.0601, -0.4545,  0.0725],
         [ 0.4548,  0.0087,  0.8905,  0.8110],
         [ 0.0000,  0.0000,  0.0000,  1.0000]]])
2025-04-17T19:03:03.336382 - Final transform:
[[ 0.05 -1.   -0.03  0.1 ]
 [ 0.89  0.06 -0.46  0.07]
 [ 0.46  0.    0.89  0.81]
 [ 0.    0.    0.    1.  ]]
2025-04-17T19:03:03.336382 - Pose:
tensor([[[ 0.0538, -0.9982, -0.0252,  0.0998],
         [ 0.8864,  0.0594, -0.4590,  0.0724],
         [ 0.4597,  0.0024,  0.8881,  0.8102],
         [ 0.0000,  0.0000,  0.0000,  1.0000]]])
2025-04-17T19:03:03.403749 - Final transform:
[[ 0.06 -1.   -0.03  0.1 ]
 [ 0.88  0.06 -0.46  0.07]
 [ 0.47  0.    0.88  0.81]
 [ 0.    0.    0.    1.  ]]
2025-04-17T19:03:03.403749 - Pose:
tensor([[[ 0.0570, -0.9980, -0.0281,  0.0995],
         [ 0.8831,  0.0635, -0.4649,  0.0723],
         [ 0.4658,  0.0017,  0.8849,  0.8102],
         [ 0.0000,  0.0000,  0.0000,  1.0000]]])
2025-04-17T19:03:03.471033 - Final transform:
[[ 0.06 -1.   -0.03  0.1 ]
 [ 0.89  0.06 -0.45  0.07]
 [ 0.45  0.    0.89  0.81]
 [ 0.    0.    0.    1.  ]]
2025-04-17T19:03:03.471033 - Pose:
tensor([[[ 0.0566, -0.9981, -0.0261,  0.1000],
         [ 0.8892,  0.0623, -0.4533,  0.0723],
         [ 0.4541,  0.0025,  0.8910,  0.8109],
         [ 0.0000,  0.0000,  0.0000,  1.0000]]])
2025-04-17T19:03:03.540573 - Final transform:
[[ 0.05 -1.   -0.03  0.1 ]
 [ 0.89  0.06 -0.46  0.07]
 [ 0.46 -0.01  0.89  0.81]
 [ 0.    0.    0.    1.  ]]
2025-04-17T19:03:03.540573 - Pose:
tensor([[[ 0.0528, -0.9980, -0.0332,  0.0997],
         [ 0.8862,  0.0622, -0.4592,  0.0723],
         [ 0.4603, -0.0052,  0.8877,  0.8108],
         [ 0.0000,  0.0000,  0.0000,  1.0000]]])
2025-04-17T19:03:03.608065 - Final transform:
[[ 0.06 -1.   -0.03  0.1 ]
 [ 0.88  0.06 -0.47  0.07]
 [ 0.47 -0.    0.88  0.81]
 [ 0.    0.    0.    1.  ]]
2025-04-17T19:03:03.608065 - Pose:
tensor([[[ 0.0551, -0.9979, -0.0343,  0.0996],
         [ 0.8822,  0.0647, -0.4663,  0.0717],
         [ 0.4676, -0.0046,  0.8839,  0.8105],
         [ 0.0000,  0.0000,  0.0000,  1.0000]]])
2025-04-17T19:03:03.675076 - Final transform:
[[ 0.06 -1.   -0.03  0.1 ]
 [ 0.88  0.07 -0.46  0.07]
 [ 0.46  0.    0.89  0.81]
 [ 0.    0.    0.    1.  ]]
2025-04-17T19:03:03.675076 - Pose:
tensor([[[ 0.0599, -0.9978, -0.0288,  0.1000],
         [ 0.8842,  0.0665, -0.4624,  0.0722],
         [ 0.4633,  0.0023,  0.8862,  0.8102],
         [ 0.0000,  0.0000,  0.0000,  1.0000]]])
2025-04-17T19:03:03.742030 - Final transform:
[[ 0.06 -1.   -0.03  0.1 ]
 [ 0.89  0.07 -0.46  0.07]
 [ 0.46  0.    0.89  0.81]
 [ 0.    0.    0.    1.  ]]
2025-04-17T19:03:03.742030 - Pose:
tensor([[[ 0.0623, -0.9977, -0.0282,  0.1000],
         [ 0.8872,  0.0683, -0.4563,  0.0723],
         [ 0.4571,  0.0034,  0.8894,  0.8104],
         [ 0.0000,  0.0000,  0.0000,  1.0000]]])
2025-04-17T19:03:03.810830 - Final transform:
[[ 0.06 -1.   -0.02  0.1 ]
 [ 0.89  0.06 -0.46  0.07]
 [ 0.46  0.01  0.89  0.81]
 [ 0.    0.    0.    1.  ]]
2025-04-17T19:03:03.810830 - Pose:
tensor([[[ 0.0612, -0.9979, -0.0220,  0.1000],
         [ 0.8854,  0.0644, -0.4602,  0.0721],
         [ 0.4607,  0.0087,  0.8875,  0.8101],
         [ 0.0000,  0.0000,  0.0000,  1.0000]]])
2025-04-17T19:03:03.877211 - Final transform:
[[ 0.04 -1.   -0.04  0.1 ]
 [ 0.89  0.05 -0.45  0.07]
 [ 0.46 -0.01  0.89  0.81]
 [ 0.    0.    0.    1.  ]]
2025-04-17T19:03:03.877211 - Pose:
tensor([[[ 0.0382, -0.9986, -0.0352,  0.0996],
         [ 0.8892,  0.0501, -0.4548,  0.0723],
         [ 0.4559, -0.0139,  0.8899,  0.8109],
         [ 0.0000,  0.0000,  0.0000,  1.0000]]])
2025-04-17T19:03:03.946998 - Final transform:
[[ 0.06 -1.   -0.03  0.1 ]
 [ 0.88  0.07 -0.46  0.07]
 [ 0.46 -0.    0.89  0.81]
 [ 0.    0.    0.    1.  ]]
2025-04-17T19:03:03.946998 - Pose:
tensor([[[ 0.0593, -0.9977, -0.0337,  0.1000],
         [ 0.8834,  0.0682, -0.4637,  0.0724],
         [ 0.4649, -0.0022,  0.8854,  0.8106],
         [ 0.0000,  0.0000,  0.0000,  1.0000]]])
2025-04-17T19:03:04.019483 - Final transform:
[[ 0.06 -1.   -0.03  0.1 ]
 [ 0.89  0.06 -0.45  0.07]
 [ 0.45  0.    0.89  0.81]
 [ 0.    0.    0.    1.  ]]
2025-04-17T19:03:04.019483 - Pose:
tensor([[[ 0.0598, -0.9979, -0.0257,  0.1000],
         [ 0.8904,  0.0650, -0.4504,  0.0726],
         [ 0.4511,  0.0040,  0.8924,  0.8110],
         [ 0.0000,  0.0000,  0.0000,  1.0000]]])
2025-04-17T19:03:04.102100 - Final transform:
[[ 0.05 -1.   -0.03  0.1 ]
 [ 0.89  0.06 -0.46  0.07]
 [ 0.46 -0.01  0.89  0.81]
 [ 0.    0.    0.    1.  ]]
2025-04-17T19:03:04.102100 - Pose:
tensor([[[ 0.0478, -0.9983, -0.0336,  0.0997],
         [ 0.8876,  0.0579, -0.4570,  0.0728],
         [ 0.4581, -0.0080,  0.8888,  0.8105],
         [ 0.0000,  0.0000,  0.0000,  1.0000]]])
2025-04-17T19:03:04.223700 - Final transform:
[[ 0.05 -1.   -0.03  0.1 ]
 [ 0.89  0.06 -0.46  0.07]
 [ 0.46 -0.01  0.89  0.81]
 [ 0.    0.    0.    1.  ]]
2025-04-17T19:03:04.223700 - Pose:
tensor([[[ 0.0486, -0.9983, -0.0336,  0.0997],
         [ 0.8861,  0.0586, -0.4598,  0.0726],
         [ 0.4610, -0.0074,  0.8874,  0.8102],
         [ 0.0000,  0.0000,  0.0000,  1.0000]]])
2025-04-17T19:03:04.292804 - Final transform:
[[ 0.05 -1.   -0.02  0.1 ]
 [ 0.89  0.06 -0.46  0.07]
 [ 0.46  0.    0.89  0.81]
 [ 0.    0.    0.    1.  ]]
2025-04-17T19:03:04.292804 - Pose:
tensor([[[ 0.0528, -0.9983, -0.0237,  0.0995],
         [ 0.8860,  0.0578, -0.4600,  0.0723],
         [ 0.4606,  0.0033,  0.8876,  0.8115],
         [ 0.0000,  0.0000,  0.0000,  1.0000]]])
2025-04-17T19:03:04.360064 - Final transform:
[[ 0.06 -1.   -0.02  0.1 ]
 [ 0.88  0.07 -0.46  0.07]
 [ 0.46  0.01  0.89  0.81]
 [ 0.    0.    0.    1.  ]]
2025-04-17T19:03:04.360064 - Pose:
tensor([[[ 0.0615, -0.9978, -0.0229,  0.1000],
         [ 0.8842,  0.0651, -0.4626,  0.0722],
         [ 0.4631,  0.0082,  0.8863,  0.8106],
         [ 0.0000,  0.0000,  0.0000,  1.0000]]])
2025-04-17T19:03:04.428163 - Final transform:
[[ 0.05 -1.   -0.04  0.1 ]
 [ 0.89  0.06 -0.45  0.07]
 [ 0.46 -0.01  0.89  0.81]
 [ 0.    0.    0.    1.  ]]
2025-04-17T19:03:04.428163 - Pose:
tensor([[[ 0.0461, -0.9982, -0.0377,  0.0995],
         [ 0.8889,  0.0582, -0.4545,  0.0729],
         [ 0.4559, -0.0126,  0.8900,  0.8113],
         [ 0.0000,  0.0000,  0.0000,  1.0000]]])
2025-04-17T19:03:04.497877 - Final transform:
[[ 0.05 -1.   -0.03  0.1 ]
 [ 0.89  0.06 -0.44  0.07]
 [ 0.44 -0.    0.9   0.81]
 [ 0.    0.    0.    1.  ]]
2025-04-17T19:03:04.497877 - Pose:
tensor([[[ 0.0511, -0.9983, -0.0271,  0.0999],
         [ 0.8945,  0.0578, -0.4434,  0.0735],
         [ 0.4442, -0.0016,  0.8959,  0.8111],
         [ 0.0000,  0.0000,  0.0000,  1.0000]]])
2025-04-17T19:03:04.567331 - Final transform:
[[ 0.04 -1.    0.02  0.1 ]
 [ 0.89  0.03 -0.45  0.07]
 [ 0.45  0.04  0.89  0.81]
 [ 0.    0.    0.    1.  ]]
2025-04-17T19:03:04.567331 - Pose:
tensor([[[ 0.0446, -0.9989,  0.0173,  0.1003],
         [ 0.8904,  0.0319, -0.4541,  0.0739],
         [ 0.4531,  0.0357,  0.8908,  0.8093],
         [ 0.0000,  0.0000,  0.0000,  1.0000]]])
2025-04-17T19:03:04.637051 - Final transform:
[[ 0.05 -1.    0.08  0.1 ]
 [ 0.86  0.   -0.52  0.07]
 [ 0.51  0.1   0.85  0.8 ]
 [ 0.    0.    0.    1.  ]]
2025-04-17T19:03:04.637051 - Pose:
tensor([[[ 0.0535, -0.9950,  0.0842,  0.0988],
         [ 0.8566,  0.0024, -0.5160,  0.0742],
         [ 0.5132,  0.0997,  0.8525,  0.8029],
         [ 0.0000,  0.0000,  0.0000,  1.0000]]])
2025-04-17T19:03:04.706624 - Final transform:
[[ 0.06 -0.99  0.09  0.1 ]
 [ 0.82  0.   -0.57  0.07]
 [ 0.57  0.11  0.81  0.8 ]
 [ 0.    0.    0.    1.  ]]
2025-04-17T19:03:04.706624 - Pose:
tensor([[[ 6.3332e-02, -9.9387e-01,  9.0558e-02,  9.8551e-02],
         [ 8.1973e-01,  4.8655e-05, -5.7275e-01,  7.3734e-02],
         [ 5.6923e-01,  1.1051e-01,  8.1472e-01,  7.9914e-01],
         [ 0.0000e+00,  0.0000e+00,  0.0000e+00,  1.0000e+00]]])
2025-04-17T19:03:04.774423 - Final transform:
[[ 0.08 -0.99  0.09  0.1 ]
 [ 0.77  0.   -0.64  0.07]
 [ 0.63  0.12  0.77  0.8 ]
 [ 0.    0.    0.    1.  ]]
2025-04-17T19:03:04.774423 - Pose:
tensor([[[ 0.0797, -0.9924,  0.0934,  0.0981],
         [ 0.7717,  0.0022, -0.6360,  0.0744],
         [ 0.6310,  0.1228,  0.7660,  0.7958],
         [ 0.0000,  0.0000,  0.0000,  1.0000]]])
2025-04-17T19:03:04.840993 - Final transform:
[[ 0.08 -0.99  0.1   0.1 ]
 [ 0.74 -0.   -0.67  0.07]
 [ 0.67  0.13  0.73  0.8 ]
 [ 0.    0.    0.    1.  ]]
2025-04-17T19:03:04.840993 - Pose:
tensor([[[ 0.0832, -0.9920,  0.0952,  0.0985],
         [ 0.7406, -0.0023, -0.6719,  0.0749],
         [ 0.6668,  0.1264,  0.7345,  0.7942],
         [ 0.0000,  0.0000,  0.0000,  1.0000]]])
2025-04-17T19:03:04.909727 - Final transform:
[[ 0.08 -0.99  0.08  0.1 ]
 [ 0.73  0.   -0.68  0.07]
 [ 0.68  0.11  0.73  0.79]
 [ 0.    0.    0.    1.  ]]
2025-04-17T19:03:04.909727 - Pose:
tensor([[[ 0.0786, -0.9936,  0.0811,  0.0978],
         [ 0.7297,  0.0019, -0.6838,  0.0757],
         [ 0.6792,  0.1129,  0.7252,  0.7900],
         [ 0.0000,  0.0000,  0.0000,  1.0000]]])
2025-04-17T19:03:04.976131 - Final transform:
[[ 0.08 -0.99  0.07  0.1 ]
 [ 0.71  0.01 -0.7   0.07]
 [ 0.69  0.11  0.71  0.79]
 [ 0.    0.    0.    1.  ]]
2025-04-17T19:03:04.976131 - Pose:
tensor([[[ 0.0827, -0.9941,  0.0697,  0.0972],
         [ 0.7143,  0.0104, -0.6997,  0.0764],
         [ 0.6949,  0.1076,  0.7110,  0.7887],
         [ 0.0000,  0.0000,  0.0000,  1.0000]]])
2025-04-17T19:03:05.043862 - Final transform:
[[ 0.09 -0.99  0.06  0.1 ]
 [ 0.67  0.01 -0.74  0.08]
 [ 0.73  0.11  0.67  0.79]
 [ 0.    0.    0.    1.  ]]
2025-04-17T19:03:05.043862 - Pose:
tensor([[[ 0.0865, -0.9943,  0.0625,  0.0967],
         [ 0.6744,  0.0123, -0.7382,  0.0776],
         [ 0.7333,  0.1061,  0.6716,  0.7872],
         [ 0.0000,  0.0000,  0.0000,  1.0000]]])
2025-04-17T19:03:05.110398 - Final transform:
[[ 0.1  -0.99  0.06  0.1 ]
 [ 0.61  0.01 -0.79  0.08]
 [ 0.79  0.11  0.61  0.78]
 [ 0.    0.    0.    1.  ]]
2025-04-17T19:03:05.110398 - Pose:
tensor([[[ 0.0955, -0.9938,  0.0567,  0.0982],
         [ 0.6099,  0.0134, -0.7924,  0.0800],
         [ 0.7867,  0.1103,  0.6074,  0.7832],
         [ 0.0000,  0.0000,  0.0000,  1.0000]]])
2025-04-17T19:03:05.178188 - Final transform:
[[ 0.14 -0.99  0.07  0.1 ]
 [ 0.47  0.01 -0.88  0.08]
 [ 0.87  0.16  0.46  0.78]
 [ 0.    0.    0.    1.  ]]
2025-04-17T19:03:05.178188 - Pose:
tensor([[[ 0.1409, -0.9878,  0.0669,  0.0988],
         [ 0.4696,  0.0072, -0.8828,  0.0855],
         [ 0.8715,  0.1558,  0.4649,  0.7769],
         [ 0.0000,  0.0000,  0.0000,  1.0000]]])
2025-04-17T19:03:05.261998 - Final transform:
[[ 0.14 -0.99  0.04  0.1 ]
 [ 0.21 -0.01 -0.98  0.1 ]
 [ 0.97  0.14  0.21  0.77]
 [ 0.    0.    0.    1.  ]]
2025-04-17T19:03:05.261998 - Pose:
tensor([[[ 0.1386, -0.9894,  0.0443,  0.1010],
         [ 0.2111, -0.0142, -0.9774,  0.1020],
         [ 0.9676,  0.1448,  0.2069,  0.7699],
         [ 0.0000,  0.0000,  0.0000,  1.0000]]])
2025-04-17T19:03:05.333150 - Final transform:
[[-0.   -1.    0.01  0.1 ]
 [-0.29 -0.01 -0.96  0.11]
 [ 0.96 -0.   -0.29  0.82]
 [ 0.    0.    0.    1.  ]]
2025-04-17T19:03:05.333150 - Pose:
tensor([[[-0.0011, -0.9999,  0.0105,  0.1026],
         [-0.2873, -0.0097, -0.9578,  0.1137],
         [ 0.9578, -0.0040, -0.2872,  0.8255],
         [ 0.0000,  0.0000,  0.0000,  1.0000]]])
2025-04-17T19:03:05.403713 - Final transform:
[[ 0.04 -1.    0.02  0.1 ]
 [-0.19 -0.03 -0.98  0.11]
 [ 0.98  0.03 -0.19  0.82]
 [ 0.    0.    0.    1.  ]]
2025-04-17T19:03:05.403713 - Pose:
tensor([[[ 0.0350, -0.9992,  0.0215,  0.0956],
         [-0.1894, -0.0277, -0.9815,  0.1158],
         [ 0.9813,  0.0303, -0.1902,  0.8203],
         [ 0.0000,  0.0000,  0.0000,  1.0000]]])
2025-04-17T19:03:05.470595 - Final transform:
[[ 0.04 -1.    0.02  0.1 ]
 [-0.16 -0.03 -0.99  0.11]
 [ 0.99  0.04 -0.16  0.82]
 [ 0.    0.    0.    1.  ]]
2025-04-17T19:03:05.470595 - Pose:
tensor([[[ 0.0441, -0.9988,  0.0219,  0.0963],
         [-0.1595, -0.0287, -0.9868,  0.1160],
         [ 0.9862,  0.0400, -0.1606,  0.8181],
         [ 0.0000,  0.0000,  0.0000,  1.0000]]])
2025-04-17T19:03:05.539568 - Final transform:
[[ 0.03 -1.    0.02  0.1 ]
 [-0.16 -0.03 -0.99  0.11]
 [ 0.99  0.03 -0.16  0.82]
 [ 0.    0.    0.    1.  ]]
2025-04-17T19:03:05.539568 - Pose:
tensor([[[ 0.0346, -0.9991,  0.0249,  0.0962],
         [-0.1618, -0.0302, -0.9864,  0.1154],
         [ 0.9862,  0.0301, -0.1627,  0.8182],
         [ 0.0000,  0.0000,  0.0000,  1.0000]]])
2025-04-17T19:03:05.608349 - Final transform:
[[ 0.02 -1.    0.02  0.1 ]
 [-0.17 -0.03 -0.98  0.11]
 [ 0.98  0.02 -0.17  0.82]
 [ 0.    0.    0.    1.  ]]
2025-04-17T19:03:05.608349 - Pose:
tensor([[[ 0.0211, -0.9995,  0.0233,  0.0950],
         [-0.1732, -0.0266, -0.9845,  0.1153],
         [ 0.9847,  0.0167, -0.1737,  0.8178],
         [ 0.0000,  0.0000,  0.0000,  1.0000]]])
2025-04-17T19:03:05.672215 - Final transform:
[[ 0.03 -1.    0.02  0.1 ]
 [-0.17 -0.02 -0.99  0.11]
 [ 0.99  0.02 -0.17  0.82]
 [ 0.    0.    0.    1.  ]]
2025-04-17T19:03:05.672215 - Pose:
tensor([[[ 0.0261, -0.9995,  0.0180,  0.0972],
         [-0.1704, -0.0222, -0.9851,  0.1150],
         [ 0.9850,  0.0226, -0.1709,  0.8166],
         [ 0.0000,  0.0000,  0.0000,  1.0000]]])
2025-04-17T19:03:05.739954 - Final transform:
[[ 0.01 -1.    0.03  0.1 ]
 [-0.17 -0.03 -0.98  0.11]
 [ 0.98  0.01 -0.17  0.82]
 [ 0.    0.    0.    1.  ]]
2025-04-17T19:03:05.739954 - Pose:
tensor([[[ 0.0145, -0.9995,  0.0284,  0.0948],
         [-0.1726, -0.0305, -0.9845,  0.1164],
         [ 0.9849,  0.0094, -0.1730,  0.8174],
         [ 0.0000,  0.0000,  0.0000,  1.0000]]])
2025-04-17T19:03:05.806904 - Final transform:
[[ 0.06 -1.    0.02  0.1 ]
 [-0.15 -0.03 -0.99  0.11]
 [ 0.99  0.05 -0.15  0.82]
 [ 0.    0.    0.    1.  ]]
2025-04-17T19:03:05.806904 - Pose:
tensor([[[ 0.0553, -0.9982,  0.0243,  0.0962],
         [-0.1493, -0.0324, -0.9883,  0.1157],
         [ 0.9872,  0.0510, -0.1509,  0.8188],
         [ 0.0000,  0.0000,  0.0000,  1.0000]]])
2025-04-17T19:03:05.877801 - Final transform:
[[ 0.05 -1.    0.02  0.1 ]
 [-0.17 -0.03 -0.98  0.12]
 [ 0.98  0.05 -0.17  0.82]
 [ 0.    0.    0.    1.  ]]
2025-04-17T19:03:05.877801 - Pose:
tensor([[[ 0.0517, -0.9985,  0.0198,  0.0958],
         [-0.1729, -0.0285, -0.9845,  0.1171],
         [ 0.9836,  0.0475, -0.1741,  0.8207],
         [ 0.0000,  0.0000,  0.0000,  1.0000]]])
2025-04-17T19:03:05.946411 - Final transform:
[[ 0.05 -1.    0.03  0.1 ]
 [-0.16 -0.03 -0.99  0.11]
 [ 0.99  0.04 -0.16  0.82]
 [ 0.    0.    0.    1.  ]]
2025-04-17T19:03:05.946411 - Pose:
tensor([[[ 0.0485, -0.9985,  0.0262,  0.0976],
         [-0.1559, -0.0335, -0.9872,  0.1150],
         [ 0.9866,  0.0438, -0.1573,  0.8169],
         [ 0.0000,  0.0000,  0.0000,  1.0000]]])
2025-04-17T19:03:06.016495 - Final transform:
[[ 0.05 -1.    0.02  0.1 ]
 [-0.18 -0.03 -0.98  0.11]
 [ 0.98  0.05 -0.18  0.82]
 [ 0.    0.    0.    1.  ]]
2025-04-17T19:03:06.016495 - Pose:
tensor([[[ 0.0524, -0.9985,  0.0163,  0.0954],
         [-0.1771, -0.0253, -0.9839,  0.1165],
         [ 0.9828,  0.0487, -0.1781,  0.8184],
         [ 0.0000,  0.0000,  0.0000,  1.0000]]])
2025-04-17T19:03:06.085833 - Final transform:
[[ 0.03 -1.    0.02  0.1 ]
 [-0.17 -0.03 -0.98  0.11]
 [ 0.98  0.02 -0.17  0.82]
 [ 0.    0.    0.    1.  ]]
2025-04-17T19:03:06.085833 - Pose:
tensor([[[ 0.0294, -0.9993,  0.0240,  0.0952],
         [-0.1707, -0.0287, -0.9849,  0.1156],
         [ 0.9849,  0.0249, -0.1715,  0.8157],
         [ 0.0000,  0.0000,  0.0000,  1.0000]]])
2025-04-17T19:03:06.154048 - Final transform:
[[ 0.02 -1.    0.02  0.1 ]
 [-0.16 -0.02 -0.99  0.11]
 [ 0.99  0.02 -0.16  0.82]
 [ 0.    0.    0.    1.  ]]
2025-04-17T19:03:06.154048 - Pose:
tensor([[[ 0.0193, -0.9996,  0.0185,  0.0970],
         [-0.1626, -0.0214, -0.9865,  0.1152],
         [ 0.9865,  0.0160, -0.1630,  0.8158],
         [ 0.0000,  0.0000,  0.0000,  1.0000]]])
2025-04-17T19:03:06.223129 - Final transform:
[[ 0.03 -1.    0.02  0.1 ]
 [-0.17 -0.03 -0.99  0.11]
 [ 0.99  0.03 -0.17  0.82]
 [ 0.    0.    0.    1.  ]]
2025-04-17T19:03:06.223129 - Pose:
tensor([[[ 0.0300, -0.9993,  0.0241,  0.0966],
         [-0.1662, -0.0288, -0.9857,  0.1151],
         [ 0.9856,  0.0256, -0.1669,  0.8159],
         [ 0.0000,  0.0000,  0.0000,  1.0000]]])
2025-04-17T19:03:06.290856 - Final transform:
[[ 0.03 -1.    0.02  0.1 ]
 [-0.19 -0.03 -0.98  0.12]
 [ 0.98  0.02 -0.19  0.82]
 [ 0.    0.    0.    1.  ]]
2025-04-17T19:03:06.290856 - Pose:
tensor([[[ 0.0250, -0.9994,  0.0229,  0.0947],
         [-0.1902, -0.0273, -0.9814,  0.1174],
         [ 0.9814,  0.0202, -0.1908,  0.8189],
         [ 0.0000,  0.0000,  0.0000,  1.0000]]])
2025-04-17T19:03:06.358742 - Final transform:
[[ 0.06 -1.    0.03  0.1 ]
 [-0.16 -0.04 -0.99  0.11]
 [ 0.99  0.06 -0.16  0.82]
 [ 0.    0.    0.    1.  ]]
2025-04-17T19:03:06.358742 - Pose:
tensor([[[ 0.0605, -0.9977,  0.0289,  0.0981],
         [-0.1575, -0.0382, -0.9868,  0.1153],
         [ 0.9857,  0.0551, -0.1594,  0.8191],
         [ 0.0000,  0.0000,  0.0000,  1.0000]]])
2025-04-17T19:03:06.425803 - Final transform:
[[ 0.04 -1.    0.02  0.1 ]
 [-0.18 -0.03 -0.98  0.11]
 [ 0.98  0.03 -0.18  0.82]
 [ 0.    0.    0.    1.  ]]
2025-04-17T19:03:06.425803 - Pose:
tensor([[[ 0.0376, -0.9990,  0.0248,  0.0955],
         [-0.1771, -0.0311, -0.9837,  0.1157],
         [ 0.9835,  0.0326, -0.1781,  0.8195],
         [ 0.0000,  0.0000,  0.0000,  1.0000]]])
2025-04-17T19:03:06.491931 - Final transform:
[[ 0.05 -1.    0.03  0.1 ]
 [-0.16 -0.03 -0.99  0.11]
 [ 0.99  0.04 -0.16  0.82]
 [ 0.    0.    0.    1.  ]]
2025-04-17T19:03:06.491931 - Pose:
tensor([[[ 0.0482, -0.9985,  0.0255,  0.0956],
         [-0.1567, -0.0327, -0.9871,  0.1154],
         [ 0.9865,  0.0435, -0.1580,  0.8190],
         [ 0.0000,  0.0000,  0.0000,  1.0000]]])
2025-04-17T19:03:06.560324 - Final transform:
[[ 0.03 -1.    0.01  0.1 ]
 [-0.18 -0.02 -0.98  0.11]
 [ 0.98  0.03 -0.18  0.81]
 [ 0.    0.    0.    1.  ]]
2025-04-17T19:03:06.560324 - Pose:
tensor([[[ 0.0338, -0.9993,  0.0132,  0.0955],
         [-0.1807, -0.0191, -0.9833,  0.1151],
         [ 0.9829,  0.0308, -0.1813,  0.8137],
         [ 0.0000,  0.0000,  0.0000,  1.0000]]])
2025-04-17T19:03:06.629672 - Final transform:
[[ 0.05 -1.    0.02  0.1 ]
 [-0.15 -0.03 -0.99  0.11]
 [ 0.99  0.05 -0.15  0.82]
 [ 0.    0.    0.    1.  ]]
2025-04-17T19:03:06.629672 - Pose:
tensor([[[ 0.0517, -0.9984,  0.0237,  0.0973],
         [-0.1530, -0.0314, -0.9877,  0.1143],
         [ 0.9869,  0.0475, -0.1544,  0.8178],
         [ 0.0000,  0.0000,  0.0000,  1.0000]]])
2025-04-17T19:03:06.698433 - Final transform:
[[ 0.04 -1.    0.02  0.1 ]
 [-0.17 -0.02 -0.99  0.11]
 [ 0.99  0.03 -0.17  0.82]
 [ 0.    0.    0.    1.  ]]
2025-04-17T19:03:06.698433 - Pose:
tensor([[[ 0.0384, -0.9991,  0.0188,  0.0970],
         [-0.1655, -0.0249, -0.9859,  0.1161],
         [ 0.9855,  0.0348, -0.1663,  0.8186],
         [ 0.0000,  0.0000,  0.0000,  1.0000]]])
2025-04-17T19:03:06.766831 - Final transform:
[[ 0.02 -1.    0.02  0.1 ]
 [-0.18 -0.02 -0.98  0.11]
 [ 0.98  0.01 -0.18  0.82]
 [ 0.    0.    0.    1.  ]]
2025-04-17T19:03:06.766831 - Pose:
tensor([[[ 0.0183, -0.9996,  0.0209,  0.0960],
         [-0.1778, -0.0238, -0.9838,  0.1159],
         [ 0.9839,  0.0143, -0.1781,  0.8200],
         [ 0.0000,  0.0000,  0.0000,  1.0000]]])
2025-04-17T19:03:06.834290 - Final transform:
[[ 0.03 -1.    0.02  0.1 ]
 [-0.18 -0.03 -0.98  0.11]
 [ 0.98  0.03 -0.18  0.82]
 [ 0.    0.    0.    1.  ]]
2025-04-17T19:03:06.834290 - Pose:
tensor([[[ 0.0312, -0.9992,  0.0238,  0.0960],
         [-0.1841, -0.0291, -0.9825,  0.1153],
         [ 0.9824,  0.0263, -0.1849,  0.8158],
         [ 0.0000,  0.0000,  0.0000,  1.0000]]])
2025-04-17T19:03:06.901157 - Final transform:
[[ 0.03 -1.    0.02  0.1 ]
 [-0.19 -0.03 -0.98  0.11]
 [ 0.98  0.02 -0.19  0.82]
 [ 0.    0.    0.    1.  ]]
2025-04-17T19:03:06.901157 - Pose:
tensor([[[ 0.0283, -0.9993,  0.0226,  0.0970],
         [-0.1856, -0.0275, -0.9822,  0.1158],
         [ 0.9822,  0.0236, -0.1863,  0.8166],
         [ 0.0000,  0.0000,  0.0000,  1.0000]]])
2025-04-17T19:03:06.974089 - Final transform:
[[ 0.03 -1.    0.02  0.1 ]
 [-0.16 -0.02 -0.99  0.11]
 [ 0.99  0.03 -0.16  0.82]
 [ 0.    0.    0.    1.  ]]
2025-04-17T19:03:06.974089 - Pose:
tensor([[[ 0.0330, -0.9993,  0.0169,  0.0972],
         [-0.1644, -0.0221, -0.9862,  0.1158],
         [ 0.9858,  0.0297, -0.1650,  0.8191],
         [ 0.0000,  0.0000,  0.0000,  1.0000]]])
2025-04-17T19:03:07.047659 - Final transform:
[[ 0.05 -1.    0.02  0.1 ]
 [-0.16 -0.03 -0.99  0.11]
 [ 0.99  0.04 -0.16  0.82]
 [ 0.    0.    0.    1.  ]]
2025-04-17T19:03:07.047659 - Pose:
tensor([[[ 0.0489, -0.9986,  0.0209,  0.0977],
         [-0.1570, -0.0284, -0.9872,  0.1159],
         [ 0.9864,  0.0450, -0.1582,  0.8167],
         [ 0.0000,  0.0000,  0.0000,  1.0000]]])
2025-04-17T19:03:07.114591 - Final transform:
[[ 0.03 -1.    0.03  0.1 ]
 [-0.17 -0.03 -0.99  0.11]
 [ 0.99  0.02 -0.17  0.82]
 [ 0.    0.    0.    1.  ]]
2025-04-17T19:03:07.114591 - Pose:
tensor([[[ 0.0274, -0.9992,  0.0279,  0.0961],
         [-0.1675, -0.0321, -0.9853,  0.1156],
         [ 0.9855,  0.0224, -0.1683,  0.8188],
         [ 0.0000,  0.0000,  0.0000,  1.0000]]])
2025-04-17T19:03:07.183118 - Final transform:
[[ 0.03 -1.    0.02  0.1 ]
 [-0.18 -0.03 -0.98  0.11]
 [ 0.98  0.02 -0.18  0.82]
 [ 0.    0.    0.    1.  ]]
2025-04-17T19:03:07.183118 - Pose:
tensor([[[ 0.0292, -0.9993,  0.0227,  0.0964],
         [-0.1800, -0.0276, -0.9833,  0.1157],
         [ 0.9832,  0.0246, -0.1806,  0.8161],
         [ 0.0000,  0.0000,  0.0000,  1.0000]]])
2025-04-17T19:03:07.250873 - Final transform:
[[ 0.03 -1.    0.01  0.1 ]
 [-0.17 -0.02 -0.98  0.11]
 [ 0.98  0.03 -0.17  0.82]
 [ 0.    0.    0.    1.  ]]
2025-04-17T19:03:07.250873 - Pose:
tensor([[[ 0.0319, -0.9994,  0.0118,  0.0964],
         [-0.1733, -0.0172, -0.9847,  0.1154],
         [ 0.9844,  0.0294, -0.1737,  0.8159],
         [ 0.0000,  0.0000,  0.0000,  1.0000]]])
2025-04-17T19:03:07.318999 - Final transform:
[[ 0.04 -1.    0.02  0.1 ]
