2025-04-17T19:02:56.728546 - Final transform:
[[ 0.07 -1.   -0.02  0.1 ]
 [ 0.89  0.07 -0.46  0.07]
 [ 0.46  0.02  0.89  0.81]
 [ 0.    0.    0.    1.  ]]
2025-04-17T19:02:56.728546 - Pose:
tensor([[[ 0.0703, -0.9973, -0.0192,  0.1002],
         [ 0.8861,  0.0712, -0.4580,  0.0724],
         [ 0.4582,  0.0152,  0.8887,  0.8114],
         [ 0.0000,  0.0000,  0.0000,  1.0000]]])
2025-04-17T19:02:56.814077 - Final transform:
[[ 0.06 -1.   -0.03  0.1 ]
 [ 0.89  0.07 -0.46  0.07]
 [ 0.46  0.    0.89  0.81]
 [ 0.    0.    0.    1.  ]]
2025-04-17T19:02:56.814077 - Pose:
tensor([[[ 0.0597, -0.9978, -0.0290,  0.1000],
         [ 0.8855,  0.0663, -0.4598,  0.0722],
         [ 0.4607,  0.0017,  0.8875,  0.8102],
         [ 0.0000,  0.0000,  0.0000,  1.0000]]])
2025-04-17T19:02:56.882459 - Final transform:
[[ 0.06 -1.   -0.02  0.1 ]
 [ 0.89  0.06 -0.46  0.07]
 [ 0.46  0.01  0.89  0.81]
 [ 0.    0.    0.    1.  ]]
2025-04-17T19:02:56.882459 - Pose:
tensor([[[ 0.0559, -0.9982, -0.0219,  0.0999],
         [ 0.8872,  0.0598, -0.4574,  0.0723],
         [ 0.4579,  0.0062,  0.8890,  0.8098],
         [ 0.0000,  0.0000,  0.0000,  1.0000]]])
2025-04-17T19:02:56.954163 - Final transform:
[[ 0.05 -1.   -0.03  0.1 ]
 [ 0.88  0.06 -0.47  0.07]
 [ 0.47 -0.    0.88  0.81]
 [ 0.    0.    0.    1.  ]]
2025-04-17T19:02:56.954163 - Pose:
tensor([[[ 0.0532, -0.9981, -0.0310,  0.0998],
         [ 0.8819,  0.0615, -0.4675,  0.0722],
         [ 0.4685, -0.0025,  0.8835,  0.8106],
         [ 0.0000,  0.0000,  0.0000,  1.0000]]])
2025-04-17T19:02:57.023101 - Final transform:
[[ 0.06 -1.   -0.03  0.1 ]
 [ 0.88  0.07 -0.46  0.07]
 [ 0.47  0.    0.89  0.81]
 [ 0.    0.    0.    1.  ]]
2025-04-17T19:02:57.023101 - Pose:
tensor([[[ 0.0613, -0.9977, -0.0282,  0.0999],
         [ 0.8829,  0.0674, -0.4646,  0.0723],
         [ 0.4655,  0.0036,  0.8850,  0.8114],
         [ 0.0000,  0.0000,  0.0000,  1.0000]]])
2025-04-17T19:02:57.092735 - Final transform:
[[ 0.06 -1.   -0.02  0.1 ]
 [ 0.89  0.06 -0.46  0.07]
 [ 0.46  0.01  0.89  0.81]
 [ 0.    0.    0.    1.  ]]
2025-04-17T19:02:57.092735 - Pose:
tensor([[[ 0.0620, -0.9979, -0.0178,  0.0997],
         [ 0.8853,  0.0632, -0.4607,  0.0722],
         [ 0.4609,  0.0128,  0.8874,  0.8109],
         [ 0.0000,  0.0000,  0.0000,  1.0000]]])
2025-04-17T19:02:57.161304 - Final transform:
[[ 0.06 -1.   -0.03  0.1 ]
 [ 0.88  0.06 -0.47  0.07]
 [ 0.47 -0.    0.88  0.81]
 [ 0.    0.    0.    1.  ]]
2025-04-17T19:02:57.161304 - Pose:
tensor([[[ 5.6718e-02, -9.9790e-01, -3.1120e-02,  1.0003e-01],
         [ 8.8155e-01,  6.4688e-02, -4.6764e-01,  7.1825e-02],
         [ 4.6868e-01, -9.1033e-04,  8.8337e-01,  8.1097e-01],
         [ 0.0000e+00,  0.0000e+00,  0.0000e+00,  1.0000e+00]]])
2025-04-17T19:02:57.234103 - Final transform:
[[ 0.06 -1.   -0.03  0.1 ]
 [ 0.88  0.07 -0.47  0.07]
 [ 0.47  0.01  0.88  0.81]
 [ 0.    0.    0.    1.  ]]
2025-04-17T19:02:57.234103 - Pose:
tensor([[[ 0.0638, -0.9976, -0.0264,  0.1003],
         [ 0.8821,  0.0688, -0.4661,  0.0718],
         [ 0.4668,  0.0064,  0.8843,  0.8102],
         [ 0.0000,  0.0000,  0.0000,  1.0000]]])
2025-04-17T19:02:57.309722 - Final transform:
[[ 0.06 -1.   -0.03  0.1 ]
 [ 0.88  0.07 -0.46  0.07]
 [ 0.46  0.01  0.89  0.81]
 [ 0.    0.    0.    1.  ]]
2025-04-17T19:02:57.309722 - Pose:
tensor([[[ 0.0628, -0.9977, -0.0261,  0.0999],
         [ 0.8845,  0.0678, -0.4616,  0.0722],
         [ 0.4623,  0.0059,  0.8867,  0.8106],
         [ 0.0000,  0.0000,  0.0000,  1.0000]]])
2025-04-17T19:02:57.378681 - Final transform:
[[ 0.07 -1.   -0.01  0.1 ]
 [ 0.89  0.07 -0.46  0.07]
 [ 0.46  0.02  0.89  0.81]
 [ 0.    0.    0.    1.  ]]
2025-04-17T19:02:57.378681 - Pose:
tensor([[[ 0.0696, -0.9975, -0.0126,  0.1003],
         [ 0.8872,  0.0677, -0.4564,  0.0723],
         [ 0.4561,  0.0205,  0.8897,  0.8102],
         [ 0.0000,  0.0000,  0.0000,  1.0000]]])
2025-04-17T19:02:57.449739 - Final transform:
[[ 0.06 -1.   -0.03  0.1 ]
 [ 0.88  0.06 -0.46  0.07]
 [ 0.46  0.01  0.89  0.81]
 [ 0.    0.    0.    1.  ]]
2025-04-17T19:02:57.449739 - Pose:
tensor([[[ 0.0589, -0.9979, -0.0251,  0.1000],
         [ 0.8835,  0.0639, -0.4641,  0.0720],
         [ 0.4647,  0.0051,  0.8854,  0.8103],
         [ 0.0000,  0.0000,  0.0000,  1.0000]]])
2025-04-17T19:02:57.520898 - Final transform:
[[ 0.05 -1.   -0.02  0.1 ]
 [ 0.89  0.06 -0.46  0.07]
 [ 0.46  0.01  0.89  0.81]
 [ 0.    0.    0.    1.  ]]
2025-04-17T19:02:57.520898 - Pose:
tensor([[[ 0.0545, -0.9983, -0.0183,  0.0999],
         [ 0.8855,  0.0568, -0.4612,  0.0725],
         [ 0.4615,  0.0090,  0.8871,  0.8098],
         [ 0.0000,  0.0000,  0.0000,  1.0000]]])
2025-04-17T19:02:57.588936 - Final transform:
[[ 0.06 -1.   -0.01  0.1 ]
 [ 0.89  0.06 -0.46  0.07]
 [ 0.46  0.02  0.89  0.81]
 [ 0.    0.    0.    1.  ]]
2025-04-17T19:02:57.588936 - Pose:
tensor([[[ 0.0632, -0.9979, -0.0140,  0.0999],
         [ 0.8857,  0.0626, -0.4600,  0.0724],
         [ 0.4599,  0.0166,  0.8878,  0.8099],
         [ 0.0000,  0.0000,  0.0000,  1.0000]]])
2025-04-17T19:02:57.655509 - Final transform:
[[ 0.06 -1.   -0.02  0.1 ]
 [ 0.89  0.06 -0.46  0.07]
 [ 0.46  0.    0.89  0.81]
 [ 0.    0.    0.    1.  ]]
2025-04-17T19:02:57.655509 - Pose:
tensor([[[ 0.0580, -0.9980, -0.0245,  0.0998],
         [ 0.8865,  0.0628, -0.4585,  0.0719],
         [ 0.4591,  0.0048,  0.8884,  0.8105],
         [ 0.0000,  0.0000,  0.0000,  1.0000]]])
2025-04-17T19:02:57.724868 - Final transform:
[[ 0.06 -1.   -0.01  0.1 ]
 [ 0.89  0.06 -0.46  0.07]
 [ 0.46  0.02  0.89  0.81]
 [ 0.    0.    0.    1.  ]]
2025-04-17T19:02:57.724868 - Pose:
tensor([[[ 0.0587, -0.9982, -0.0090,  0.1005],
         [ 0.8871,  0.0563, -0.4581,  0.0722],
         [ 0.4578,  0.0189,  0.8889,  0.8102],
         [ 0.0000,  0.0000,  0.0000,  1.0000]]])
2025-04-17T19:02:57.790976 - Final transform:
[[ 0.06 -1.   -0.01  0.1 ]
 [ 0.89  0.05 -0.46  0.07]
 [ 0.46  0.02  0.89  0.81]
 [ 0.    0.    0.    1.  ]]
2025-04-17T19:02:57.790976 - Pose:
tensor([[[ 0.0571, -0.9983, -0.0090,  0.1003],
         [ 0.8873,  0.0549, -0.4580,  0.0719],
         [ 0.4577,  0.0182,  0.8889,  0.8093],
         [ 0.0000,  0.0000,  0.0000,  1.0000]]])
2025-04-17T19:02:57.860693 - Final transform:
[[ 0.05 -1.   -0.01  0.1 ]
 [ 0.89  0.05 -0.46  0.07]
 [ 0.46  0.02  0.89  0.81]
 [ 0.    0.    0.    1.  ]]
2025-04-17T19:02:57.860693 - Pose:
tensor([[[ 0.0549, -0.9985, -0.0079,  0.1004],
         [ 0.8880,  0.0524, -0.4568,  0.0723],
         [ 0.4565,  0.0181,  0.8895,  0.8104],
         [ 0.0000,  0.0000,  0.0000,  1.0000]]])
2025-04-17T19:02:57.931436 - Final transform:
[[ 0.06 -1.   -0.01  0.1 ]
 [ 0.89  0.06 -0.46  0.07]
 [ 0.46  0.01  0.89  0.81]
 [ 0.    0.    0.    1.  ]]
2025-04-17T19:02:57.931436 - Pose:
tensor([[[ 0.0569, -0.9983, -0.0126,  0.0998],
         [ 0.8864,  0.0563, -0.4595,  0.0720],
         [ 0.4594,  0.0149,  0.8881,  0.8101],
         [ 0.0000,  0.0000,  0.0000,  1.0000]]])
2025-04-17T19:02:58.000948 - Final transform:
[[ 0.05 -1.   -0.02  0.1 ]
 [ 0.88  0.06 -0.47  0.07]
 [ 0.47  0.01  0.88  0.81]
 [ 0.    0.    0.    1.  ]]
2025-04-17T19:02:58.000948 - Pose:
tensor([[[ 0.0538, -0.9983, -0.0203,  0.1002],
         [ 0.8820,  0.0570, -0.4678,  0.0722],
         [ 0.4682,  0.0073,  0.8836,  0.8105],
         [ 0.0000,  0.0000,  0.0000,  1.0000]]])
2025-04-17T19:02:58.071676 - Final transform:
[[ 0.05 -1.   -0.02  0.1 ]
 [ 0.88  0.06 -0.47  0.07]
 [ 0.47  0.    0.88  0.81]
 [ 0.    0.    0.    1.  ]]
2025-04-17T19:02:58.071676 - Pose:
tensor([[[ 0.0502, -0.9985, -0.0230,  0.0999],
         [ 0.8833,  0.0551, -0.4656,  0.0720],
         [ 0.4661,  0.0031,  0.8847,  0.8105],
         [ 0.0000,  0.0000,  0.0000,  1.0000]]])
2025-04-17T19:02:58.141541 - Final transform:
[[ 0.05 -1.   -0.02  0.1 ]
 [ 0.89  0.06 -0.46  0.07]
 [ 0.46  0.    0.89  0.81]
 [ 0.    0.    0.    1.  ]]
2025-04-17T19:02:58.141541 - Pose:
tensor([[[ 0.0535, -0.9983, -0.0224,  0.0998],
         [ 0.8856,  0.0578, -0.4608,  0.0723],
         [ 0.4613,  0.0048,  0.8872,  0.8108],
         [ 0.0000,  0.0000,  0.0000,  1.0000]]])
2025-04-17T19:02:58.209281 - Final transform:
[[ 0.06 -1.   -0.03  0.1 ]
 [ 0.89  0.07 -0.46  0.07]
 [ 0.46  0.    0.89  0.81]
 [ 0.    0.    0.    1.  ]]
2025-04-17T19:02:58.209281 - Pose:
tensor([[[ 6.0205e-02, -9.9771e-01, -3.0810e-02,  1.0018e-01],
         [ 8.8623e-01,  6.7630e-02, -4.5828e-01,  7.2116e-02],
         [ 4.5932e-01,  2.8600e-04,  8.8827e-01,  8.1142e-01],
         [ 0.0000e+00,  0.0000e+00,  0.0000e+00,  1.0000e+00]]])
2025-04-17T19:02:58.277325 - Final transform:
[[ 0.06 -1.   -0.01  0.1 ]
 [ 0.89  0.06 -0.46  0.07]
 [ 0.46  0.01  0.89  0.81]
 [ 0.    0.    0.    1.  ]]
2025-04-17T19:02:58.277325 - Pose:
tensor([[[ 0.0583, -0.9982, -0.0145,  0.1000],
         [ 0.8862,  0.0585, -0.4596,  0.0725],
         [ 0.4596,  0.0139,  0.8880,  0.8109],
         [ 0.0000,  0.0000,  0.0000,  1.0000]]])
2025-04-17T19:02:58.346133 - Final transform:
[[ 0.06 -1.   -0.03  0.1 ]
 [ 0.88  0.06 -0.46  0.07]
 [ 0.46  0.    0.89  0.81]
 [ 0.    0.    0.    1.  ]]
2025-04-17T19:02:58.346133 - Pose:
tensor([[[ 0.0577, -0.9980, -0.0260,  0.1001],
         [ 0.8836,  0.0632, -0.4640,  0.0719],
         [ 0.4647,  0.0038,  0.8855,  0.8103],
         [ 0.0000,  0.0000,  0.0000,  1.0000]]])
2025-04-17T19:02:58.416652 - Final transform:
[[ 0.06 -1.   -0.02  0.1 ]
 [ 0.88  0.06 -0.46  0.07]
 [ 0.46  0.01  0.89  0.81]
 [ 0.    0.    0.    1.  ]]
2025-04-17T19:02:58.416652 - Pose:
tensor([[[ 0.0617, -0.9979, -0.0203,  0.0999],
         [ 0.8846,  0.0640, -0.4620,  0.0719],
         [ 0.4623,  0.0105,  0.8866,  0.8100],
         [ 0.0000,  0.0000,  0.0000,  1.0000]]])
2025-04-17T19:02:58.486211 - Final transform:
[[ 0.05 -1.   -0.02  0.1 ]
 [ 0.89  0.05 -0.46  0.07]
 [ 0.46  0.    0.89  0.81]
 [ 0.    0.    0.    1.  ]]
2025-04-17T19:02:58.486211 - Pose:
tensor([[[ 0.0480, -0.9986, -0.0215,  0.0998],
         [ 0.8885,  0.0525, -0.4558,  0.0725],
         [ 0.4563,  0.0027,  0.8898,  0.8110],
         [ 0.0000,  0.0000,  0.0000,  1.0000]]])
2025-04-17T19:02:58.556116 - Final transform:
[[ 0.06 -1.   -0.02  0.1 ]
 [ 0.89  0.07 -0.46  0.07]
 [ 0.46  0.01  0.89  0.81]
 [ 0.    0.    0.    1.  ]]
2025-04-17T19:02:58.556116 - Pose:
tensor([[[ 0.0618, -0.9978, -0.0227,  0.1001],
         [ 0.8861,  0.0653, -0.4589,  0.0721],
         [ 0.4594,  0.0082,  0.8882,  0.8107],
         [ 0.0000,  0.0000,  0.0000,  1.0000]]])
2025-04-17T19:02:58.625053 - Final transform:
[[ 0.05 -1.   -0.02  0.1 ]
 [ 0.88  0.06 -0.46  0.07]
 [ 0.46  0.    0.89  0.81]
 [ 0.    0.    0.    1.  ]]
2025-04-17T19:02:58.625053 - Pose:
tensor([[[ 0.0514, -0.9984, -0.0244,  0.0999],
         [ 0.8850,  0.0568, -0.4622,  0.0724],
         [ 0.4628,  0.0022,  0.8865,  0.8105],
         [ 0.0000,  0.0000,  0.0000,  1.0000]]])
2025-04-17T19:02:58.692660 - Final transform:
[[ 0.06 -1.   -0.03  0.1 ]
 [ 0.89  0.07 -0.45  0.07]
 [ 0.45  0.    0.89  0.81]
 [ 0.    0.    0.    1.  ]]
2025-04-17T19:02:58.692660 - Pose:
tensor([[[ 0.0613, -0.9977, -0.0291,  0.0999],
         [ 0.8896,  0.0679, -0.4518,  0.0724],
         [ 0.4527,  0.0018,  0.8917,  0.8106],
         [ 0.0000,  0.0000,  0.0000,  1.0000]]])
2025-04-17T19:02:58.764556 - Final transform:
[[ 0.05 -1.   -0.03  0.1 ]
 [ 0.89  0.06 -0.46  0.07]
 [ 0.46 -0.01  0.89  0.81]
 [ 0.    0.    0.    1.  ]]
2025-04-17T19:02:58.764556 - Pose:
tensor([[[ 0.0525, -0.9981, -0.0327,  0.1000],
         [ 0.8883,  0.0616, -0.4551,  0.0724],
         [ 0.4563, -0.0051,  0.8898,  0.8111],
         [ 0.0000,  0.0000,  0.0000,  1.0000]]])
2025-04-17T19:02:58.834270 - Final transform:
[[ 0.06 -1.   -0.02  0.1 ]
 [ 0.89  0.07 -0.45  0.07]
 [ 0.46  0.01  0.89  0.81]
 [ 0.    0.    0.    1.  ]]
2025-04-17T19:02:58.834270 - Pose:
tensor([[[ 0.0616, -0.9978, -0.0235,  0.1001],
         [ 0.8881,  0.0656, -0.4549,  0.0721],
         [ 0.4555,  0.0071,  0.8902,  0.8101],
         [ 0.0000,  0.0000,  0.0000,  1.0000]]])
2025-04-17T19:02:58.901675 - Final transform:
[[ 0.06 -1.   -0.01  0.1 ]
 [ 0.89  0.06 -0.45  0.07]
 [ 0.45  0.02  0.89  0.81]
 [ 0.    0.    0.    1.  ]]
2025-04-17T19:02:58.901675 - Pose:
tensor([[[ 0.0604, -0.9981, -0.0087,  0.0997],
         [ 0.8909,  0.0579, -0.4504,  0.0726],
         [ 0.4501,  0.0194,  0.8928,  0.8100],
         [ 0.0000,  0.0000,  0.0000,  1.0000]]])
2025-04-17T19:02:58.970582 - Final transform:
[[ 0.06 -1.   -0.02  0.1 ]
 [ 0.89  0.06 -0.45  0.07]
 [ 0.45  0.01  0.89  0.81]
 [ 0.    0.    0.    1.  ]]
2025-04-17T19:02:58.970582 - Pose:
tensor([[[ 0.0602, -0.9980, -0.0200,  0.1003],
         [ 0.8901,  0.0627, -0.4514,  0.0726],
         [ 0.4518,  0.0094,  0.8921,  0.8108],
         [ 0.0000,  0.0000,  0.0000,  1.0000]]])
2025-04-17T19:02:59.039936 - Final transform:
[[ 0.06 -1.   -0.02  0.1 ]
 [ 0.89  0.07 -0.46  0.07]
 [ 0.46  0.01  0.89  0.81]
 [ 0.    0.    0.    1.  ]]
2025-04-17T19:02:59.039936 - Pose:
tensor([[[ 0.0640, -0.9977, -0.0209,  0.1004],
         [ 0.8863,  0.0665, -0.4583,  0.0720],
         [ 0.4587,  0.0108,  0.8885,  0.8104],
         [ 0.0000,  0.0000,  0.0000,  1.0000]]])
2025-04-17T19:02:59.108296 - Final transform:
[[ 0.06 -1.   -0.02  0.1 ]
 [ 0.89  0.06 -0.45  0.07]
 [ 0.45  0.01  0.89  0.81]
 [ 0.    0.    0.    1.  ]]
2025-04-17T19:02:59.108296 - Pose:
tensor([[[ 0.0609, -0.9979, -0.0212,  0.0999],
         [ 0.8888,  0.0639, -0.4539,  0.0724],
         [ 0.4543,  0.0088,  0.8908,  0.8108],
         [ 0.0000,  0.0000,  0.0000,  1.0000]]])
2025-04-17T19:02:59.174416 - Final transform:
[[ 0.05 -1.   -0.02  0.1 ]
 [ 0.89  0.06 -0.46  0.07]
 [ 0.46  0.01  0.89  0.81]
 [ 0.    0.    0.    1.  ]]
2025-04-17T19:02:59.174416 - Pose:
tensor([[[ 0.0529, -0.9984, -0.0208,  0.0999],
         [ 0.8863,  0.0566, -0.4596,  0.0724],
         [ 0.4601,  0.0059,  0.8879,  0.8107],
         [ 0.0000,  0.0000,  0.0000,  1.0000]]])
2025-04-17T19:02:59.246281 - Final transform:
[[ 0.05 -1.   -0.02  0.1 ]
 [ 0.89  0.06 -0.46  0.07]
 [ 0.46  0.01  0.89  0.81]
 [ 0.    0.    0.    1.  ]]
2025-04-17T19:02:59.246281 - Pose:
tensor([[[ 0.0550, -0.9983, -0.0205,  0.1002],
         [ 0.8876,  0.0582, -0.4569,  0.0724],
         [ 0.4574,  0.0069,  0.8893,  0.8105],
         [ 0.0000,  0.0000,  0.0000,  1.0000]]])
2025-04-17T19:02:59.321151 - Final transform:
[[ 0.06 -1.   -0.02  0.1 ]
 [ 0.89  0.07 -0.46  0.07]
 [ 0.46  0.01  0.89  0.81]
 [ 0.    0.    0.    1.  ]]
2025-04-17T19:02:59.321151 - Pose:
tensor([[[ 0.0624, -0.9978, -0.0217,  0.1002],
         [ 0.8853,  0.0654, -0.4604,  0.0723],
         [ 0.4608,  0.0096,  0.8874,  0.8104],
         [ 0.0000,  0.0000,  0.0000,  1.0000]]])
2025-04-17T19:02:59.392188 - Final transform:
[[ 0.06 -1.   -0.01  0.1 ]
 [ 0.88  0.06 -0.47  0.07]
 [ 0.47  0.02  0.88  0.81]
 [ 0.    0.    0.    1.  ]]
2025-04-17T19:02:59.392188 - Pose:
tensor([[[ 0.0590, -0.9982, -0.0087,  0.1001],
         [ 0.8829,  0.0563, -0.4663,  0.0722],
         [ 0.4659,  0.0198,  0.8846,  0.8098],
         [ 0.0000,  0.0000,  0.0000,  1.0000]]])
2025-04-17T19:02:59.459438 - Final transform:
[[ 0.06 -1.   -0.01  0.1 ]
 [ 0.89  0.06 -0.45  0.07]
 [ 0.45  0.02  0.89  0.81]
 [ 0.    0.    0.    1.  ]]
2025-04-17T19:02:59.459438 - Pose:
tensor([[[ 0.0597, -0.9982, -0.0053,  0.0999],
         [ 0.8919,  0.0557, -0.4487,  0.0725],
         [ 0.4482,  0.0221,  0.8936,  0.8107],
         [ 0.0000,  0.0000,  0.0000,  1.0000]]])
2025-04-17T19:02:59.528816 - Final transform:
[[ 0.06 -1.   -0.02  0.1 ]
 [ 0.89  0.06 -0.46  0.07]
 [ 0.46  0.01  0.89  0.81]
 [ 0.    0.    0.    1.  ]]
2025-04-17T19:02:59.528816 - Pose:
tensor([[[ 0.0553, -0.9983, -0.0193,  0.1001],
         [ 0.8851,  0.0580, -0.4618,  0.0726],
         [ 0.4622,  0.0085,  0.8868,  0.8112],
         [ 0.0000,  0.0000,  0.0000,  1.0000]]])
2025-04-17T19:02:59.601796 - Final transform:
[[ 0.06 -1.   -0.02  0.1 ]
 [ 0.89  0.06 -0.46  0.07]
 [ 0.46  0.01  0.89  0.81]
 [ 0.    0.    0.    1.  ]]
2025-04-17T19:02:59.601796 - Pose:
tensor([[[ 0.0562, -0.9983, -0.0177,  0.1003],
         [ 0.8856,  0.0580, -0.4607,  0.0716],
         [ 0.4610,  0.0102,  0.8874,  0.8107],
         [ 0.0000,  0.0000,  0.0000,  1.0000]]])
2025-04-17T19:02:59.672698 - Final transform:
[[ 0.05 -1.   -0.01  0.1 ]
 [ 0.89  0.05 -0.45  0.07]
 [ 0.45  0.01  0.89  0.81]
 [ 0.    0.    0.    1.  ]]
2025-04-17T19:02:59.672698 - Pose:
tensor([[[ 0.0527, -0.9985, -0.0146,  0.1002],
         [ 0.8897,  0.0536, -0.4533,  0.0725],
         [ 0.4535,  0.0109,  0.8912,  0.8108],
         [ 0.0000,  0.0000,  0.0000,  1.0000]]])
2025-04-17T19:02:59.741134 - Final transform:
[[ 0.05 -1.   -0.03  0.1 ]
 [ 0.89  0.06 -0.45  0.07]
 [ 0.45  0.    0.89  0.81]
 [ 0.    0.    0.    1.  ]]
2025-04-17T19:02:59.741134 - Pose:
tensor([[[ 5.2720e-02, -9.9828e-01, -2.5537e-02,  1.0018e-01],
         [ 8.9088e-01,  5.8571e-02, -4.5044e-01,  7.2425e-02],
         [ 4.5117e-01,  9.9677e-04,  8.9244e-01,  8.1097e-01],
         [ 0.0000e+00,  0.0000e+00,  0.0000e+00,  1.0000e+00]]])
2025-04-17T19:02:59.809343 - Final transform:
[[ 0.06 -1.   -0.01  0.1 ]
 [ 0.89  0.06 -0.45  0.07]
 [ 0.45  0.01  0.89  0.81]
 [ 0.    0.    0.    1.  ]]
2025-04-17T19:02:59.809343 - Pose:
tensor([[[ 0.0554, -0.9984, -0.0130,  0.1001],
         [ 0.8896,  0.0553, -0.4533,  0.0732],
         [ 0.4533,  0.0135,  0.8913,  0.8104],
         [ 0.0000,  0.0000,  0.0000,  1.0000]]])
2025-04-17T19:02:59.877087 - Final transform:
[[ 0.07 -1.   -0.02  0.1 ]
 [ 0.89  0.07 -0.46  0.07]
 [ 0.46  0.02  0.89  0.81]
 [ 0.    0.    0.    1.  ]]
2025-04-17T19:02:59.877087 - Pose:
tensor([[[ 0.0659, -0.9977, -0.0158,  0.1000],
         [ 0.8860,  0.0658, -0.4591,  0.0722],
         [ 0.4590,  0.0163,  0.8883,  0.8110],
         [ 0.0000,  0.0000,  0.0000,  1.0000]]])
2025-04-17T19:02:59.946890 - Final transform:
[[ 0.06 -1.   -0.02  0.1 ]
 [ 0.89  0.06 -0.46  0.07]
 [ 0.46  0.01  0.89  0.81]
 [ 0.    0.    0.    1.  ]]
2025-04-17T19:02:59.946890 - Pose:
tensor([[[ 0.0565, -0.9982, -0.0178,  0.0999],
         [ 0.8881,  0.0584, -0.4559,  0.0722],
         [ 0.4562,  0.0099,  0.8898,  0.8105],
         [ 0.0000,  0.0000,  0.0000,  1.0000]]])
2025-04-17T19:03:00.017966 - Final transform:
[[ 0.05 -1.   -0.03  0.1 ]
 [ 0.89  0.06 -0.46  0.07]
 [ 0.46  0.    0.89  0.81]
 [ 0.    0.    0.    1.  ]]
2025-04-17T19:03:00.017966 - Pose:
tensor([[[ 5.1520e-02, -9.9834e-01, -2.5547e-02,  9.9938e-02],
         [ 8.8786e-01,  5.7500e-02, -4.5650e-01,  7.2197e-02],
         [ 4.5721e-01,  8.3692e-04,  8.8936e-01,  8.1035e-01],
         [ 0.0000e+00,  0.0000e+00,  0.0000e+00,  1.0000e+00]]])
