2025-04-28T17:14:00.056889 - Final transform:
[[-0.98  0.   -0.19  0.17]
 [ 0.09 -0.88 -0.46 -0.21]
 [-0.17 -0.47  0.87  1.09]
 [ 0.    0.    0.    1.  ]]
2025-04-28T17:14:00.056889 - Pose:
tensor([[[-9.8230e-01,  4.1706e-05, -1.8732e-01,  8.8864e-02],
         [ 8.8325e-02, -8.8176e-01, -4.6336e-01, -1.9056e-01],
         [-1.6519e-01, -4.7170e-01,  8.6615e-01,  1.0810e+00],
         [ 0.0000e+00,  0.0000e+00,  0.0000e+00,  1.0000e+00]]])
2025-04-28T17:14:00.124525 - Final transform:
[[-0.97 -0.   -0.25  0.17]
 [ 0.11 -0.89 -0.44 -0.21]
 [-0.22 -0.45  0.87  1.09]
 [ 0.    0.    0.    1.  ]]
2025-04-28T17:14:00.124525 - Pose:
tensor([[[-9.6918e-01, -6.2927e-04, -2.4636e-01,  8.8890e-02],
         [ 1.1137e-01, -8.9311e-01, -4.3584e-01, -1.8932e-01],
         [-2.1975e-01, -4.4984e-01,  8.6565e-01,  1.0812e+00],
         [ 0.0000e+00,  0.0000e+00,  0.0000e+00,  1.0000e+00]]])
2025-04-28T17:14:00.190084 - Final transform:
[[-0.97 -0.02 -0.24  0.17]
 [ 0.13 -0.88 -0.45 -0.21]
 [-0.2  -0.47  0.86  1.09]
 [ 0.    0.    0.    1.  ]]
2025-04-28T17:14:00.190084 - Pose:
tensor([[[-0.9714, -0.0193, -0.2368,  0.0894],
         [ 0.1275, -0.8834, -0.4510, -0.1917],
         [-0.2005, -0.4683,  0.8605,  1.0796],
         [ 0.0000,  0.0000,  0.0000,  1.0000]]])
2025-04-28T17:14:00.255893 - Final transform:
[[-0.99  0.   -0.13  0.17]
 [ 0.06 -0.89 -0.45 -0.21]
 [-0.12 -0.45  0.88  1.09]
 [ 0.    0.    0.    1.  ]]
2025-04-28T17:14:00.255893 - Pose:
tensor([[[-9.9093e-01,  7.5815e-04, -1.3441e-01,  8.9372e-02],
         [ 6.0196e-02, -8.9160e-01, -4.4880e-01, -1.9147e-01],
         [-1.2018e-01, -4.5282e-01,  8.8347e-01,  1.0811e+00],
         [ 0.0000e+00,  0.0000e+00,  0.0000e+00,  1.0000e+00]]])
2025-04-28T17:14:00.325477 - Final transform:
[[-0.98 -0.   -0.18  0.17]
 [ 0.09 -0.89 -0.44 -0.21]
 [-0.16 -0.45  0.88  1.09]
 [ 0.    0.    0.    1.  ]]
2025-04-28T17:14:00.325477 - Pose:
tensor([[[-0.9833, -0.0040, -0.1822,  0.0896],
         [ 0.0854, -0.8933, -0.4412, -0.1912],
         [-0.1609, -0.4494,  0.8787,  1.0810],
         [ 0.0000,  0.0000,  0.0000,  1.0000]]])
2025-04-28T17:14:00.394370 - Final transform:
[[-0.97 -0.01 -0.25  0.17]
 [ 0.12 -0.88 -0.46 -0.21]
 [-0.22 -0.47  0.85  1.09]
 [ 0.    0.    0.    1.  ]]
2025-04-28T17:14:00.394370 - Pose:
tensor([[[-0.9685, -0.0065, -0.2491,  0.0895],
         [ 0.1231, -0.8818, -0.4554, -0.1893],
         [-0.2166, -0.4717,  0.8548,  1.0819],
         [ 0.0000,  0.0000,  0.0000,  1.0000]]])
2025-04-28T17:14:00.463678 - Final transform:
[[-0.97  0.   -0.26  0.17]
 [ 0.12 -0.89 -0.44 -0.21]
 [-0.23 -0.46  0.86  1.1 ]
 [ 0.    0.    0.    1.  ]]
2025-04-28T17:14:00.463678 - Pose:
tensor([[[-0.9660,  0.0015, -0.2585,  0.0894],
         [ 0.1176, -0.8881, -0.4444, -0.1896],
         [-0.2303, -0.4597,  0.8577,  1.0815],
         [ 0.0000,  0.0000,  0.0000,  1.0000]]])
2025-04-28T17:14:00.533071 - Final transform:
[[-0.98 -0.01 -0.22  0.17]
 [ 0.11 -0.9  -0.41 -0.21]
 [-0.19 -0.43  0.88  1.09]
 [ 0.    0.    0.    1.  ]]
2025-04-28T17:14:00.533071 - Pose:
tensor([[[-0.9758, -0.0135, -0.2184,  0.0894],
         [ 0.1052, -0.9042, -0.4139, -0.1909],
         [-0.1919, -0.4269,  0.8837,  1.0805],
         [ 0.0000,  0.0000,  0.0000,  1.0000]]])
2025-04-28T17:14:00.602111 - Final transform:
[[-1.   -0.01 -0.09  0.17]
 [ 0.04 -0.91 -0.42 -0.21]
 [-0.08 -0.42  0.9   1.08]
 [ 0.    0.    0.    1.  ]]
2025-04-28T17:14:00.602111 - Pose:
tensor([[[-0.9958, -0.0053, -0.0917,  0.0892],
         [ 0.0432, -0.9078, -0.4171, -0.1931],
         [-0.0810, -0.4193,  0.9042,  1.0819],
         [ 0.0000,  0.0000,  0.0000,  1.0000]]])
2025-04-28T17:14:00.669120 - Final transform:
[[-0.98 -0.   -0.17  0.17]
 [ 0.08 -0.89 -0.44 -0.21]
 [-0.15 -0.45  0.88  1.09]
 [ 0.    0.    0.    1.  ]]
2025-04-28T17:14:00.669120 - Pose:
tensor([[[-0.9846, -0.0030, -0.1746,  0.0893],
         [ 0.0815, -0.8923, -0.4441, -0.1904],
         [-0.1544, -0.4515,  0.8788,  1.0814],
         [ 0.0000,  0.0000,  0.0000,  1.0000]]])
2025-04-28T17:14:00.736331 - Final transform:
[[-0.97  0.01 -0.24  0.17]
 [ 0.1  -0.89 -0.44 -0.21]
 [-0.22 -0.45  0.87  1.09]
 [ 0.    0.    0.    1.  ]]
2025-04-28T17:14:00.736331 - Pose:
tensor([[[-0.9707,  0.0087, -0.2402,  0.0892],
         [ 0.1001, -0.8938, -0.4371, -0.1890],
         [-0.2185, -0.4483,  0.8668,  1.0799],
         [ 0.0000,  0.0000,  0.0000,  1.0000]]])
2025-04-28T17:14:00.802783 - Final transform:
[[-0.97  0.   -0.25  0.17]
 [ 0.11 -0.89 -0.44 -0.21]
 [-0.22 -0.46  0.86  1.1 ]
 [ 0.    0.    0.    1.  ]]
2025-04-28T17:14:00.802783 - Pose:
tensor([[[-9.6774e-01,  7.1597e-04, -2.5193e-01,  8.9641e-02],
         [ 1.1404e-01, -8.9043e-01, -4.4060e-01, -1.8897e-01],
         [-2.2465e-01, -4.5511e-01,  8.6163e-01,  1.0826e+00],
         [ 0.0000e+00,  0.0000e+00,  0.0000e+00,  1.0000e+00]]])
2025-04-28T17:14:00.870044 - Final transform:
[[-0.97 -0.   -0.24  0.17]
 [ 0.11 -0.89 -0.44 -0.21]
 [-0.22 -0.46  0.86  1.09]
 [ 0.    0.    0.    1.  ]]
2025-04-28T17:14:00.870044 - Pose:
tensor([[[-9.6999e-01, -5.3595e-04, -2.4313e-01,  8.9057e-02],
         [ 1.1129e-01, -8.9006e-01, -4.4204e-01, -1.9067e-01],
         [-2.1616e-01, -4.5584e-01,  8.6342e-01,  1.0815e+00],
         [ 0.0000e+00,  0.0000e+00,  0.0000e+00,  1.0000e+00]]])
2025-04-28T17:14:00.935817 - Final transform:
[[-0.97 -0.01 -0.23  0.17]
 [ 0.11 -0.89 -0.44 -0.21]
 [-0.2  -0.46  0.87  1.09]
 [ 0.    0.    0.    1.  ]]
2025-04-28T17:14:00.935817 - Pose:
tensor([[[-0.9738, -0.0094, -0.2272,  0.0887],
         [ 0.1118, -0.8898, -0.4425, -0.1901],
         [-0.1980, -0.4563,  0.8675,  1.0797],
         [ 0.0000,  0.0000,  0.0000,  1.0000]]])
2025-04-28T17:14:01.004392 - Final transform:
[[-0.97  0.01 -0.25  0.17]
 [ 0.1  -0.89 -0.45 -0.21]
 [-0.22 -0.46  0.86  1.1 ]
 [ 0.    0.    0.    1.  ]]
2025-04-28T17:14:01.004392 - Pose:
tensor([[[-0.9694,  0.0101, -0.2454,  0.0892],
         [ 0.1048, -0.8865, -0.4507, -0.1896],
         [-0.2221, -0.4626,  0.8583,  1.0821],
         [ 0.0000,  0.0000,  0.0000,  1.0000]]])
2025-04-28T17:14:01.070134 - Final transform:
[[-0.98 -0.   -0.21  0.17]
 [ 0.09 -0.89 -0.44 -0.21]
 [-0.19 -0.45  0.88  1.09]
 [ 0.    0.    0.    1.  ]]
2025-04-28T17:14:01.070134 - Pose:
tensor([[[-9.7786e-01, -2.5975e-05, -2.0925e-01,  8.9282e-02],
         [ 9.3411e-02, -8.9489e-01, -4.3640e-01, -1.9192e-01],
         [-1.8725e-01, -4.4629e-01,  8.7508e-01,  1.0809e+00],
         [ 0.0000e+00,  0.0000e+00,  0.0000e+00,  1.0000e+00]]])
2025-04-28T17:14:01.136721 - Final transform:
[[-0.98 -0.02 -0.19  0.17]
 [ 0.1  -0.88 -0.46 -0.21]
 [-0.16 -0.47  0.87  1.09]
 [ 0.    0.    0.    1.  ]]
2025-04-28T17:14:01.136721 - Pose:
tensor([[[-0.9814, -0.0153, -0.1915,  0.0891],
         [ 0.1040, -0.8804, -0.4627, -0.1923],
         [-0.1615, -0.4740,  0.8656,  1.0795],
         [ 0.0000,  0.0000,  0.0000,  1.0000]]])
2025-04-28T17:14:01.203611 - Final transform:
[[-0.98 -0.   -0.18  0.17]
 [ 0.09 -0.89 -0.45 -0.21]
 [-0.16 -0.46  0.87  1.09]
 [ 0.    0.    0.    1.  ]]
2025-04-28T17:14:01.203611 - Pose:
tensor([[[-0.9828, -0.0019, -0.1849,  0.0896],
         [ 0.0861, -0.8895, -0.4487, -0.1913],
         [-0.1636, -0.4569,  0.8743,  1.0818],
         [ 0.0000,  0.0000,  0.0000,  1.0000]]])
2025-04-28T17:14:01.269861 - Final transform:
[[-0.97 -0.02 -0.22  0.17]
 [ 0.12 -0.89 -0.44 -0.21]
 [-0.19 -0.46  0.87  1.09]
 [ 0.    0.    0.    1.  ]]
2025-04-28T17:14:01.269861 - Pose:
tensor([[[-0.9747, -0.0159, -0.2231,  0.0889],
         [ 0.1163, -0.8880, -0.4449, -0.1918],
         [-0.1910, -0.4596,  0.8674,  1.0806],
         [ 0.0000,  0.0000,  0.0000,  1.0000]]])
2025-04-28T17:14:01.338239 - Final transform:
[[-0.98  0.   -0.2   0.17]
 [ 0.09 -0.89 -0.44 -0.21]
 [-0.18 -0.45  0.87  1.09]
 [ 0.    0.    0.    1.  ]]
2025-04-28T17:14:01.338239 - Pose:
tensor([[[-0.9794,  0.0033, -0.2018,  0.0890],
         [ 0.0881, -0.8926, -0.4421, -0.1921],
         [-0.1816, -0.4508,  0.8740,  1.0791],
         [ 0.0000,  0.0000,  0.0000,  1.0000]]])
2025-04-28T17:14:01.407868 - Final transform:
[[-0.97 -0.01 -0.24  0.17]
 [ 0.12 -0.88 -0.45 -0.21]
 [-0.21 -0.47  0.86  1.09]
 [ 0.    0.    0.    1.  ]]
2025-04-28T17:14:01.407868 - Pose:
tensor([[[-0.9715, -0.0085, -0.2367,  0.0890],
         [ 0.1178, -0.8843, -0.4518, -0.1913],
         [-0.2055, -0.4668,  0.8601,  1.0807],
         [ 0.0000,  0.0000,  0.0000,  1.0000]]])
2025-04-28T17:14:01.478645 - Final transform:
[[-0.95 -0.   -0.32  0.17]
 [ 0.16 -0.87 -0.46 -0.21]
 [-0.28 -0.49  0.83  1.1 ]
 [ 0.    0.    0.    1.  ]]
2025-04-28T17:14:01.478645 - Pose:
tensor([[[-0.9475, -0.0038, -0.3196,  0.0894],
         [ 0.1593, -0.8724, -0.4622, -0.1910],
         [-0.2771, -0.4889,  0.8272,  1.0793],
         [ 0.0000,  0.0000,  0.0000,  1.0000]]])
2025-04-28T17:14:01.548608 - Final transform:
[[-0.95 -0.02 -0.32  0.17]
 [ 0.16 -0.88 -0.44 -0.21]
 [-0.28 -0.47  0.84  1.1 ]
 [ 0.    0.    0.    1.  ]]
2025-04-28T17:14:01.548608 - Pose:
tensor([[[-0.9464, -0.0151, -0.3226,  0.0904],
         [ 0.1638, -0.8834, -0.4391, -0.1903],
         [-0.2784, -0.4684,  0.8385,  1.0830],
         [ 0.0000,  0.0000,  0.0000,  1.0000]]])
2025-04-28T17:14:01.616419 - Final transform:
[[-0.96 -0.   -0.27  0.17]
 [ 0.13 -0.88 -0.46 -0.21]
 [-0.23 -0.48  0.85  1.1 ]
 [ 0.    0.    0.    1.  ]]
2025-04-28T17:14:01.616419 - Pose:
tensor([[[-0.9641, -0.0022, -0.2657,  0.0896],
         [ 0.1283, -0.8795, -0.4583, -0.1893],
         [-0.2326, -0.4759,  0.8482,  1.0826],
         [ 0.0000,  0.0000,  0.0000,  1.0000]]])
2025-04-28T17:14:01.686410 - Final transform:
[[-0.99 -0.01 -0.16  0.17]
 [ 0.08 -0.89 -0.44 -0.21]
 [-0.13 -0.45  0.88  1.09]
 [ 0.    0.    0.    1.  ]]
2025-04-28T17:14:01.686410 - Pose:
tensor([[[-0.9878, -0.0144, -0.1553,  0.0888],
         [ 0.0823, -0.8941, -0.4402, -0.1917],
         [-0.1325, -0.4476,  0.8843,  1.0807],
         [ 0.0000,  0.0000,  0.0000,  1.0000]]])
2025-04-28T17:14:01.754154 - Final transform:
[[-0.98  0.01 -0.21  0.17]
 [ 0.09 -0.88 -0.46 -0.21]
 [-0.19 -0.47  0.86  1.09]
 [ 0.    0.    0.    1.  ]]
2025-04-28T17:14:01.754154 - Pose:
tensor([[[-0.9778,  0.0096, -0.2093,  0.0890],
         [ 0.0896, -0.8840, -0.4589, -0.1903],
         [-0.1894, -0.4674,  0.8635,  1.0799],
         [ 0.0000,  0.0000,  0.0000,  1.0000]]])
2025-04-28T17:14:01.822641 - Final transform:
[[-0.98 -0.02 -0.18  0.17]
 [ 0.09 -0.89 -0.44 -0.21]
 [-0.15 -0.45  0.88  1.08]
 [ 0.    0.    0.    1.  ]]
2025-04-28T17:14:01.822641 - Pose:
tensor([[[-0.9843, -0.0164, -0.1760,  0.0889],
         [ 0.0930, -0.8948, -0.4367, -0.1937],
         [-0.1503, -0.4462,  0.8822,  1.0775],
         [ 0.0000,  0.0000,  0.0000,  1.0000]]])
2025-04-28T17:14:01.891989 - Final transform:
[[-0.98  0.   -0.2   0.17]
 [ 0.09 -0.89 -0.45 -0.21]
 [-0.18 -0.46  0.87  1.09]
 [ 0.    0.    0.    1.  ]]
2025-04-28T17:14:01.891989 - Pose:
tensor([[[-0.9802,  0.0035, -0.1980,  0.0895],
         [ 0.0877, -0.8888, -0.4499, -0.1913],
         [-0.1775, -0.4584,  0.8709,  1.0795],
         [ 0.0000,  0.0000,  0.0000,  1.0000]]])
2025-04-28T17:14:01.962111 - Final transform:
[[-0.97  0.   -0.26  0.17]
 [ 0.12 -0.88 -0.45 -0.21]
 [-0.23 -0.47  0.85  1.1 ]
 [ 0.    0.    0.    1.  ]]
2025-04-28T17:14:01.962111 - Pose:
tensor([[[-0.9655,  0.0031, -0.2606,  0.0895],
         [ 0.1197, -0.8828, -0.4543, -0.1896],
         [-0.2314, -0.4698,  0.8519,  1.0830],
         [ 0.0000,  0.0000,  0.0000,  1.0000]]])
2025-04-28T17:14:02.030400 - Final transform:
[[-0.98 -0.01 -0.2   0.17]
 [ 0.1  -0.89 -0.45 -0.21]
 [-0.17 -0.46  0.87  1.09]
 [ 0.    0.    0.    1.  ]]
2025-04-28T17:14:02.030400 - Pose:
tensor([[[-0.9798, -0.0063, -0.2000,  0.0893],
         [ 0.0975, -0.8879, -0.4496, -0.1907],
         [-0.1748, -0.4600,  0.8705,  1.0789],
         [ 0.0000,  0.0000,  0.0000,  1.0000]]])
2025-04-28T17:14:02.100436 - Final transform:
[[-0.97  0.01 -0.23  0.17]
 [ 0.1  -0.88 -0.46 -0.21]
 [-0.21 -0.47  0.86  1.09]
 [ 0.    0.    0.    1.  ]]
2025-04-28T17:14:02.100436 - Pose:
tensor([[[-0.9722,  0.0093, -0.2340,  0.0886],
         [ 0.1011, -0.8845, -0.4554, -0.1896],
         [-0.2112, -0.4664,  0.8590,  1.0802],
         [ 0.0000,  0.0000,  0.0000,  1.0000]]])
2025-04-28T17:14:02.170483 - Final transform:
[[-0.97 -0.01 -0.24  0.17]
 [ 0.12 -0.89 -0.44 -0.21]
 [-0.21 -0.46  0.86  1.09]
 [ 0.    0.    0.    1.  ]]
2025-04-28T17:14:02.170483 - Pose:
tensor([[[-0.9701, -0.0060, -0.2425,  0.0895],
         [ 0.1167, -0.8881, -0.4446, -0.1919],
         [-0.2127, -0.4596,  0.8623,  1.0790],
         [ 0.0000,  0.0000,  0.0000,  1.0000]]])
2025-04-28T17:14:02.239367 - Final transform:
[[-0.98  0.01 -0.21  0.17]
 [ 0.08 -0.9  -0.44 -0.21]
 [-0.19 -0.44  0.88  1.09]
 [ 0.    0.    0.    1.  ]]
2025-04-28T17:14:02.239367 - Pose:
tensor([[[-0.9777,  0.0103, -0.2098,  0.0890],
         [ 0.0842, -0.8959, -0.4362, -0.1901],
         [-0.1925, -0.4441,  0.8751,  1.0813],
         [ 0.0000,  0.0000,  0.0000,  1.0000]]])
2025-04-28T17:14:02.307268 - Final transform:
[[-0.98 -0.   -0.21  0.17]
 [ 0.09 -0.9  -0.43 -0.21]
 [-0.19 -0.44  0.88  1.09]
 [ 0.    0.    0.    1.  ]]
2025-04-28T17:14:02.307268 - Pose:
tensor([[[-9.7735e-01, -1.0472e-03, -2.1161e-01,  8.9170e-02],
         [ 9.4987e-02, -8.9576e-01, -4.3428e-01, -1.8989e-01],
         [-1.8910e-01, -4.4454e-01,  8.7557e-01,  1.0827e+00],
         [ 0.0000e+00,  0.0000e+00,  0.0000e+00,  1.0000e+00]]])
2025-04-28T17:14:02.374035 - Final transform:
[[-0.98 -0.   -0.2   0.17]
 [ 0.09 -0.89 -0.44 -0.21]
 [-0.18 -0.45  0.87  1.09]
 [ 0.    0.    0.    1.  ]]
2025-04-28T17:14:02.374035 - Pose:
tensor([[[-0.9800, -0.0035, -0.1992,  0.0893],
         [ 0.0936, -0.8906, -0.4450, -0.1901],
         [-0.1759, -0.4547,  0.8731,  1.0810],
         [ 0.0000,  0.0000,  0.0000,  1.0000]]])
2025-04-28T17:14:02.442839 - Final transform:
[[-0.97  0.01 -0.24  0.17]
 [ 0.11 -0.89 -0.45 -0.21]
 [-0.22 -0.46  0.86  1.09]
 [ 0.    0.    0.    1.  ]]
2025-04-28T17:14:02.442839 - Pose:
tensor([[[-0.9699,  0.0056, -0.2433,  0.0892],
         [ 0.1067, -0.8888, -0.4458, -0.1898],
         [-0.2188, -0.4583,  0.8614,  1.0821],
         [ 0.0000,  0.0000,  0.0000,  1.0000]]])
2025-04-28T17:14:02.510289 - Final transform:
[[-0.98 -0.02 -0.22  0.17]
 [ 0.12 -0.89 -0.45 -0.21]
 [-0.18 -0.46  0.87  1.09]
 [ 0.    0.    0.    1.  ]]
2025-04-28T17:14:02.510289 - Pose:
tensor([[[-0.9757, -0.0184, -0.2182,  0.0899],
         [ 0.1171, -0.8857, -0.4492, -0.1914],
         [-0.1850, -0.4638,  0.8664,  1.0797],
         [ 0.0000,  0.0000,  0.0000,  1.0000]]])
2025-04-28T17:14:02.576999 - Final transform:
[[-0.97  0.01 -0.24  0.17]
 [ 0.11 -0.88 -0.46 -0.21]
 [-0.22 -0.47  0.85  1.09]
 [ 0.    0.    0.    1.  ]]
2025-04-28T17:14:02.576999 - Pose:
tensor([[[-0.9701,  0.0075, -0.2427,  0.0887],
         [ 0.1079, -0.8819, -0.4589, -0.1900],
         [-0.2175, -0.4713,  0.8547,  1.0804],
         [ 0.0000,  0.0000,  0.0000,  1.0000]]])
2025-04-28T17:14:02.643499 - Final transform:
[[-0.98  0.01 -0.18  0.17]
 [ 0.07 -0.91 -0.41 -0.2 ]
 [-0.16 -0.42  0.89  1.09]
 [ 0.    0.    0.    1.  ]]
2025-04-28T17:14:02.643499 - Pose:
tensor([[[-0.9845,  0.0079, -0.1752,  0.0890],
         [ 0.0661, -0.9086, -0.4125, -0.1905],
         [-0.1625, -0.4177,  0.8939,  1.0805],
         [ 0.0000,  0.0000,  0.0000,  1.0000]]])
2025-04-28T17:14:02.710109 - Final transform:
[[-0.98  0.   -0.22  0.17]
 [ 0.1  -0.89 -0.44 -0.21]
 [-0.19 -0.46  0.87  1.09]
 [ 0.    0.    0.    1.  ]]
2025-04-28T17:14:02.710109 - Pose:
tensor([[[-9.7583e-01,  3.7043e-05, -2.1853e-01,  8.8935e-02],
         [ 9.9516e-02, -8.9022e-01, -4.4453e-01, -1.9040e-01],
         [-1.9456e-01, -4.5553e-01,  8.6870e-01,  1.0820e+00],
         [ 0.0000e+00,  0.0000e+00,  0.0000e+00,  1.0000e+00]]])
2025-04-28T17:14:02.779122 - Final transform:
[[-0.96  0.   -0.27  0.17]
 [ 0.12 -0.89 -0.45 -0.21]
 [-0.24 -0.46  0.85  1.09]
 [ 0.    0.    0.    1.  ]]
2025-04-28T17:14:02.779122 - Pose:
tensor([[[-9.6394e-01,  8.2304e-04, -2.6611e-01,  8.9421e-02],
         [ 1.2245e-01, -8.8646e-01, -4.4632e-01, -1.9101e-01],
         [-2.3626e-01, -4.6281e-01,  8.5439e-01,  1.0803e+00],
         [ 0.0000e+00,  0.0000e+00,  0.0000e+00,  1.0000e+00]]])
2025-04-28T17:14:02.845958 - Final transform:
[[-0.97 -0.01 -0.26  0.17]
 [ 0.13 -0.88 -0.45 -0.21]
 [-0.23 -0.47  0.85  1.09]
 [ 0.    0.    0.    1.  ]]
2025-04-28T17:14:02.845958 - Pose:
tensor([[[-0.9653, -0.0114, -0.2608,  0.0891],
         [ 0.1317, -0.8839, -0.4488, -0.1913],
         [-0.2253, -0.4676,  0.8547,  1.0799],
         [ 0.0000,  0.0000,  0.0000,  1.0000]]])
2025-04-28T17:14:02.917451 - Final transform:
[[-0.98 -0.01 -0.2   0.17]
 [ 0.1  -0.89 -0.45 -0.21]
 [-0.18 -0.46  0.87  1.09]
 [ 0.    0.    0.    1.  ]]
2025-04-28T17:14:02.917451 - Pose:
tensor([[[-0.9798, -0.0055, -0.2001,  0.0886],
         [ 0.0965, -0.8888, -0.4481, -0.1910],
         [-0.1753, -0.4583,  0.8713,  1.0791],
         [ 0.0000,  0.0000,  0.0000,  1.0000]]])
2025-04-28T17:14:02.983764 - Final transform:
[[-0.98 -0.   -0.2   0.17]
 [ 0.09 -0.89 -0.44 -0.21]
 [-0.17 -0.45  0.87  1.09]
 [ 0.    0.    0.    1.  ]]
2025-04-28T17:14:02.983764 - Pose:
tensor([[[-0.9806, -0.0050, -0.1958,  0.0897],
         [ 0.0933, -0.8909, -0.4445, -0.1899],
         [-0.1723, -0.4541,  0.8741,  1.0812],
         [ 0.0000,  0.0000,  0.0000,  1.0000]]])
2025-04-28T17:14:03.048980 - Final transform:
[[-0.98 -0.   -0.22  0.17]
 [ 0.1  -0.89 -0.45 -0.21]
 [-0.2  -0.46  0.87  1.09]
 [ 0.    0.    0.    1.  ]]
2025-04-28T17:14:03.048980 - Pose:
tensor([[[-0.9752, -0.0012, -0.2212,  0.0891],
         [ 0.1026, -0.8884, -0.4475, -0.1921],
         [-0.1960, -0.4591,  0.8665,  1.0791],
         [ 0.0000,  0.0000,  0.0000,  1.0000]]])
2025-04-28T17:14:03.115674 - Final transform:
[[-0.96  0.   -0.26  0.17]
 [ 0.12 -0.89 -0.45 -0.21]
 [-0.24 -0.46  0.85  1.1 ]
 [ 0.    0.    0.    1.  ]]
2025-04-28T17:14:03.115674 - Pose:
tensor([[[-0.9646,  0.0043, -0.2637,  0.0890],
         [ 0.1183, -0.8866, -0.4471, -0.1883],
         [-0.2357, -0.4625,  0.8547,  1.0818],
         [ 0.0000,  0.0000,  0.0000,  1.0000]]])
2025-04-28T17:14:03.183123 - Final transform:
[[-0.99 -0.02 -0.17  0.17]
 [ 0.1  -0.89 -0.44 -0.21]
 [-0.14 -0.45  0.88  1.08]
 [ 0.    0.    0.    1.  ]]
2025-04-28T17:14:03.183123 - Pose:
tensor([[[-0.9858, -0.0246, -0.1663,  0.0891],
         [ 0.0972, -0.8904, -0.4447, -0.1942],
         [-0.1371, -0.4545,  0.8801,  1.0781],
         [ 0.0000,  0.0000,  0.0000,  1.0000]]])
2025-04-28T17:14:03.249711 - Final transform:
[[-0.98  0.01 -0.22  0.17]
 [ 0.09 -0.9  -0.44 -0.21]
 [-0.2  -0.44  0.87  1.09]
 [ 0.    0.    0.    1.  ]]
2025-04-28T17:14:03.249711 - Pose:
tensor([[[-0.9753,  0.0088, -0.2206,  0.0898],
         [ 0.0905, -0.8956, -0.4355, -0.1923],
         [-0.2014, -0.4447,  0.8727,  1.0807],
         [ 0.0000,  0.0000,  0.0000,  1.0000]]])
2025-04-28T17:14:03.317559 - Final transform:
[[-0.98 -0.01 -0.19  0.17]
 [ 0.1  -0.88 -0.47 -0.21]
 [-0.16 -0.48  0.86  1.09]
 [ 0.    0.    0.    1.  ]]
2025-04-28T17:14:03.317559 - Pose:
tensor([[[-0.9821, -0.0085, -0.1879,  0.0887],
         [ 0.0975, -0.8772, -0.4702, -0.1909],
         [-0.1609, -0.4801,  0.8623,  1.0781],
         [ 0.0000,  0.0000,  0.0000,  1.0000]]])
2025-04-28T17:14:03.383541 - Final transform:
[[-0.99 -0.01 -0.12  0.17]
 [ 0.07 -0.89 -0.45 -0.21]
 [-0.1  -0.45  0.89  1.08]
 [ 0.    0.    0.    1.  ]]
2025-04-28T17:14:03.383541 - Pose:
tensor([[[-0.9930, -0.0145, -0.1173,  0.0895],
         [ 0.0656, -0.8930, -0.4453, -0.1921],
         [-0.0983, -0.4499,  0.8877,  1.0800],
         [ 0.0000,  0.0000,  0.0000,  1.0000]]])
2025-04-28T17:14:03.450257 - Final transform:
[[-0.98 -0.   -0.21  0.17]
 [ 0.1  -0.89 -0.45 -0.21]
 [-0.18 -0.46  0.87  1.09]
 [ 0.    0.    0.    1.  ]]
2025-04-28T17:14:03.450257 - Pose:
tensor([[[-0.9786, -0.0025, -0.2060,  0.0895],
         [ 0.0978, -0.8856, -0.4540, -0.1905],
         [-0.1813, -0.4644,  0.8669,  1.0816],
         [ 0.0000,  0.0000,  0.0000,  1.0000]]])
2025-04-28T17:14:03.519545 - Final transform:
[[-0.98 -0.01 -0.18  0.17]
 [ 0.1  -0.88 -0.46 -0.21]
 [-0.15 -0.47  0.87  1.09]
 [ 0.    0.    0.    1.  ]]
2025-04-28T17:14:03.519545 - Pose:
tensor([[[-0.9832, -0.0123, -0.1819,  0.0884],
         [ 0.0960, -0.8832, -0.4592, -0.1923],
         [-0.1550, -0.4689,  0.8695,  1.0784],
         [ 0.0000,  0.0000,  0.0000,  1.0000]]])
2025-04-28T17:14:03.587032 - Final transform:
[[-0.98 -0.   -0.18  0.17]
 [ 0.09 -0.89 -0.45 -0.21]
 [-0.16 -0.46  0.88  1.09]
 [ 0.    0.    0.    1.  ]]
2025-04-28T17:14:03.587032 - Pose:
tensor([[[-0.9830, -0.0036, -0.1838,  0.0895],
         [ 0.0869, -0.8901, -0.4473, -0.1906],
         [-0.1620, -0.4557,  0.8753,  1.0807],
         [ 0.0000,  0.0000,  0.0000,  1.0000]]])
2025-04-28T17:14:03.656611 - Final transform:
[[-0.99 -0.02 -0.11  0.17]
 [ 0.06 -0.9  -0.44 -0.21]
 [-0.09 -0.44  0.89  1.08]
 [ 0.    0.    0.    1.  ]]
2025-04-28T17:14:03.656611 - Pose:
tensor([[[-0.9936, -0.0153, -0.1116,  0.0897],
         [ 0.0628, -0.8974, -0.4367, -0.1929],
         [-0.0935, -0.4410,  0.8927,  1.0811],
         [ 0.0000,  0.0000,  0.0000,  1.0000]]])
2025-04-28T17:14:03.726511 - Final transform:
[[-0.99  0.   -0.13  0.17]
 [ 0.06 -0.9  -0.44 -0.21]
 [-0.12 -0.44  0.89  1.08]
 [ 0.    0.    0.    1.  ]]
2025-04-28T17:14:03.726511 - Pose:
tensor([[[-9.9105e-01,  1.0763e-05, -1.3347e-01,  8.9474e-02],
         [ 5.9321e-02, -8.9576e-01, -4.4056e-01, -1.9290e-01],
         [-1.1956e-01, -4.4454e-01,  8.8775e-01,  1.0799e+00],
         [ 0.0000e+00,  0.0000e+00,  0.0000e+00,  1.0000e+00]]])
2025-04-28T17:14:03.794593 - Final transform:
[[-0.99 -0.01 -0.14  0.17]
 [ 0.07 -0.9  -0.44 -0.21]
 [-0.13 -0.44  0.89  1.08]
 [ 0.    0.    0.    1.  ]]
2025-04-28T17:14:03.794593 - Pose:
tensor([[[-0.9895, -0.0077, -0.1443,  0.0890],
         [ 0.0709, -0.8959, -0.4386, -0.1936],
         [-0.1258, -0.4443,  0.8870,  1.0790],
         [ 0.0000,  0.0000,  0.0000,  1.0000]]])
2025-04-28T17:14:03.860115 - Final transform:
[[-0.99 -0.02 -0.14  0.17]
 [ 0.08 -0.89 -0.46 -0.21]
 [-0.12 -0.46  0.88  1.08]
 [ 0.    0.    0.    1.  ]]
2025-04-28T17:14:03.860115 - Pose:
tensor([[[-0.9900, -0.0163, -0.1400,  0.0893],
         [ 0.0792, -0.8857, -0.4574, -0.1916],
         [-0.1166, -0.4639,  0.8782,  1.0792],
         [ 0.0000,  0.0000,  0.0000,  1.0000]]])
2025-04-28T17:14:03.927331 - Final transform:
[[-0.99  0.   -0.16  0.17]
 [ 0.08 -0.88 -0.46 -0.2 ]
 [-0.15 -0.47  0.87  1.09]
 [ 0.    0.    0.    1.  ]]
2025-04-28T17:14:03.927331 - Pose:
tensor([[[-0.9864,  0.0016, -0.1643,  0.0892],
         [ 0.0753, -0.8843, -0.4608, -0.1901],
         [-0.1460, -0.4669,  0.8722,  1.0816],
         [ 0.0000,  0.0000,  0.0000,  1.0000]]])
2025-04-28T17:14:03.993716 - Final transform:
[[-0.98 -0.   -0.22  0.17]
 [ 0.1  -0.88 -0.45 -0.21]
 [-0.19 -0.47  0.86  1.09]
 [ 0.    0.    0.    1.  ]]
2025-04-28T17:14:03.993716 - Pose:
tensor([[[-0.9759, -0.0035, -0.2183,  0.0893],
         [ 0.1049, -0.8845, -0.4546, -0.1904],
         [-0.1915, -0.4665,  0.8635,  1.0831],
         [ 0.0000,  0.0000,  0.0000,  1.0000]]])
2025-04-28T17:14:04.060349 - Final transform:
[[-0.99 -0.02 -0.14  0.17]
 [ 0.08 -0.89 -0.45 -0.21]
 [-0.11 -0.46  0.88  1.08]
 [ 0.    0.    0.    1.  ]]
2025-04-28T17:14:04.060349 - Pose:
tensor([[[-0.9907, -0.0154, -0.1352,  0.0887],
         [ 0.0754, -0.8892, -0.4513, -0.1958],
         [-0.1133, -0.4573,  0.8821,  1.0781],
         [ 0.0000,  0.0000,  0.0000,  1.0000]]])
2025-04-28T17:14:04.127437 - Final transform:
[[-0.99 -0.   -0.14  0.17]
 [ 0.07 -0.89 -0.45 -0.21]
 [-0.13 -0.45  0.88  1.09]
 [ 0.    0.    0.    1.  ]]
2025-04-28T17:14:04.127437 - Pose:
tensor([[[-0.9898, -0.0036, -0.1424,  0.0891],
         [ 0.0677, -0.8914, -0.4481, -0.1930],
         [-0.1254, -0.4531,  0.8826,  1.0805],
         [ 0.0000,  0.0000,  0.0000,  1.0000]]])
2025-04-28T17:14:04.196184 - Final transform:
[[-0.99 -0.   -0.15  0.17]
 [ 0.07 -0.88 -0.46 -0.21]
 [-0.14 -0.47  0.87  1.09]
 [ 0.    0.    0.    1.  ]]
2025-04-28T17:14:04.196184 - Pose:
tensor([[[-9.8808e-01, -3.2658e-04, -1.5397e-01,  8.8922e-02],
         [ 7.2061e-02, -8.8470e-01, -4.6055e-01, -1.9278e-01],
         [-1.3607e-01, -4.6615e-01,  8.7418e-01,  1.0795e+00],
         [ 0.0000e+00,  0.0000e+00,  0.0000e+00,  1.0000e+00]]])
2025-04-28T17:14:04.263837 - Final transform:
[[-0.98 -0.01 -0.18  0.17]
 [ 0.09 -0.89 -0.45 -0.21]
 [-0.16 -0.46  0.87  1.09]
 [ 0.    0.    0.    1.  ]]
2025-04-28T17:14:04.263837 - Pose:
tensor([[[-0.9830, -0.0088, -0.1833,  0.0894],
         [ 0.0922, -0.8871, -0.4522, -0.1916],
         [-0.1586, -0.4614,  0.8729,  1.0794],
         [ 0.0000,  0.0000,  0.0000,  1.0000]]])
2025-04-28T17:14:04.332379 - Final transform:
[[-0.98 -0.01 -0.18  0.17]
 [ 0.09 -0.89 -0.45 -0.21]
 [-0.15 -0.46  0.88  1.09]
 [ 0.    0.    0.    1.  ]]
2025-04-28T17:14:04.332379 - Pose:
tensor([[[-0.9843, -0.0111, -0.1760,  0.0890],
         [ 0.0898, -0.8904, -0.4463, -0.1949],
         [-0.1517, -0.4551,  0.8774,  1.0788],
         [ 0.0000,  0.0000,  0.0000,  1.0000]]])
2025-04-28T17:14:04.404176 - Final transform:
[[-0.99  0.   -0.16  0.17]
 [ 0.07 -0.9  -0.42 -0.21]
 [-0.15 -0.43  0.89  1.09]
 [ 0.    0.    0.    1.  ]]
2025-04-28T17:14:04.404176 - Pose:
tensor([[[-0.9869,  0.0022, -0.1614,  0.0895],
         [ 0.0668, -0.9047, -0.4207, -0.1924],
         [-0.1470, -0.4260,  0.8927,  1.0802],
         [ 0.0000,  0.0000,  0.0000,  1.0000]]])
2025-04-28T17:14:04.478053 - Final transform:
[[-0.98 -0.   -0.18  0.17]
 [ 0.09 -0.88 -0.47 -0.21]
 [-0.15 -0.48  0.87  1.09]
 [ 0.    0.    0.    1.  ]]
2025-04-28T17:14:04.478053 - Pose:
tensor([[[-0.9844, -0.0029, -0.1757,  0.0892],
         [ 0.0864, -0.8785, -0.4698, -0.1914],
         [-0.1530, -0.4776,  0.8651,  1.0805],
         [ 0.0000,  0.0000,  0.0000,  1.0000]]])
2025-04-28T17:14:04.547869 - Final transform:
[[-0.98 -0.   -0.19  0.17]
 [ 0.09 -0.89 -0.45 -0.21]
 [-0.17 -0.46  0.87  1.09]
 [ 0.    0.    0.    1.  ]]
2025-04-28T17:14:04.547869 - Pose:
tensor([[[-0.9815, -0.0022, -0.1916,  0.0891],
         [ 0.0892, -0.8903, -0.4465, -0.1931],
         [-0.1696, -0.4554,  0.8740,  1.0779],
         [ 0.0000,  0.0000,  0.0000,  1.0000]]])
2025-04-28T17:14:04.616803 - Final transform:
[[-0.99  0.   -0.16  0.17]
 [ 0.07 -0.89 -0.45 -0.21]
 [-0.14 -0.45  0.88  1.09]
 [ 0.    0.    0.    1.  ]]
2025-04-28T17:14:04.616803 - Pose:
tensor([[[-0.9875,  0.0012, -0.1576,  0.0890],
         [ 0.0699, -0.8928, -0.4450, -0.1939],
         [-0.1413, -0.4505,  0.8815,  1.0797],
         [ 0.0000,  0.0000,  0.0000,  1.0000]]])
2025-04-28T17:14:04.686631 - Final transform:
[[-0.98 -0.   -0.21  0.17]
 [ 0.1  -0.89 -0.44 -0.21]
 [-0.18 -0.46  0.87  1.09]
 [ 0.    0.    0.    1.  ]]
2025-04-28T17:14:04.686631 - Pose:
tensor([[[-0.9781, -0.0048, -0.2079,  0.0891],
         [ 0.0989, -0.8902, -0.4448, -0.1915],
         [-0.1829, -0.4556,  0.8712,  1.0813],
         [ 0.0000,  0.0000,  0.0000,  1.0000]]])
2025-04-28T17:14:04.751279 - Final transform:
[[-0.97  0.01 -0.23  0.17]
 [ 0.1  -0.88 -0.46 -0.21]
 [-0.21 -0.47  0.86  1.09]
 [ 0.    0.    0.    1.  ]]
2025-04-28T17:14:04.751279 - Pose:
tensor([[[-0.9731,  0.0110, -0.2301,  0.0889],
         [ 0.0979, -0.8846, -0.4560, -0.1896],
         [-0.2085, -0.4663,  0.8597,  1.0818],
         [ 0.0000,  0.0000,  0.0000,  1.0000]]])
2025-04-28T17:14:04.825112 - Final transform:
[[-0.98 -0.01 -0.17  0.17]
 [ 0.09 -0.89 -0.44 -0.21]
 [-0.15 -0.45  0.88  1.08]
 [ 0.    0.    0.    1.  ]]
2025-04-28T17:14:04.825112 - Pose:
tensor([[[-0.9846, -0.0127, -0.1743,  0.0887],
         [ 0.0900, -0.8918, -0.4433, -0.1942],
         [-0.1498, -0.4522,  0.8793,  1.0769],
         [ 0.0000,  0.0000,  0.0000,  1.0000]]])
2025-04-28T17:14:04.894444 - Final transform:
[[-0.98 -0.   -0.19  0.17]
 [ 0.09 -0.88 -0.46 -0.21]
 [-0.17 -0.47  0.87  1.09]
 [ 0.    0.    0.    1.  ]]
2025-04-28T17:14:04.894444 - Pose:
tensor([[[-0.9817, -0.0050, -0.1903,  0.0892],
         [ 0.0935, -0.8835, -0.4591, -0.1932],
         [-0.1658, -0.4685,  0.8678,  1.0782],
         [ 0.0000,  0.0000,  0.0000,  1.0000]]])
2025-04-28T17:14:04.960334 - Final transform:
[[-0.99  0.   -0.14  0.17]
 [ 0.06 -0.89 -0.45 -0.21]
 [-0.12 -0.46  0.88  1.09]
 [ 0.    0.    0.    1.  ]]
2025-04-28T17:14:04.960334 - Pose:
tensor([[[-9.9021e-01,  9.1173e-04, -1.3958e-01,  8.9308e-02],
         [ 6.3309e-02, -8.8827e-01, -4.5493e-01, -1.9118e-01],
         [-1.2440e-01, -4.5932e-01,  8.7952e-01,  1.0811e+00],
         [ 0.0000e+00,  0.0000e+00,  0.0000e+00,  1.0000e+00]]])
2025-04-28T17:14:05.028815 - Final transform:
[[-0.98  0.   -0.17  0.17]
 [ 0.08 -0.88 -0.47 -0.21]
 [-0.15 -0.47  0.87  1.09]
 [ 0.    0.    0.    1.  ]]
2025-04-28T17:14:05.028815 - Pose:
tensor([[[-0.9849,  0.0028, -0.1729,  0.0892],
         [ 0.0792, -0.8816, -0.4653, -0.1916],
         [-0.1537, -0.4719,  0.8681,  1.0797],
         [ 0.0000,  0.0000,  0.0000,  1.0000]]])
2025-04-28T17:14:05.096293 - Final transform:
[[-0.98 -0.01 -0.2   0.17]
 [ 0.1  -0.89 -0.45 -0.21]
 [-0.17 -0.46  0.87  1.09]
 [ 0.    0.    0.    1.  ]]
2025-04-28T17:14:05.096293 - Pose:
tensor([[[-0.9803, -0.0110, -0.1974,  0.0892],
         [ 0.1012, -0.8858, -0.4529, -0.1919],
         [-0.1698, -0.4640,  0.8694,  1.0816],
         [ 0.0000,  0.0000,  0.0000,  1.0000]]])
2025-04-28T17:14:05.162383 - Final transform:
[[-0.98 -0.01 -0.18  0.17]
 [ 0.09 -0.88 -0.47 -0.21]
 [-0.15 -0.48  0.86  1.08]
 [ 0.    0.    0.    1.  ]]
2025-04-28T17:14:05.162383 - Pose:
tensor([[[-0.9844, -0.0090, -0.1759,  0.0890],
         [ 0.0921, -0.8775, -0.4706, -0.1937],
         [-0.1501, -0.4794,  0.8646,  1.0762],
         [ 0.0000,  0.0000,  0.0000,  1.0000]]])
2025-04-28T17:14:05.229240 - Final transform:
[[-0.98 -0.01 -0.19  0.17]
 [ 0.09 -0.89 -0.45 -0.21]
 [-0.16 -0.46  0.88  1.09]
 [ 0.    0.    0.    1.  ]]
2025-04-28T17:14:05.229240 - Pose:
tensor([[[-0.9827, -0.0093, -0.1852,  0.0893],
         [ 0.0926, -0.8899, -0.4467, -0.1925],
         [-0.1606, -0.4561,  0.8753,  1.0784],
         [ 0.0000,  0.0000,  0.0000,  1.0000]]])
2025-04-28T17:14:05.295837 - Final transform:
[[-0.99 -0.01 -0.17  0.17]
 [ 0.09 -0.89 -0.45 -0.21]
 [-0.14 -0.46  0.88  1.09]
 [ 0.    0.    0.    1.  ]]
2025-04-28T17:14:05.295837 - Pose:
tensor([[[-0.9859, -0.0124, -0.1669,  0.0895],
         [ 0.0874, -0.8886, -0.4502, -0.1921],
         [-0.1428, -0.4585,  0.8772,  1.0795],
         [ 0.0000,  0.0000,  0.0000,  1.0000]]])
2025-04-28T17:14:05.364878 - Final transform:
[[-0.99 -0.01 -0.16  0.17]
 [ 0.08 -0.88 -0.47 -0.21]
 [-0.14 -0.48  0.87  1.08]
 [ 0.    0.    0.    1.  ]]
2025-04-28T17:14:05.364878 - Pose:
tensor([[[-0.9873, -0.0081, -0.1585,  0.0895],
         [ 0.0830, -0.8776, -0.4722, -0.1933],
         [-0.1352, -0.4793,  0.8672,  1.0791],
         [ 0.0000,  0.0000,  0.0000,  1.0000]]])
2025-04-28T17:14:05.431378 - Final transform:
[[-0.99 -0.   -0.17  0.17]
 [ 0.08 -0.89 -0.44 -0.21]
 [-0.15 -0.45  0.88  1.09]
 [ 0.    0.    0.    1.  ]]
2025-04-28T17:14:05.431378 - Pose:
tensor([[[-0.9853, -0.0015, -0.1706,  0.0894],
         [ 0.0779, -0.8936, -0.4421, -0.1921],
         [-0.1518, -0.4489,  0.8806,  1.0792],
         [ 0.0000,  0.0000,  0.0000,  1.0000]]])
2025-04-28T17:14:05.512696 - Final transform:
[[-0.98 -0.01 -0.19  0.17]
 [ 0.1  -0.88 -0.47 -0.21]
 [-0.16 -0.48  0.87  1.09]
 [ 0.    0.    0.    1.  ]]
2025-04-28T17:14:05.512696 - Pose:
tensor([[[-0.9826, -0.0116, -0.1851,  0.0890],
         [ 0.0982, -0.8794, -0.4659, -0.1914],
         [-0.1574, -0.4759,  0.8653,  1.0796],
         [ 0.0000,  0.0000,  0.0000,  1.0000]]])
2025-04-28T17:14:05.579212 - Final transform:
[[-0.98 -0.   -0.21  0.17]
 [ 0.1  -0.88 -0.46 -0.21]
 [-0.18 -0.47  0.86  1.09]
 [ 0.    0.    0.    1.  ]]
2025-04-28T17:14:05.579212 - Pose:
tensor([[[-0.9773, -0.0047, -0.2117,  0.0894],
         [ 0.1043, -0.8809, -0.4617, -0.1905],
         [-0.1843, -0.4733,  0.8614,  1.0805],
         [ 0.0000,  0.0000,  0.0000,  1.0000]]])
2025-04-28T17:14:05.647585 - Final transform:
[[-0.98 -0.02 -0.18  0.17]
 [ 0.1  -0.88 -0.47 -0.21]
 [-0.15 -0.48  0.87  1.09]
 [ 0.    0.    0.    1.  ]]
2025-04-28T17:14:05.647585 - Pose:
tensor([[[-0.9834, -0.0201, -0.1805,  0.0893],
         [ 0.1034, -0.8788, -0.4658, -0.1917],
         [-0.1492, -0.4767,  0.8663,  1.0797],
         [ 0.0000,  0.0000,  0.0000,  1.0000]]])
2025-04-28T17:14:05.714768 - Final transform:
[[-0.96 -0.01 -0.26  0.17]
 [ 0.14 -0.88 -0.46 -0.21]
 [-0.23 -0.48  0.85  1.09]
 [ 0.    0.    0.    1.  ]]
2025-04-28T17:14:05.714768 - Pose:
tensor([[[-0.9644, -0.0102, -0.2642,  0.0890],
         [ 0.1363, -0.8756, -0.4635, -0.1898],
         [-0.2266, -0.4830,  0.8458,  1.0801],
         [ 0.0000,  0.0000,  0.0000,  1.0000]]])
2025-04-28T17:14:05.780755 - Final transform:
[[-0.99 -0.01 -0.16  0.17]
 [ 0.09 -0.88 -0.46 -0.21]
 [-0.14 -0.47  0.87  1.08]
 [ 0.    0.    0.    1.  ]]
2025-04-28T17:14:05.780755 - Pose:
tensor([[[-0.9870, -0.0131, -0.1600,  0.0887],
         [ 0.0860, -0.8847, -0.4582, -0.1937],
         [-0.1355, -0.4660,  0.8743,  1.0770],
         [ 0.0000,  0.0000,  0.0000,  1.0000]]])
2025-04-28T17:14:05.852885 - Final transform:
[[-0.99 -0.01 -0.13  0.17]
 [ 0.07 -0.89 -0.45 -0.21]
 [-0.11 -0.45  0.88  1.09]
 [ 0.    0.    0.    1.  ]]
2025-04-28T17:14:05.852885 - Pose:
tensor([[[-0.9914, -0.0073, -0.1307,  0.0891],
         [ 0.0658, -0.8912, -0.4489, -0.1933],
         [-0.1132, -0.4536,  0.8840,  1.0808],
         [ 0.0000,  0.0000,  0.0000,  1.0000]]])
2025-04-28T17:14:05.922455 - Final transform:
[[-0.99 -0.01 -0.14  0.17]
 [ 0.07 -0.9  -0.43 -0.21]
 [-0.12 -0.43  0.89  1.08]
 [ 0.    0.    0.    1.  ]]
2025-04-28T17:14:05.922455 - Pose:
tensor([[[-0.9908, -0.0111, -0.1352,  0.0892],
         [ 0.0685, -0.9011, -0.4281, -0.1930],
         [-0.1171, -0.4334,  0.8936,  1.0794],
         [ 0.0000,  0.0000,  0.0000,  1.0000]]])
2025-04-28T17:14:05.992249 - Final transform:
[[-1.   -0.   -0.04  0.17]
 [ 0.02 -0.89 -0.45 -0.2 ]
 [-0.04 -0.45  0.89  1.08]
 [ 0.    0.    0.    1.  ]]
2025-04-28T17:14:05.992249 - Pose:
tensor([[[-0.9991, -0.0043, -0.0418,  0.0893],
         [ 0.0228, -0.8911, -0.4531, -0.1937],
         [-0.0353, -0.4537,  0.8905,  1.0817],
         [ 0.0000,  0.0000,  0.0000,  1.0000]]])
2025-04-28T17:14:06.060341 - Final transform:
[[-1.    0.01 -0.1   0.17]
 [ 0.04 -0.87 -0.49 -0.2 ]
 [-0.09 -0.49  0.87  1.08]
 [ 0.    0.    0.    1.  ]]
2025-04-28T17:14:06.060341 - Pose:
tensor([[[-0.9950,  0.0070, -0.0995,  0.0893],
         [ 0.0424, -0.8733, -0.4853, -0.1929],
         [-0.0903, -0.4871,  0.8687,  1.0776],
         [ 0.0000,  0.0000,  0.0000,  1.0000]]])
2025-04-28T17:14:06.130201 - Final transform:
[[-0.99 -0.   -0.13  0.17]
 [ 0.06 -0.9  -0.43 -0.21]
 [-0.12 -0.44  0.89  1.09]
 [ 0.    0.    0.    1.  ]]
2025-04-28T17:14:06.130201 - Pose:
tensor([[[-0.9916, -0.0018, -0.1295,  0.0896],
         [ 0.0582, -0.8992, -0.4336, -0.1933],
         [-0.1157, -0.4375,  0.8918,  1.0804],
         [ 0.0000,  0.0000,  0.0000,  1.0000]]])
2025-04-28T17:14:06.198682 - Final transform:
[[-0.98 -0.01 -0.2   0.17]
 [ 0.11 -0.87 -0.47 -0.21]
 [-0.16 -0.49  0.86  1.09]
 [ 0.    0.    0.    1.  ]]
2025-04-28T17:14:06.198682 - Pose:
tensor([[[-0.9806, -0.0145, -0.1953,  0.0895],
         [ 0.1072, -0.8742, -0.4736, -0.1922],
         [-0.1639, -0.4854,  0.8588,  1.0776],
         [ 0.0000,  0.0000,  0.0000,  1.0000]]])
2025-04-28T17:14:06.266864 - Final transform:
[[-0.99 -0.02 -0.17  0.17]
 [ 0.09 -0.89 -0.45 -0.21]
 [-0.14 -0.46  0.88  1.08]
 [ 0.    0.    0.    1.  ]]
2025-04-28T17:14:06.266864 - Pose:
tensor([[[-0.9858, -0.0154, -0.1671,  0.0891],
         [ 0.0905, -0.8872, -0.4524, -0.1945],
         [-0.1413, -0.4611,  0.8760,  1.0766],
         [ 0.0000,  0.0000,  0.0000,  1.0000]]])
2025-04-28T17:14:06.332993 - Final transform:
[[-0.98 -0.   -0.21  0.17]
 [ 0.1  -0.88 -0.46 -0.21]
 [-0.19 -0.47  0.86  1.09]
 [ 0.    0.    0.    1.  ]]
2025-04-28T17:14:06.332993 - Pose:
tensor([[[-0.9771, -0.0030, -0.2129,  0.0892],
         [ 0.1034, -0.8810, -0.4618, -0.1918],
         [-0.1862, -0.4732,  0.8611,  1.0789],
         [ 0.0000,  0.0000,  0.0000,  1.0000]]])
2025-04-28T17:14:06.400776 - Final transform:
[[-0.97 -0.02 -0.23  0.17]
 [ 0.12 -0.88 -0.45 -0.21]
 [-0.2  -0.47  0.86  1.09]
 [ 0.    0.    0.    1.  ]]
2025-04-28T17:14:06.400776 - Pose:
tensor([[[-0.9725, -0.0169, -0.2324,  0.0894],
         [ 0.1232, -0.8837, -0.4516, -0.1926],
         [-0.1977, -0.4678,  0.8614,  1.0775],
         [ 0.0000,  0.0000,  0.0000,  1.0000]]])
2025-04-28T17:14:06.468756 - Final transform:
[[-0.98 -0.01 -0.2   0.17]
 [ 0.1  -0.89 -0.44 -0.21]
 [-0.18 -0.46  0.87  1.09]
 [ 0.    0.    0.    1.  ]]
2025-04-28T17:14:06.468756 - Pose:
tensor([[[-0.9791, -0.0122, -0.2032,  0.0894],
         [ 0.1032, -0.8901, -0.4439, -0.1925],
         [-0.1755, -0.4556,  0.8727,  1.0787],
         [ 0.0000,  0.0000,  0.0000,  1.0000]]])
2025-04-28T17:14:06.538478 - Final transform:
[[-0.97 -0.01 -0.23  0.17]
 [ 0.12 -0.87 -0.48 -0.21]
 [-0.19 -0.49  0.85  1.09]
 [ 0.    0.    0.    1.  ]]
2025-04-28T17:14:06.538478 - Pose:
tensor([[[-0.9741, -0.0076, -0.2260,  0.0893],
         [ 0.1175, -0.8710, -0.4771, -0.1915],
         [-0.1932, -0.4913,  0.8493,  1.0787],
         [ 0.0000,  0.0000,  0.0000,  1.0000]]])
2025-04-28T17:14:06.606762 - Final transform:
[[-0.99 -0.02 -0.15  0.17]
 [ 0.09 -0.89 -0.45 -0.21]
 [-0.12 -0.46  0.88  1.08]
 [ 0.    0.    0.    1.  ]]
2025-04-28T17:14:06.606762 - Pose:
tensor([[[-0.9882, -0.0224, -0.1517,  0.0896],
         [ 0.0898, -0.8867, -0.4536, -0.1922],
         [-0.1244, -0.4619,  0.8782,  1.0791],
         [ 0.0000,  0.0000,  0.0000,  1.0000]]])
2025-04-28T17:14:06.673432 - Final transform:
[[-0.97 -0.01 -0.23  0.17]
 [ 0.11 -0.89 -0.44 -0.21]
 [-0.2  -0.45  0.87  1.09]
 [ 0.    0.    0.    1.  ]]
2025-04-28T17:14:06.673432 - Pose:
tensor([[[-0.9739, -0.0113, -0.2269,  0.0892],
         [ 0.1128, -0.8910, -0.4398, -0.1926],
         [-0.1972, -0.4539,  0.8690,  1.0789],
         [ 0.0000,  0.0000,  0.0000,  1.0000]]])
2025-04-28T17:14:06.738774 - Final transform:
[[-0.97  0.   -0.22  0.17]
 [ 0.1  -0.88 -0.46 -0.21]
 [-0.2  -0.48  0.86  1.09]
 [ 0.    0.    0.    1.  ]]
2025-04-28T17:14:06.738774 - Pose:
tensor([[[-0.9748,  0.0033, -0.2232,  0.0894],
         [ 0.1032, -0.8799, -0.4639, -0.1908],
         [-0.1979, -0.4752,  0.8573,  1.0807],
         [ 0.0000,  0.0000,  0.0000,  1.0000]]])
2025-04-28T17:14:06.805563 - Final transform:
[[-0.98 -0.01 -0.18  0.17]
 [ 0.09 -0.89 -0.45 -0.21]
 [-0.15 -0.46  0.87  1.09]
 [ 0.    0.    0.    1.  ]]
2025-04-28T17:14:06.805563 - Pose:
tensor([[[-0.9839, -0.0106, -0.1784,  0.0891],
         [ 0.0918, -0.8865, -0.4535, -0.1910],
         [-0.1534, -0.4625,  0.8732,  1.0794],
         [ 0.0000,  0.0000,  0.0000,  1.0000]]])
2025-04-28T17:14:06.871414 - Final transform:
[[-0.98  0.01 -0.21  0.17]
 [ 0.09 -0.89 -0.45 -0.21]
 [-0.19 -0.46  0.87  1.09]
 [ 0.    0.    0.    1.  ]]
2025-04-28T17:14:06.871414 - Pose:
tensor([[[-0.9766,  0.0091, -0.2148,  0.0892],
         [ 0.0905, -0.8889, -0.4491, -0.1897],
         [-0.1950, -0.4580,  0.8673,  1.0804],
         [ 0.0000,  0.0000,  0.0000,  1.0000]]])
2025-04-28T17:14:06.938577 - Final transform:
[[-0.99 -0.02 -0.16  0.17]
 [ 0.09 -0.89 -0.45 -0.21]
 [-0.13 -0.46  0.88  1.08]
 [ 0.    0.    0.    1.  ]]
2025-04-28T17:14:06.938577 - Pose:
tensor([[[-0.9868, -0.0182, -0.1608,  0.0891],
         [ 0.0904, -0.8861, -0.4545, -0.1929],
         [-0.1342, -0.4631,  0.8761,  1.0777],
         [ 0.0000,  0.0000,  0.0000,  1.0000]]])
2025-04-28T17:14:07.003713 - Final transform:
[[-0.98  0.   -0.2   0.17]
 [ 0.09 -0.9  -0.44 -0.21]
 [-0.18 -0.45  0.88  1.09]
 [ 0.    0.    0.    1.  ]]
2025-04-28T17:14:07.003713 - Pose:
tensor([[[-0.9798,  0.0024, -0.2002,  0.0891],
         [ 0.0871, -0.8952, -0.4371, -0.1914],
         [-0.1802, -0.4457,  0.8768,  1.0802],
         [ 0.0000,  0.0000,  0.0000,  1.0000]]])
2025-04-28T17:14:07.073674 - Final transform:
[[-0.98 -0.01 -0.2   0.17]
