2025-03-20T15:32:40.138162 - Final transform:
[[-0.14 -0.98  0.15 -0.12]
 [ 0.43  0.08  0.9   0.  ]
 [-0.89  0.2   0.41  0.73]
 [ 0.    0.    0.    1.  ]]
2025-03-20T15:32:40.138162 - Pose:
tensor([[[-0.1439, -0.9776,  0.1538, -0.1206],
         [ 0.4270,  0.0789,  0.9008,  0.0027],
         [-0.8927,  0.1954,  0.4061,  0.7368],
         [ 0.0000,  0.0000,  0.0000,  1.0000]]])
2025-03-20T15:32:40.207038 - Final transform:
[[-0.15 -0.98  0.15 -0.12]
 [ 0.41  0.08  0.91  0.  ]
 [-0.9   0.2   0.39  0.73]
 [ 0.    0.    0.    1.  ]]
2025-03-20T15:32:40.207038 - Pose:
tensor([[[-0.1518, -0.9767,  0.1518, -0.1202],
         [ 0.4108,  0.0773,  0.9085,  0.0029],
         [-0.8990,  0.2003,  0.3895,  0.7359],
         [ 0.0000,  0.0000,  0.0000,  1.0000]]])
2025-03-20T15:32:40.274438 - Final transform:
[[-0.17 -0.97  0.17 -0.12]
 [ 0.4   0.09  0.91  0.  ]
 [-0.9   0.22  0.38  0.74]
 [ 0.    0.    0.    1.  ]]
2025-03-20T15:32:40.274438 - Pose:
tensor([[[-0.1695, -0.9715,  0.1657, -0.1207],
         [ 0.4018,  0.0853,  0.9117,  0.0039],
         [-0.8999,  0.2211,  0.3759,  0.7376],
         [ 0.0000,  0.0000,  0.0000,  1.0000]]])
2025-03-20T15:32:40.341887 - Final transform:
[[-0.16 -0.97  0.16 -0.12]
 [ 0.41  0.08  0.91  0.  ]
 [-0.9   0.21  0.39  0.73]
 [ 0.    0.    0.    1.  ]]
2025-03-20T15:32:40.341887 - Pose:
tensor([[[-0.1613, -0.9745,  0.1559, -0.1205],
         [ 0.4093,  0.0777,  0.9091,  0.0031],
         [-0.8980,  0.2105,  0.3863,  0.7369],
         [ 0.0000,  0.0000,  0.0000,  1.0000]]])
2025-03-20T15:32:40.408461 - Final transform:
[[-0.14 -0.98  0.15 -0.12]
 [ 0.43  0.07  0.9   0.  ]
 [-0.89  0.19  0.41  0.73]
 [ 0.    0.    0.    1.  ]]
2025-03-20T15:32:40.408461 - Pose:
tensor([[[-0.1422, -0.9787,  0.1481, -0.1207],
         [ 0.4273,  0.0742,  0.9010,  0.0027],
         [-0.8929,  0.1914,  0.4077,  0.7363],
         [ 0.0000,  0.0000,  0.0000,  1.0000]]])
2025-03-20T15:32:40.476163 - Final transform:
[[-0.16 -0.98  0.16 -0.12]
 [ 0.4   0.08  0.91  0.  ]
 [-0.9   0.21  0.38  0.73]
 [ 0.    0.    0.    1.  ]]
2025-03-20T15:32:40.476163 - Pose:
tensor([[[-0.1554, -0.9751,  0.1584, -0.1210],
         [ 0.4009,  0.0842,  0.9122,  0.0035],
         [-0.9028,  0.2053,  0.3779,  0.7371],
         [ 0.0000,  0.0000,  0.0000,  1.0000]]])
2025-03-20T15:32:40.543294 - Final transform:
[[-0.16 -0.97  0.16 -0.12]
 [ 0.4   0.09  0.91  0.  ]
 [-0.9   0.21  0.38  0.74]
 [ 0.    0.    0.    1.  ]]
2025-03-20T15:32:40.543294 - Pose:
tensor([[[-0.1594, -0.9739,  0.1614, -0.1209],
         [ 0.3999,  0.0858,  0.9125,  0.0029],
         [-0.9026,  0.2100,  0.3758,  0.7378],
         [ 0.0000,  0.0000,  0.0000,  1.0000]]])
2025-03-20T15:32:40.610459 - Final transform:
[[-0.15 -0.98  0.15 -0.12]
 [ 0.42  0.08  0.91  0.  ]
 [-0.9   0.2   0.4   0.74]
 [ 0.    0.    0.    1.  ]]
2025-03-20T15:32:40.610459 - Pose:
tensor([[[-0.1455, -0.9775,  0.1527, -0.1205],
         [ 0.4173,  0.0793,  0.9053,  0.0030],
         [-0.8970,  0.1955,  0.3964,  0.7377],
         [ 0.0000,  0.0000,  0.0000,  1.0000]]])
2025-03-20T15:32:40.677841 - Final transform:
[[-0.14 -0.98  0.15 -0.12]
 [ 0.43  0.08  0.9   0.  ]
 [-0.89  0.19  0.42  0.73]
 [ 0.    0.    0.    1.  ]]
2025-03-20T15:32:40.677841 - Pose:
tensor([[[-0.1354, -0.9794,  0.1499, -0.1210],
         [ 0.4348,  0.0772,  0.8972,  0.0026],
         [-0.8903,  0.1867,  0.4154,  0.7372],
         [ 0.0000,  0.0000,  0.0000,  1.0000]]])
2025-03-20T15:32:40.745683 - Final transform:
[[-0.15 -0.98  0.16 -0.12]
 [ 0.39  0.08  0.92  0.  ]
 [-0.91  0.2   0.37  0.73]
 [ 0.    0.    0.    1.  ]]
2025-03-20T15:32:40.745683 - Pose:
tensor([[[-0.1543, -0.9755,  0.1569, -0.1208],
         [ 0.3939,  0.0849,  0.9152,  0.0043],
         [-0.9061,  0.2030,  0.3712,  0.7364],
         [ 0.0000,  0.0000,  0.0000,  1.0000]]])
2025-03-20T15:32:40.816787 - Final transform:
[[-0.16 -0.97  0.17 -0.12]
 [ 0.39  0.09  0.92  0.  ]
 [-0.91  0.21  0.36  0.73]
 [ 0.    0.    0.    1.  ]]
2025-03-20T15:32:40.816787 - Pose:
tensor([[[-0.1600, -0.9728,  0.1674, -0.1208],
         [ 0.3895,  0.0936,  0.9163,  0.0036],
         [-0.9070,  0.2118,  0.3639,  0.7365],
         [ 0.0000,  0.0000,  0.0000,  1.0000]]])
2025-03-20T15:32:40.900478 - Final transform:
[[-0.15 -0.98  0.16 -0.12]
 [ 0.43  0.09  0.9   0.  ]
 [-0.89  0.2   0.41  0.73]
 [ 0.    0.    0.    1.  ]]
2025-03-20T15:32:40.900478 - Pose:
tensor([[[-0.1483, -0.9753,  0.1634, -0.1209],
         [ 0.4308,  0.0850,  0.8984,  0.0022],
         [-0.8902,  0.2037,  0.4076,  0.7365],
         [ 0.0000,  0.0000,  0.0000,  1.0000]]])
2025-03-20T15:32:40.975484 - Final transform:
[[-0.13 -0.98  0.15 -0.12]
 [ 0.42  0.08  0.9   0.  ]
 [-0.9   0.18  0.4   0.73]
 [ 0.    0.    0.    1.  ]]
2025-03-20T15:32:40.975484 - Pose:
tensor([[[-0.1335, -0.9796,  0.1504, -0.1203],
         [ 0.4226,  0.0810,  0.9027,  0.0024],
         [-0.8965,  0.1840,  0.4031,  0.7368],
         [ 0.0000,  0.0000,  0.0000,  1.0000]]])
2025-03-20T15:32:41.049670 - Final transform:
[[-0.15 -0.98  0.16 -0.12]
 [ 0.43  0.08  0.9   0.  ]
 [-0.89  0.2   0.41  0.73]
 [ 0.    0.    0.    1.  ]]
2025-03-20T15:32:41.049670 - Pose:
tensor([[[-0.1532, -0.9757,  0.1565, -0.1204],
         [ 0.4284,  0.0772,  0.9003,  0.0026],
         [-0.8905,  0.2049,  0.4062,  0.7372],
         [ 0.0000,  0.0000,  0.0000,  1.0000]]])
2025-03-20T15:32:41.119265 - Final transform:
[[-0.13 -0.98  0.15 -0.12]
 [ 0.42  0.08  0.9   0.  ]
 [-0.9   0.18  0.4   0.73]
 [ 0.    0.    0.    1.  ]]
2025-03-20T15:32:41.119265 - Pose:
tensor([[[-0.1311, -0.9797,  0.1516, -0.1208],
         [ 0.4172,  0.0842,  0.9049,  0.0023],
         [-0.8993,  0.1819,  0.3977,  0.7353],
         [ 0.0000,  0.0000,  0.0000,  1.0000]]])
2025-03-20T15:32:41.187174 - Final transform:
[[-0.13 -0.98  0.16 -0.12]
 [ 0.38  0.1   0.92  0.  ]
 [-0.91  0.18  0.36  0.74]
 [ 0.    0.    0.    1.  ]]
2025-03-20T15:32:41.187174 - Pose:
tensor([[[-0.1291, -0.9787,  0.1599, -0.1208],
         [ 0.3832,  0.0995,  0.9183,  0.0035],
         [-0.9146,  0.1798,  0.3622,  0.7375],
         [ 0.0000,  0.0000,  0.0000,  1.0000]]])
2025-03-20T15:32:41.253733 - Final transform:
[[-0.13 -0.98  0.15 -0.12]
 [ 0.42  0.08  0.91  0.  ]
 [-0.9   0.18  0.4   0.73]
 [ 0.    0.    0.    1.  ]]
2025-03-20T15:32:41.253733 - Pose:
tensor([[[-0.1300, -0.9801,  0.1500, -0.1205],
         [ 0.4156,  0.0835,  0.9057,  0.0026],
         [-0.9002,  0.1801,  0.3965,  0.7370],
         [ 0.0000,  0.0000,  0.0000,  1.0000]]])
2025-03-20T15:32:41.320637 - Final transform:
[[-0.12 -0.98  0.15 -0.12]
 [ 0.41  0.09  0.91  0.  ]
 [-0.91  0.17  0.39  0.74]
 [ 0.    0.    0.    1.  ]]
2025-03-20T15:32:41.320637 - Pose:
tensor([[[-0.1208, -0.9807,  0.1540, -0.1211],
         [ 0.4078,  0.0924,  0.9084,  0.0031],
         [-0.9050,  0.1725,  0.3888,  0.7389],
         [ 0.0000,  0.0000,  0.0000,  1.0000]]])
2025-03-20T15:32:41.388672 - Final transform:
[[-0.11 -0.98  0.15 -0.12]
 [ 0.38  0.1   0.92  0.  ]
 [-0.92  0.15  0.36  0.74]
 [ 0.    0.    0.    1.  ]]
2025-03-20T15:32:41.388672 - Pose:
tensor([[[-0.1064, -0.9831,  0.1487, -0.1204],
         [ 0.3781,  0.0983,  0.9205,  0.0035],
         [-0.9196,  0.1542,  0.3613,  0.7379],
         [ 0.0000,  0.0000,  0.0000,  1.0000]]])
2025-03-20T15:32:41.458798 - Final transform:
[[-0.13 -0.98  0.16 -0.12]
 [ 0.38  0.1   0.92  0.  ]
 [-0.92  0.18  0.36  0.74]
 [ 0.    0.    0.    1.  ]]
2025-03-20T15:32:41.458798 - Pose:
tensor([[[-0.1280, -0.9794,  0.1561, -0.1210],
         [ 0.3770,  0.0975,  0.9211,  0.0035],
         [-0.9173,  0.1768,  0.3568,  0.7386],
         [ 0.0000,  0.0000,  0.0000,  1.0000]]])
2025-03-20T15:32:41.526648 - Final transform:
[[-0.15 -0.97  0.16 -0.12]
 [ 0.4   0.09  0.91  0.  ]
 [-0.9   0.21  0.38  0.74]
 [ 0.    0.    0.    1.  ]]
2025-03-20T15:32:41.526648 - Pose:
tensor([[[-0.1550, -0.9741,  0.1647, -0.1211],
         [ 0.4034,  0.0898,  0.9106,  0.0031],
         [-0.9018,  0.2076,  0.3791,  0.7387],
         [ 0.0000,  0.0000,  0.0000,  1.0000]]])
2025-03-20T15:32:41.597144 - Final transform:
[[-0.15 -0.98  0.15 -0.12]
 [ 0.39  0.08  0.92  0.  ]
 [-0.91  0.2   0.37  0.74]
 [ 0.    0.    0.    1.  ]]
2025-03-20T15:32:41.597144 - Pose:
tensor([[[-0.1536, -0.9764,  0.1518, -0.1206],
         [ 0.3886,  0.0816,  0.9178,  0.0031],
         [-0.9085,  0.2000,  0.3669,  0.7376],
         [ 0.0000,  0.0000,  0.0000,  1.0000]]])
2025-03-20T15:32:41.665310 - Final transform:
[[-0.15 -0.98  0.15 -0.12]
 [ 0.44  0.07  0.89  0.  ]
 [-0.88  0.2   0.42  0.73]
 [ 0.    0.    0.    1.  ]]
2025-03-20T15:32:41.665310 - Pose:
tensor([[[-0.1522, -0.9765,  0.1528, -0.1210],
         [ 0.4410,  0.0713,  0.8947,  0.0031],
         [-0.8845,  0.2036,  0.4197,  0.7370],
         [ 0.0000,  0.0000,  0.0000,  1.0000]]])
2025-03-20T15:32:41.733133 - Final transform:
[[-0.17 -0.97  0.16 -0.12]
 [ 0.43  0.07  0.9   0.  ]
 [-0.89  0.22  0.4   0.73]
 [ 0.    0.    0.    1.  ]]
2025-03-20T15:32:41.733133 - Pose:
tensor([[[-0.1684, -0.9732,  0.1567, -0.1207],
         [ 0.4268,  0.0713,  0.9015,  0.0033],
         [-0.8885,  0.2187,  0.4034,  0.7368],
         [ 0.0000,  0.0000,  0.0000,  1.0000]]])
2025-03-20T15:32:41.800934 - Final transform:
[[-0.15 -0.98  0.15 -0.12]
 [ 0.43  0.07  0.9   0.  ]
 [-0.89  0.2   0.41  0.73]
 [ 0.    0.    0.    1.  ]]
2025-03-20T15:32:41.800934 - Pose:
tensor([[[-0.1547, -0.9765,  0.1501, -0.1203],
         [ 0.4312,  0.0700,  0.8996,  0.0035],
         [-0.8889,  0.2039,  0.4102,  0.7357],
         [ 0.0000,  0.0000,  0.0000,  1.0000]]])
2025-03-20T15:32:41.876164 - Final transform:
[[-0.15 -0.98  0.15 -0.12]
 [ 0.42  0.07  0.9   0.  ]
 [-0.9   0.2   0.4   0.73]
 [ 0.    0.    0.    1.  ]]
2025-03-20T15:32:41.876164 - Pose:
tensor([[[-0.1510, -0.9773,  0.1485, -0.1208],
         [ 0.4196,  0.0726,  0.9048,  0.0029],
         [-0.8950,  0.1989,  0.3991,  0.7366],
         [ 0.0000,  0.0000,  0.0000,  1.0000]]])
2025-03-20T15:32:41.944453 - Final transform:
[[-0.15 -0.98  0.15 -0.12]
 [ 0.43  0.07  0.9   0.  ]
 [-0.89  0.2   0.41  0.73]
 [ 0.    0.    0.    1.  ]]
2025-03-20T15:32:41.944453 - Pose:
tensor([[[-0.1548, -0.9763,  0.1512, -0.1203],
         [ 0.4327,  0.0705,  0.8988,  0.0031],
         [-0.8882,  0.2046,  0.4115,  0.7370],
         [ 0.0000,  0.0000,  0.0000,  1.0000]]])
2025-03-20T15:32:42.011864 - Final transform:
[[-0.13 -0.98  0.15 -0.12]
 [ 0.4   0.08  0.91  0.  ]
 [-0.91  0.18  0.38  0.73]
 [ 0.    0.    0.    1.  ]]
2025-03-20T15:32:42.011864 - Pose:
tensor([[[-0.1315, -0.9806,  0.1455, -0.1203],
         [ 0.3971,  0.0824,  0.9141,  0.0031],
         [-0.9083,  0.1780,  0.3786,  0.7361],
         [ 0.0000,  0.0000,  0.0000,  1.0000]]])
2025-03-20T15:32:42.079186 - Final transform:
[[-0.16 -0.97  0.16 -0.12]
 [ 0.42  0.08  0.9   0.  ]
 [-0.89  0.21  0.4   0.73]
 [ 0.    0.    0.    1.  ]]
2025-03-20T15:32:42.079186 - Pose:
tensor([[[-0.1611, -0.9742,  0.1583, -0.1206],
         [ 0.4240,  0.0765,  0.9024,  0.0030],
         [-0.8912,  0.2125,  0.4007,  0.7360],
         [ 0.0000,  0.0000,  0.0000,  1.0000]]])
2025-03-20T15:32:42.158816 - Final transform:
[[-0.14 -0.98  0.16 -0.12]
 [ 0.41  0.09  0.91  0.  ]
 [-0.9   0.2   0.39  0.74]
 [ 0.    0.    0.    1.  ]]
2025-03-20T15:32:42.158816 - Pose:
tensor([[[-0.1425, -0.9768,  0.1598, -0.1209],
         [ 0.4120,  0.0882,  0.9069,  0.0032],
         [-0.9000,  0.1950,  0.3899,  0.7382],
         [ 0.0000,  0.0000,  0.0000,  1.0000]]])
2025-03-20T15:32:42.230173 - Final transform:
[[-0.14 -0.98  0.16 -0.12]
 [ 0.4   0.09  0.91  0.  ]
 [-0.91  0.19  0.38  0.74]
 [ 0.    0.    0.    1.  ]]
2025-03-20T15:32:42.230173 - Pose:
tensor([[[-0.1432, -0.9770,  0.1581, -0.1208],
         [ 0.3990,  0.0892,  0.9126,  0.0031],
         [-0.9057,  0.1938,  0.3770,  0.7385],
         [ 0.0000,  0.0000,  0.0000,  1.0000]]])
2025-03-20T15:32:42.306110 - Final transform:
[[-0.15 -0.97  0.16 -0.12]
 [ 0.43  0.08  0.9   0.  ]
 [-0.89  0.21  0.41  0.74]
 [ 0.    0.    0.    1.  ]]
2025-03-20T15:32:42.306110 - Pose:
tensor([[[-0.1543, -0.9745,  0.1632, -0.1205],
         [ 0.4327,  0.0818,  0.8978,  0.0028],
         [-0.8883,  0.2092,  0.4090,  0.7376],
         [ 0.0000,  0.0000,  0.0000,  1.0000]]])
2025-03-20T15:32:42.374410 - Final transform:
[[-0.16 -0.98  0.15 -0.12]
 [ 0.42  0.08  0.9   0.  ]
 [-0.89  0.21  0.4   0.73]
 [ 0.    0.    0.    1.  ]]
2025-03-20T15:32:42.374410 - Pose:
tensor([[[-0.1554, -0.9757,  0.1547, -0.1207],
         [ 0.4192,  0.0767,  0.9046,  0.0027],
         [-0.8945,  0.2054,  0.3971,  0.7358],
         [ 0.0000,  0.0000,  0.0000,  1.0000]]])
2025-03-20T15:32:42.448284 - Final transform:
[[-0.16 -0.97  0.16 -0.12]
 [ 0.38  0.09  0.92  0.  ]
 [-0.91  0.21  0.35  0.74]
 [ 0.    0.    0.    1.  ]]
2025-03-20T15:32:42.448284 - Pose:
tensor([[[-0.1627, -0.9739,  0.1584, -0.1205],
         [ 0.3777,  0.0869,  0.9219,  0.0035],
         [-0.9115,  0.2099,  0.3537,  0.7379],
         [ 0.0000,  0.0000,  0.0000,  1.0000]]])
2025-03-20T15:32:42.520405 - Final transform:
[[-0.15 -0.98  0.16 -0.12]
 [ 0.39  0.1   0.92  0.  ]
 [-0.91  0.2   0.36  0.74]
 [ 0.    0.    0.    1.  ]]
2025-03-20T15:32:42.520405 - Pose:
tensor([[[-0.1485, -0.9752,  0.1643, -0.1212],
         [ 0.3873,  0.0955,  0.9170,  0.0034],
         [-0.9099,  0.1998,  0.3635,  0.7384],
         [ 0.0000,  0.0000,  0.0000,  1.0000]]])
2025-03-20T15:32:42.592556 - Final transform:
[[-0.14 -0.98  0.15 -0.12]
 [ 0.39  0.08  0.92  0.  ]
 [-0.91  0.19  0.37  0.74]
 [ 0.    0.    0.    1.  ]]
2025-03-20T15:32:42.592556 - Pose:
tensor([[[-0.1394, -0.9789,  0.1494, -0.1210],
         [ 0.3933,  0.0838,  0.9156,  0.0029],
         [-0.9088,  0.1864,  0.3734,  0.7390],
         [ 0.0000,  0.0000,  0.0000,  1.0000]]])
2025-03-20T15:32:42.661410 - Final transform:
[[-0.16 -0.98  0.15 -0.12]
 [ 0.39  0.08  0.92  0.  ]
 [-0.91  0.21  0.37  0.73]
 [ 0.    0.    0.    1.  ]]
2025-03-20T15:32:42.661410 - Pose:
tensor([[[-0.1610, -0.9754,  0.1507, -0.1205],
         [ 0.3889,  0.0776,  0.9180,  0.0032],
         [-0.9071,  0.2064,  0.3668,  0.7365],
         [ 0.0000,  0.0000,  0.0000,  1.0000]]])
2025-03-20T15:32:42.728827 - Final transform:
[[-0.16 -0.97  0.16 -0.12]
 [ 0.4   0.09  0.91  0.  ]
 [-0.9   0.22  0.38  0.73]
 [ 0.    0.    0.    1.  ]]
2025-03-20T15:32:42.728827 - Pose:
tensor([[[-0.1639, -0.9729,  0.1631, -0.1211],
         [ 0.4022,  0.0851,  0.9116,  0.0028],
         [-0.9007,  0.2150,  0.3774,  0.7366],
         [ 0.0000,  0.0000,  0.0000,  1.0000]]])
2025-03-20T15:32:42.796723 - Final transform:
[[-0.17 -0.97  0.17 -0.12]
 [ 0.42  0.08  0.91  0.  ]
 [-0.89  0.22  0.39  0.74]
 [ 0.    0.    0.    1.  ]]
2025-03-20T15:32:42.796723 - Pose:
tensor([[[-0.1719, -0.9710,  0.1660, -0.1207],
         [ 0.4169,  0.0810,  0.9054,  0.0032],
         [-0.8926,  0.2248,  0.3909,  0.7391],
         [ 0.0000,  0.0000,  0.0000,  1.0000]]])
2025-03-20T15:32:42.861451 - Final transform:
[[-0.18 -0.97  0.17 -0.12]
 [ 0.39  0.09  0.92  0.  ]
 [-0.9   0.23  0.36  0.74]
 [ 0.    0.    0.    1.  ]]
2025-03-20T15:32:42.861451 - Pose:
tensor([[[-0.1784, -0.9686,  0.1732, -0.1215],
         [ 0.3906,  0.0919,  0.9160,  0.0031],
         [-0.9031,  0.2310,  0.3620,  0.7393],
         [ 0.0000,  0.0000,  0.0000,  1.0000]]])
2025-03-20T15:32:42.927960 - Final transform:
[[-0.16 -0.98  0.15 -0.12]
 [ 0.42  0.07  0.9   0.  ]
 [-0.89  0.21  0.4   0.73]
 [ 0.    0.    0.    1.  ]]
2025-03-20T15:32:42.927960 - Pose:
tensor([[[-0.1600, -0.9751,  0.1538, -0.1203],
         [ 0.4202,  0.0737,  0.9044,  0.0037],
         [-0.8932,  0.2093,  0.3980,  0.7358],
         [ 0.0000,  0.0000,  0.0000,  1.0000]]])
2025-03-20T15:32:42.994403 - Final transform:
[[-0.16 -0.97  0.16 -0.12]
 [ 0.39  0.08  0.92  0.  ]
 [-0.91  0.21  0.37  0.74]
 [ 0.    0.    0.    1.  ]]
2025-03-20T15:32:42.994403 - Pose:
tensor([[[-0.1566, -0.9750,  0.1578, -0.1206],
         [ 0.3939,  0.0848,  0.9152,  0.0039],
         [-0.9057,  0.2055,  0.3708,  0.7388],
         [ 0.0000,  0.0000,  0.0000,  1.0000]]])
2025-03-20T15:32:43.066766 - Final transform:
[[-0.15 -0.98  0.15 -0.12]
 [ 0.41  0.08  0.91  0.  ]
 [-0.9   0.2   0.39  0.73]
 [ 0.    0.    0.    1.  ]]
2025-03-20T15:32:43.066766 - Pose:
tensor([[[-0.1501, -0.9768,  0.1528, -0.1204],
         [ 0.4121,  0.0787,  0.9077,  0.0023],
         [-0.8987,  0.1992,  0.3907,  0.7369],
         [ 0.0000,  0.0000,  0.0000,  1.0000]]])
2025-03-20T15:32:43.134792 - Final transform:
[[-0.16 -0.97  0.16 -0.12]
 [ 0.43  0.07  0.9   0.  ]
 [-0.89  0.21  0.41  0.73]
 [ 0.    0.    0.    1.  ]]
2025-03-20T15:32:43.134792 - Pose:
tensor([[[-0.1614, -0.9742,  0.1575, -0.1206],
         [ 0.4284,  0.0746,  0.9005,  0.0032],
         [-0.8891,  0.2128,  0.4053,  0.7371],
         [ 0.0000,  0.0000,  0.0000,  1.0000]]])
2025-03-20T15:32:43.216931 - Final transform:
[[-0.14 -0.98  0.16 -0.12]
 [ 0.41  0.09  0.91  0.  ]
 [-0.9   0.19  0.39  0.73]
 [ 0.    0.    0.    1.  ]]
2025-03-20T15:32:43.216931 - Pose:
tensor([[[-0.1422, -0.9774,  0.1563, -0.1209],
         [ 0.4082,  0.0860,  0.9088,  0.0038],
         [-0.9017,  0.1930,  0.3868,  0.7372],
         [ 0.0000,  0.0000,  0.0000,  1.0000]]])
2025-03-20T15:32:43.293949 - Final transform:
[[-0.15 -0.98  0.16 -0.12]
 [ 0.4   0.09  0.91  0.  ]
 [-0.9   0.2   0.38  0.73]
 [ 0.    0.    0.    1.  ]]
2025-03-20T15:32:43.293949 - Pose:
tensor([[[-0.1460, -0.9757,  0.1633, -0.1207],
         [ 0.3996,  0.0929,  0.9120,  0.0040],
         [-0.9050,  0.1984,  0.3763,  0.7352],
         [ 0.0000,  0.0000,  0.0000,  1.0000]]])
2025-03-20T15:32:43.360498 - Final transform:
[[-0.16 -0.97  0.16 -0.12]
 [ 0.4   0.09  0.91  0.  ]
 [-0.9   0.21  0.38  0.73]
 [ 0.    0.    0.    1.  ]]
2025-03-20T15:32:43.360498 - Pose:
tensor([[[-0.1579, -0.9742,  0.1612, -0.1208],
         [ 0.4004,  0.0861,  0.9123,  0.0029],
         [-0.9026,  0.2086,  0.3765,  0.7371],
         [ 0.0000,  0.0000,  0.0000,  1.0000]]])
2025-03-20T15:32:43.430732 - Final transform:
[[-0.15 -0.98  0.16 -0.12]
 [ 0.41  0.08  0.91  0.  ]
 [-0.9   0.2   0.39  0.74]
 [ 0.    0.    0.    1.  ]]
2025-03-20T15:32:43.430732 - Pose:
tensor([[[-0.1526, -0.9757,  0.1571, -0.1209],
         [ 0.4144,  0.0812,  0.9065,  0.0029],
         [-0.8972,  0.2035,  0.3920,  0.7376],
         [ 0.0000,  0.0000,  0.0000,  1.0000]]])
2025-03-20T15:32:43.498418 - Final transform:
[[-0.14 -0.98  0.15 -0.12]
 [ 0.44  0.08  0.9   0.  ]
 [-0.89  0.19  0.41  0.73]
 [ 0.    0.    0.    1.  ]]
2025-03-20T15:32:43.498418 - Pose:
tensor([[[-0.1423, -0.9777,  0.1542, -0.1206],
         [ 0.4357,  0.0780,  0.8967,  0.0034],
         [-0.8887,  0.1948,  0.4149,  0.7371],
         [ 0.0000,  0.0000,  0.0000,  1.0000]]])
2025-03-20T15:32:43.578980 - Final transform:
[[-0.13 -0.98  0.15 -0.12]
 [ 0.41  0.08  0.91  0.  ]
 [-0.9   0.18  0.39  0.74]
 [ 0.    0.    0.    1.  ]]
2025-03-20T15:32:43.578980 - Pose:
tensor([[[-0.1317, -0.9799,  0.1495, -0.1206],
         [ 0.4135,  0.0828,  0.9067,  0.0028],
         [-0.9009,  0.1813,  0.3943,  0.7383],
         [ 0.0000,  0.0000,  0.0000,  1.0000]]])
2025-03-20T15:32:43.649441 - Final transform:
[[-0.13 -0.98  0.15 -0.12]
 [ 0.45  0.08  0.89  0.  ]
 [-0.88  0.19  0.43  0.73]
 [ 0.    0.    0.    1.  ]]
2025-03-20T15:32:43.649441 - Pose:
tensor([[[-0.1310, -0.9796,  0.1525, -0.1204],
         [ 0.4486,  0.0786,  0.8903,  0.0024],
         [-0.8841,  0.1850,  0.4291,  0.7363],
         [ 0.0000,  0.0000,  0.0000,  1.0000]]])
2025-03-20T15:32:43.718261 - Final transform:
[[-0.13 -0.98  0.15 -0.12]
 [ 0.39  0.09  0.91  0.  ]
 [-0.91  0.18  0.38  0.74]
 [ 0.    0.    0.    1.  ]]
2025-03-20T15:32:43.718261 - Pose:
tensor([[[-0.1296, -0.9800,  0.1509, -0.1208],
         [ 0.3949,  0.0886,  0.9145,  0.0033],
         [-0.9096,  0.1780,  0.3755,  0.7379],
         [ 0.0000,  0.0000,  0.0000,  1.0000]]])
2025-03-20T15:32:43.784865 - Final transform:
[[-0.14 -0.98  0.15 -0.12]
 [ 0.4   0.08  0.91  0.  ]
 [-0.9   0.19  0.38  0.74]
 [ 0.    0.    0.    1.  ]]
2025-03-20T15:32:43.784865 - Pose:
tensor([[[-0.1448, -0.9775,  0.1536, -0.1207],
         [ 0.4031,  0.0835,  0.9114,  0.0038],
         [-0.9037,  0.1938,  0.3819,  0.7374],
         [ 0.0000,  0.0000,  0.0000,  1.0000]]])
2025-03-20T15:32:43.857112 - Final transform:
[[-0.15 -0.97  0.16 -0.12]
 [ 0.41  0.09  0.91  0.  ]
 [-0.9   0.2   0.39  0.74]
 [ 0.    0.    0.    1.  ]]
2025-03-20T15:32:43.857112 - Pose:
tensor([[[-0.1522, -0.9750,  0.1620, -0.1209],
         [ 0.4113,  0.0865,  0.9074,  0.0033],
         [-0.8987,  0.2048,  0.3878,  0.7375],
         [ 0.0000,  0.0000,  0.0000,  1.0000]]])
2025-03-20T15:32:43.924635 - Final transform:
[[-0.15 -0.98  0.16 -0.12]
 [ 0.37  0.1   0.92  0.  ]
 [-0.92  0.2   0.35  0.74]
 [ 0.    0.    0.    1.  ]]
2025-03-20T15:32:43.924635 - Pose:
tensor([[[-0.1508, -0.9753,  0.1615, -0.1208],
         [ 0.3710,  0.0956,  0.9237,  0.0040],
         [-0.9163,  0.1992,  0.3474,  0.7379],
         [ 0.0000,  0.0000,  0.0000,  1.0000]]])
2025-03-20T15:32:43.994545 - Final transform:
[[-0.15 -0.98  0.16 -0.12]
 [ 0.4   0.08  0.91  0.  ]
 [-0.9   0.2   0.37  0.74]
 [ 0.    0.    0.    1.  ]]
2025-03-20T15:32:43.994545 - Pose:
tensor([[[-0.1531, -0.9757,  0.1570, -0.1204],
         [ 0.3975,  0.0847,  0.9137,  0.0029],
         [-0.9048,  0.2023,  0.3748,  0.7378],
         [ 0.0000,  0.0000,  0.0000,  1.0000]]])
2025-03-20T15:32:44.063837 - Final transform:
[[-0.14 -0.98  0.16 -0.12]
 [ 0.39  0.09  0.91  0.  ]
 [-0.91  0.19  0.37  0.74]
 [ 0.    0.    0.    1.  ]]
2025-03-20T15:32:44.063837 - Pose:
tensor([[[-0.1436, -0.9767,  0.1596, -0.1211],
         [ 0.3948,  0.0913,  0.9142,  0.0027],
         [-0.9075,  0.1943,  0.3725,  0.7399],
         [ 0.0000,  0.0000,  0.0000,  1.0000]]])
2025-03-20T15:32:44.128929 - Final transform:
[[-0.16 -0.97  0.16 -0.12]
 [ 0.4   0.08  0.91  0.  ]
 [-0.9   0.21  0.37  0.73]
 [ 0.    0.    0.    1.  ]]
2025-03-20T15:32:44.128929 - Pose:
tensor([[[-0.1583, -0.9750,  0.1560, -0.1208],
         [ 0.3968,  0.0819,  0.9143,  0.0030],
         [-0.9042,  0.2066,  0.3739,  0.7370],
         [ 0.0000,  0.0000,  0.0000,  1.0000]]])
2025-03-20T15:32:44.192707 - Final transform:
[[-0.16 -0.98  0.15 -0.12]
 [ 0.43  0.07  0.9   0.  ]
 [-0.89  0.21  0.41  0.73]
 [ 0.    0.    0.    1.  ]]
2025-03-20T15:32:44.192707 - Pose:
tensor([[[-0.1554, -0.9760,  0.1523, -0.1204],
         [ 0.4313,  0.0717,  0.8994,  0.0030],
         [-0.8887,  0.2055,  0.4098,  0.7354],
         [ 0.0000,  0.0000,  0.0000,  1.0000]]])
2025-03-20T15:32:44.260034 - Final transform:
[[-0.15 -0.98  0.16 -0.12]
 [ 0.43  0.08  0.9   0.  ]
 [-0.89  0.2   0.41  0.73]
 [ 0.    0.    0.    1.  ]]
2025-03-20T15:32:44.260034 - Pose:
tensor([[[-0.1455, -0.9770,  0.1556, -0.1205],
         [ 0.4269,  0.0798,  0.9008,  0.0032],
         [-0.8925,  0.1975,  0.4055,  0.7369],
         [ 0.0000,  0.0000,  0.0000,  1.0000]]])
2025-03-20T15:32:44.327483 - Final transform:
[[-0.15 -0.98  0.15 -0.12]
 [ 0.43  0.07  0.9   0.  ]
 [-0.89  0.2   0.41  0.73]
 [ 0.    0.    0.    1.  ]]
2025-03-20T15:32:44.327483 - Pose:
tensor([[[-0.1464, -0.9777,  0.1505, -0.1205],
         [ 0.4275,  0.0747,  0.9009,  0.0030],
         [-0.8921,  0.1963,  0.4070,  0.7367],
         [ 0.0000,  0.0000,  0.0000,  1.0000]]])
2025-03-20T15:32:44.394451 - Final transform:
[[-0.17 -0.97  0.17 -0.12]
 [ 0.41  0.09  0.91  0.  ]
 [-0.9   0.22  0.39  0.74]
 [ 0.    0.    0.    1.  ]]
2025-03-20T15:32:44.394451 - Pose:
tensor([[[-0.1651, -0.9718,  0.1682, -0.1209],
         [ 0.4113,  0.0871,  0.9073,  0.0030],
         [-0.8964,  0.2189,  0.3854,  0.7382],
         [ 0.0000,  0.0000,  0.0000,  1.0000]]])
2025-03-20T15:32:44.462130 - Final transform:
[[-0.16 -0.97  0.16 -0.12]
 [ 0.43  0.08  0.9   0.  ]
 [-0.89  0.21  0.4   0.73]
 [ 0.    0.    0.    1.  ]]
2025-03-20T15:32:44.462130 - Pose:
tensor([[[-0.1578, -0.9748,  0.1577, -0.1205],
         [ 0.4259,  0.0768,  0.9015,  0.0033],
         [-0.8909,  0.2094,  0.4031,  0.7334],
         [ 0.0000,  0.0000,  0.0000,  1.0000]]])
2025-03-20T15:32:44.537595 - Final transform:
[[-0.15 -0.98  0.15 -0.12]
 [ 0.41  0.08  0.91  0.  ]
 [-0.9   0.2   0.39  0.73]
 [ 0.    0.    0.    1.  ]]
2025-03-20T15:32:44.537595 - Pose:
tensor([[[-0.1485, -0.9776,  0.1493, -0.1203],
         [ 0.4087,  0.0768,  0.9094,  0.0030],
         [-0.9005,  0.1961,  0.3882,  0.7368],
         [ 0.0000,  0.0000,  0.0000,  1.0000]]])
2025-03-20T15:32:44.618874 - Final transform:
[[-0.13 -0.98  0.16 -0.12]
 [ 0.4   0.09  0.91  0.  ]
 [-0.91  0.18  0.38  0.74]
 [ 0.    0.    0.    1.  ]]
2025-03-20T15:32:44.618874 - Pose:
tensor([[[-0.1306, -0.9789,  0.1569, -0.1210],
         [ 0.4044,  0.0919,  0.9100,  0.0036],
         [-0.9052,  0.1823,  0.3839,  0.7375],
         [ 0.0000,  0.0000,  0.0000,  1.0000]]])
2025-03-20T15:32:44.687998 - Final transform:
[[-0.14 -0.98  0.16 -0.12]
 [ 0.4   0.1   0.91  0.  ]
 [-0.91  0.19  0.37  0.74]
 [ 0.    0.    0.    1.  ]]
2025-03-20T15:32:44.687998 - Pose:
tensor([[[-0.1402, -0.9766,  0.1630, -0.1212],
         [ 0.3974,  0.0952,  0.9127,  0.0039],
         [-0.9069,  0.1928,  0.3747,  0.7385],
         [ 0.0000,  0.0000,  0.0000,  1.0000]]])
2025-03-20T15:32:44.757592 - Final transform:
[[-0.16 -0.97  0.16 -0.12]
 [ 0.39  0.09  0.92  0.  ]
 [-0.91  0.21  0.36  0.73]
 [ 0.    0.    0.    1.  ]]
2025-03-20T15:32:44.757592 - Pose:
tensor([[[-0.1571, -0.9741,  0.1626, -0.1205],
         [ 0.3869,  0.0908,  0.9176,  0.0038],
         [-0.9086,  0.2071,  0.3626,  0.7372],
         [ 0.0000,  0.0000,  0.0000,  1.0000]]])
2025-03-20T15:32:44.826934 - Final transform:
[[-0.15 -0.98  0.16 -0.12]
 [ 0.4   0.09  0.91  0.  ]
 [-0.91  0.2   0.37  0.73]
 [ 0.    0.    0.    1.  ]]
2025-03-20T15:32:44.826934 - Pose:
tensor([[[-0.1499, -0.9757,  0.1598, -0.1206],
         [ 0.3978,  0.0884,  0.9132,  0.0032],
         [-0.9051,  0.2005,  0.3749,  0.7366],
         [ 0.0000,  0.0000,  0.0000,  1.0000]]])
2025-03-20T15:32:44.895067 - Final transform:
[[-0.15 -0.98  0.15 -0.12]
 [ 0.41  0.08  0.91  0.  ]
 [-0.9   0.2   0.39  0.74]
 [ 0.    0.    0.    1.  ]]
2025-03-20T15:32:44.895067 - Pose:
tensor([[[-0.1524, -0.9762,  0.1542, -0.1207],
         [ 0.4087,  0.0798,  0.9092,  0.0028],
         [-0.8999,  0.2016,  0.3868,  0.7379],
         [ 0.0000,  0.0000,  0.0000,  1.0000]]])
2025-03-20T15:32:44.964169 - Final transform:
[[-0.14 -0.98  0.15 -0.12]
 [ 0.43  0.07  0.9   0.  ]
 [-0.89  0.19  0.41  0.73]
 [ 0.    0.    0.    1.  ]]
2025-03-20T15:32:44.964169 - Pose:
tensor([[[-0.1434, -0.9786,  0.1478, -0.1204],
         [ 0.4341,  0.0721,  0.8980,  0.0029],
         [-0.8894,  0.1929,  0.4144,  0.7357],
         [ 0.0000,  0.0000,  0.0000,  1.0000]]])
2025-03-20T15:32:45.032220 - Final transform:
[[-0.15 -0.98  0.16 -0.12]
 [ 0.41  0.08  0.91  0.  ]
 [-0.9   0.21  0.39  0.73]
 [ 0.    0.    0.    1.  ]]
2025-03-20T15:32:45.032220 - Pose:
tensor([[[-0.1550, -0.9752,  0.1583, -0.1209],
         [ 0.4138,  0.0814,  0.9067,  0.0031],
         [-0.8971,  0.2060,  0.3909,  0.7367],
         [ 0.0000,  0.0000,  0.0000,  1.0000]]])
2025-03-20T15:32:45.100574 - Final transform:
[[-0.15 -0.98  0.16 -0.12]
 [ 0.39  0.09  0.92  0.  ]
 [-0.91  0.2   0.36  0.74]
 [ 0.    0.    0.    1.  ]]
2025-03-20T15:32:45.100574 - Pose:
tensor([[[-0.1458, -0.9765,  0.1587, -0.1208],
         [ 0.3857,  0.0917,  0.9181,  0.0035],
         [-0.9111,  0.1951,  0.3632,  0.7390],
         [ 0.0000,  0.0000,  0.0000,  1.0000]]])
2025-03-20T15:32:45.169185 - Final transform:
[[-0.15 -0.98  0.15 -0.12]
 [ 0.42  0.08  0.9   0.  ]
 [-0.9   0.2   0.4   0.73]
 [ 0.    0.    0.    1.  ]]
2025-03-20T15:32:45.169185 - Pose:
tensor([[[-0.1458, -0.9774,  0.1529, -0.1207],
         [ 0.4203,  0.0787,  0.9040,  0.0025],
         [-0.8956,  0.1961,  0.3994,  0.7369],
         [ 0.0000,  0.0000,  0.0000,  1.0000]]])
2025-03-20T15:32:45.237859 - Final transform:
[[-0.15 -0.98  0.16 -0.12]
 [ 0.41  0.09  0.91  0.  ]
 [-0.9   0.2   0.38  0.74]
 [ 0.    0.    0.    1.  ]]
2025-03-20T15:32:45.237859 - Pose:
tensor([[[-0.1475, -0.9753,  0.1642, -0.1206],
         [ 0.4060,  0.0917,  0.9092,  0.0030],
         [-0.9019,  0.2008,  0.3825,  0.7381],
         [ 0.0000,  0.0000,  0.0000,  1.0000]]])
2025-03-20T15:32:45.307878 - Final transform:
[[-0.12 -0.98  0.16 -0.12]
 [ 0.36  0.1   0.93  0.  ]
 [-0.92  0.17  0.34  0.74]
 [ 0.    0.    0.    1.  ]]
2025-03-20T15:32:45.307878 - Pose:
tensor([[[-0.1209, -0.9800,  0.1580, -0.1213],
         [ 0.3602,  0.1050,  0.9269,  0.0036],
         [-0.9250,  0.1690,  0.3403,  0.7387],
         [ 0.0000,  0.0000,  0.0000,  1.0000]]])
2025-03-20T15:32:45.375013 - Final transform:
[[-0.12 -0.98  0.15 -0.12]
 [ 0.4   0.09  0.91  0.  ]
 [-0.91  0.16  0.39  0.74]
 [ 0.    0.    0.    1.  ]]
2025-03-20T15:32:45.375013 - Pose:
tensor([[[-0.1167, -0.9825,  0.1451, -0.1208],
         [ 0.4049,  0.0863,  0.9103,  0.0031],
         [-0.9069,  0.1649,  0.3877,  0.7382],
         [ 0.0000,  0.0000,  0.0000,  1.0000]]])
2025-03-20T15:32:45.443826 - Final transform:
[[-0.13 -0.98  0.15 -0.12]
 [ 0.45  0.07  0.89  0.  ]
 [-0.89  0.18  0.43  0.73]
 [ 0.    0.    0.    1.  ]]
2025-03-20T15:32:45.443826 - Pose:
tensor([[[-0.1347, -0.9802,  0.1453, -0.1204],
         [ 0.4452,  0.0711,  0.8926,  0.0026],
         [-0.8852,  0.1849,  0.4268,  0.7355],
         [ 0.0000,  0.0000,  0.0000,  1.0000]]])
2025-03-20T15:32:45.512367 - Final transform:
[[-0.15 -0.98  0.15 -0.12]
 [ 0.46  0.07  0.89  0.  ]
 [-0.87  0.21  0.44  0.73]
 [ 0.    0.    0.    1.  ]]
2025-03-20T15:32:45.512367 - Pose:
tensor([[[-0.1546, -0.9759,  0.1537, -0.1207],
         [ 0.4590,  0.0669,  0.8859,  0.0025],
         [-0.8749,  0.2075,  0.4376,  0.7359],
         [ 0.0000,  0.0000,  0.0000,  1.0000]]])
2025-03-20T15:32:45.585796 - Final transform:
[[-0.15 -0.97  0.16 -0.12]
 [ 0.41  0.09  0.91  0.  ]
 [-0.9   0.2   0.38  0.73]
 [ 0.    0.    0.    1.  ]]
2025-03-20T15:32:45.585796 - Pose:
tensor([[[-0.1501, -0.9749,  0.1644, -0.1203],
         [ 0.4051,  0.0911,  0.9097,  0.0030],
         [-0.9019,  0.2032,  0.3812,  0.7371],
         [ 0.0000,  0.0000,  0.0000,  1.0000]]])
2025-03-20T15:32:45.658266 - Final transform:
[[-0.16 -0.97  0.17 -0.12]
 [ 0.39  0.09  0.92  0.  ]
 [-0.91  0.21  0.36  0.74]
 [ 0.    0.    0.    1.  ]]
2025-03-20T15:32:45.658266 - Pose:
tensor([[[-0.1556, -0.9738,  0.1657, -0.1204],
         [ 0.3893,  0.0937,  0.9163,  0.0042],
         [-0.9079,  0.2071,  0.3645,  0.7385],
         [ 0.0000,  0.0000,  0.0000,  1.0000]]])
2025-03-20T15:32:45.729531 - Final transform:
[[-0.14 -0.98  0.16 -0.12]
 [ 0.41  0.08  0.91  0.  ]
 [-0.9   0.2   0.39  0.73]
 [ 0.    0.    0.    1.  ]]
2025-03-20T15:32:45.729531 - Pose:
tensor([[[-0.1441, -0.9772,  0.1561, -0.1206],
         [ 0.4129,  0.0840,  0.9069,  0.0029],
         [-0.8993,  0.1952,  0.3914,  0.7372],
         [ 0.0000,  0.0000,  0.0000,  1.0000]]])
2025-03-20T15:32:45.796648 - Final transform:
[[-0.13 -0.98  0.15 -0.12]
 [ 0.4   0.09  0.91  0.  ]
 [-0.91  0.18  0.38  0.74]
 [ 0.    0.    0.    1.  ]]
2025-03-20T15:32:45.796648 - Pose:
tensor([[[-0.1329, -0.9790,  0.1543, -0.1209],
         [ 0.3965,  0.0902,  0.9136,  0.0041],
         [-0.9084,  0.1826,  0.3762,  0.7375],
         [ 0.0000,  0.0000,  0.0000,  1.0000]]])
2025-03-20T15:32:45.864308 - Final transform:
[[-0.14 -0.98  0.17 -0.12]
 [ 0.37  0.11  0.92  0.  ]
 [-0.92  0.19  0.34  0.74]
 [ 0.    0.    0.    1.  ]]
2025-03-20T15:32:45.864308 - Pose:
tensor([[[-0.1375, -0.9763,  0.1670, -0.1214],
         [ 0.3662,  0.1065,  0.9244,  0.0040],
         [-0.9203,  0.1882,  0.3429,  0.7391],
         [ 0.0000,  0.0000,  0.0000,  1.0000]]])
2025-03-20T15:32:45.930218 - Final transform:
[[-0.15 -0.98  0.16 -0.12]
 [ 0.41  0.08  0.91  0.  ]
 [-0.9   0.2   0.39  0.73]
 [ 0.    0.    0.    1.  ]]
2025-03-20T15:32:45.930218 - Pose:
tensor([[[-0.1524, -0.9759,  0.1561, -0.1211],
         [ 0.4117,  0.0809,  0.9077,  0.0029],
         [-0.8985,  0.2026,  0.3894,  0.7373],
         [ 0.0000,  0.0000,  0.0000,  1.0000]]])
2025-03-20T15:32:45.995811 - Final transform:
[[-0.15 -0.98  0.15 -0.12]
 [ 0.43  0.07  0.9   0.  ]
 [-0.89  0.2   0.41  0.73]
 [ 0.    0.    0.    1.  ]]
2025-03-20T15:32:45.995811 - Pose:
tensor([[[-0.1531, -0.9762,  0.1539, -0.1204],
         [ 0.4274,  0.0750,  0.9010,  0.0029],
         [-0.8910,  0.2037,  0.4057,  0.7350],
         [ 0.0000,  0.0000,  0.0000,  1.0000]]])
2025-03-20T15:32:46.063264 - Final transform:
[[-0.14 -0.98  0.17 -0.12]
 [ 0.36  0.11  0.93  0.  ]
 [-0.92  0.19  0.34  0.74]
 [ 0.    0.    0.    1.  ]]
2025-03-20T15:32:46.063264 - Pose:
tensor([[[-0.1444, -0.9751,  0.1685, -0.1209],
         [ 0.3608,  0.1067,  0.9265,  0.0038],
         [-0.9214,  0.1946,  0.3364,  0.7388],
         [ 0.0000,  0.0000,  0.0000,  1.0000]]])
2025-03-20T15:32:46.129274 - Final transform:
[[-0.15 -0.97  0.16 -0.12]
 [ 0.4   0.09  0.91  0.  ]
 [-0.9   0.2   0.38  0.73]
 [ 0.    0.    0.    1.  ]]
2025-03-20T15:32:46.129274 - Pose:
tensor([[[-0.1526, -0.9748,  0.1629, -0.1206],
         [ 0.3994,  0.0899,  0.9124,  0.0025],
         [-0.9040,  0.2043,  0.3756,  0.7366],
         [ 0.0000,  0.0000,  0.0000,  1.0000]]])
2025-03-20T15:32:46.195812 - Final transform:
[[-0.15 -0.98  0.16 -0.12]
 [ 0.44  0.08  0.89  0.  ]
 [-0.89  0.2   0.42  0.73]
 [ 0.    0.    0.    1.  ]]
2025-03-20T15:32:46.195812 - Pose:
tensor([[[-0.1452, -0.9770,  0.1560, -0.1204],
         [ 0.4410,  0.0772,  0.8942,  0.0035],
         [-0.8857,  0.1986,  0.4196,  0.7341],
         [ 0.0000,  0.0000,  0.0000,  1.0000]]])
2025-03-20T15:32:46.263319 - Final transform:
[[-0.14 -0.98  0.15 -0.12]
 [ 0.45  0.07  0.89  0.  ]
 [-0.88  0.19  0.43  0.73]
 [ 0.    0.    0.    1.  ]]
2025-03-20T15:32:46.263319 - Pose:
tensor([[[-0.1406, -0.9791,  0.1467, -0.1207],
         [ 0.4470,  0.0694,  0.8918,  0.0027],
         [-0.8834,  0.1910,  0.4279,  0.7361],
         [ 0.0000,  0.0000,  0.0000,  1.0000]]])
2025-03-20T15:32:46.330669 - Final transform:
[[-0.12 -0.98  0.16 -0.12]
 [ 0.4   0.09  0.91  0.  ]
 [-0.91  0.18  0.38  0.73]
 [ 0.    0.    0.    1.  ]]
2025-03-20T15:32:46.330669 - Pose:
tensor([[[-0.1248, -0.9800,  0.1551, -0.1206],
         [ 0.3967,  0.0940,  0.9131,  0.0038],
         [-0.9094,  0.1755,  0.3770,  0.7345],
         [ 0.0000,  0.0000,  0.0000,  1.0000]]])
2025-03-20T15:32:46.401044 - Final transform:
[[-0.15 -0.98  0.16 -0.12]
 [ 0.39  0.09  0.92  0.  ]
 [-0.91  0.2   0.37  0.74]
 [ 0.    0.    0.    1.  ]]
2025-03-20T15:32:46.401044 - Pose:
tensor([[[-0.1542, -0.9753,  0.1580, -0.1206],
         [ 0.3898,  0.0869,  0.9168,  0.0031],
         [-0.9079,  0.2030,  0.3668,  0.7380],
         [ 0.0000,  0.0000,  0.0000,  1.0000]]])
2025-03-20T15:32:46.478661 - Final transform:
[[-0.14 -0.98  0.16 -0.12]
 [ 0.43  0.09  0.9   0.  ]
 [-0.89  0.2   0.41  0.73]
 [ 0.    0.    0.    1.  ]]
2025-03-20T15:32:46.478661 - Pose:
tensor([[[-0.1448, -0.9759,  0.1633, -0.1203],
         [ 0.4318,  0.0862,  0.8979,  0.0023],
         [-0.8903,  0.2005,  0.4089,  0.7353],
         [ 0.0000,  0.0000,  0.0000,  1.0000]]])
2025-03-20T15:32:46.566636 - Final transform:
[[-0.13 -0.98  0.16 -0.12]
 [ 0.41  0.09  0.91  0.  ]
 [-0.9   0.19  0.39  0.73]
 [ 0.    0.    0.    1.  ]]
2025-03-20T15:32:46.566636 - Pose:
tensor([[[-0.1342, -0.9787,  0.1554, -0.1204],
         [ 0.4141,  0.0871,  0.9061,  0.0028],
         [-0.9003,  0.1859,  0.3935,  0.7364],
         [ 0.0000,  0.0000,  0.0000,  1.0000]]])
2025-03-20T15:32:46.635764 - Final transform:
[[-0.15 -0.98  0.16 -0.12]
 [ 0.44  0.08  0.9   0.  ]
 [-0.89  0.2   0.42  0.73]
 [ 0.    0.    0.    1.  ]]
2025-03-20T15:32:46.635764 - Pose:
tensor([[[-0.1503, -0.9762,  0.1561, -0.1209],
         [ 0.4375,  0.0759,  0.8960,  0.0032],
         [-0.8866,  0.2030,  0.4157,  0.7357],
         [ 0.0000,  0.0000,  0.0000,  1.0000]]])
2025-03-20T15:32:46.704257 - Final transform:
[[-0.14 -0.98  0.16 -0.12]
 [ 0.38  0.1   0.92  0.  ]
 [-0.91  0.19  0.36  0.74]
 [ 0.    0.    0.    1.  ]]
2025-03-20T15:32:46.704257 - Pose:
tensor([[[-0.1379, -0.9773,  0.1610, -0.1209],
         [ 0.3817,  0.0976,  0.9191,  0.0040],
         [-0.9139,  0.1882,  0.3596,  0.7382],
         [ 0.0000,  0.0000,  0.0000,  1.0000]]])
2025-03-20T15:32:46.772971 - Final transform:
[[-0.13 -0.98  0.15 -0.12]
 [ 0.42  0.09  0.91  0.  ]
 [-0.9   0.18  0.4   0.73]
 [ 0.    0.    0.    1.  ]]
2025-03-20T15:32:46.772971 - Pose:
tensor([[[-0.1267, -0.9805,  0.1505, -0.1208],
         [ 0.4161,  0.0851,  0.9053,  0.0035],
         [-0.9005,  0.1773,  0.3972,  0.7364],
         [ 0.0000,  0.0000,  0.0000,  1.0000]]])
2025-03-20T15:32:46.839204 - Final transform:
[[-0.15 -0.98  0.16 -0.12]
 [ 0.43  0.08  0.9   0.  ]
 [-0.89  0.2   0.41  0.73]
 [ 0.    0.    0.    1.  ]]
2025-03-20T15:32:46.839204 - Pose:
tensor([[[-0.1481, -0.9755,  0.1626, -0.1208],
         [ 0.4296,  0.0847,  0.8990,  0.0024],
         [-0.8908,  0.2030,  0.4066,  0.7370],
         [ 0.0000,  0.0000,  0.0000,  1.0000]]])
2025-03-20T15:32:46.908269 - Final transform:
[[-0.15 -0.98  0.16 -0.12]
 [ 0.41  0.08  0.91  0.  ]
 [-0.9   0.2   0.39  0.74]
 [ 0.    0.    0.    1.  ]]
2025-03-20T15:32:46.908269 - Pose:
tensor([[[-0.1532, -0.9752,  0.1595, -0.1208],
         [ 0.4095,  0.0842,  0.9084,  0.0029],
         [-0.8994,  0.2045,  0.3864,  0.7379],
         [ 0.0000,  0.0000,  0.0000,  1.0000]]])
2025-03-20T15:32:46.974970 - Final transform:
[[-0.15 -0.98  0.15 -0.12]
 [ 0.42  0.07  0.91  0.  ]
 [-0.9   0.19  0.4   0.74]
 [ 0.    0.    0.    1.  ]]
2025-03-20T15:32:46.974970 - Pose:
tensor([[[-0.1468, -0.9783,  0.1464, -0.1210],
         [ 0.4152,  0.0734,  0.9068,  0.0026],
         [-0.8978,  0.1939,  0.3953,  0.7393],
         [ 0.0000,  0.0000,  0.0000,  1.0000]]])
2025-03-20T15:32:47.041526 - Final transform:
[[-0.16 -0.97  0.16 -0.12]
 [ 0.4   0.08  0.91  0.  ]
 [-0.9   0.21  0.38  0.73]
 [ 0.    0.    0.    1.  ]]
2025-03-20T15:32:47.041526 - Pose:
tensor([[[-0.1584, -0.9749,  0.1565, -0.1205],
         [ 0.4017,  0.0812,  0.9122,  0.0040],
         [-0.9020,  0.2073,  0.3787,  0.7369],
         [ 0.0000,  0.0000,  0.0000,  1.0000]]])
2025-03-20T15:32:47.108362 - Final transform:
[[-0.14 -0.98  0.16 -0.12]
 [ 0.43  0.08  0.9   0.  ]
 [-0.89  0.2   0.41  0.73]
 [ 0.    0.    0.    1.  ]]
2025-03-20T15:32:47.108362 - Pose:
tensor([[[-0.1437, -0.9766,  0.1598, -0.1205],
         [ 0.4300,  0.0838,  0.8989,  0.0032],
         [-0.8913,  0.1979,  0.4080,  0.7368],
         [ 0.0000,  0.0000,  0.0000,  1.0000]]])
2025-03-20T15:32:47.175744 - Final transform:
[[-0.13 -0.98  0.14 -0.12]
 [ 0.4   0.08  0.91  0.  ]
 [-0.91  0.18  0.39  0.73]
 [ 0.    0.    0.    1.  ]]
2025-03-20T15:32:47.175744 - Pose:
tensor([[[-0.1305, -0.9813,  0.1417, -0.1204],
         [ 0.4030,  0.0781,  0.9119,  0.0024],
         [-0.9059,  0.1761,  0.3852,  0.7361],
         [ 0.0000,  0.0000,  0.0000,  1.0000]]])
2025-03-20T15:32:47.244692 - Final transform:
[[-0.16 -0.97  0.16 -0.12]
 [ 0.42  0.08  0.91  0.  ]
 [-0.89  0.21  0.4   0.74]
 [ 0.    0.    0.    1.  ]]
2025-03-20T15:32:47.244692 - Pose:
tensor([[[-0.1613, -0.9745,  0.1558, -0.1206],
         [ 0.4182,  0.0755,  0.9052,  0.0028],
         [-0.8939,  0.2112,  0.3953,  0.7375],
         [ 0.0000,  0.0000,  0.0000,  1.0000]]])
2025-03-20T15:32:47.312021 - Final transform:
[[-0.16 -0.97  0.16 -0.12]
 [ 0.42  0.08  0.9   0.  ]
 [-0.89  0.21  0.39  0.73]
 [ 0.    0.    0.    1.  ]]
2025-03-20T15:32:47.312021 - Pose:
tensor([[[-0.1601, -0.9734,  0.1637, -0.1205],
         [ 0.4179,  0.0834,  0.9047,  0.0035],
         [-0.8943,  0.2133,  0.3934,  0.7357],
         [ 0.0000,  0.0000,  0.0000,  1.0000]]])
2025-03-20T15:32:47.379876 - Final transform:
[[-0.15 -0.98  0.16 -0.12]
 [ 0.42  0.08  0.9   0.  ]
 [-0.89  0.2   0.4   0.73]
 [ 0.    0.    0.    1.  ]]
2025-03-20T15:32:47.379876 - Pose:
tensor([[[-0.1518, -0.9752,  0.1608, -0.1205],
         [ 0.4197,  0.0837,  0.9038,  0.0034],
         [-0.8949,  0.2047,  0.3966,  0.7353],
         [ 0.0000,  0.0000,  0.0000,  1.0000]]])
2025-03-20T15:32:47.447314 - Final transform:
[[-0.15 -0.98  0.15 -0.12]
 [ 0.41  0.08  0.91  0.  ]
