2025-04-17T19:02:00.098342 - Final transform:
[[-0.09  0.99 -0.07  0.09]
 [ 0.41 -0.03 -0.91  0.12]
 [-0.91 -0.11 -0.4   0.76]
 [ 0.    0.    0.    1.  ]]
2025-04-17T19:02:00.098342 - Pose:
tensor([[[-0.0888,  0.9936, -0.0704,  0.0921],
         [ 0.4068, -0.0284, -0.9131,  0.1262],
         [-0.9092, -0.1097, -0.4017,  0.7584],
         [ 0.0000,  0.0000,  0.0000,  1.0000]]])
2025-04-17T19:02:00.173818 - Final transform:
[[-0.09  0.99 -0.08  0.09]
 [ 0.42 -0.03 -0.91  0.12]
 [-0.9  -0.11 -0.41  0.76]
 [ 0.    0.    0.    1.  ]]
2025-04-17T19:02:00.173818 - Pose:
tensor([[[-0.0880,  0.9932, -0.0758,  0.0920],
         [ 0.4185, -0.0322, -0.9076,  0.1264],
         [-0.9039, -0.1116, -0.4129,  0.7571],
         [ 0.0000,  0.0000,  0.0000,  1.0000]]])
2025-04-17T19:02:00.244970 - Final transform:
[[-0.09  0.99 -0.07  0.09]
 [ 0.41 -0.03 -0.91  0.12]
 [-0.91 -0.11 -0.41  0.76]
 [ 0.    0.    0.    1.  ]]
2025-04-17T19:02:00.244970 - Pose:
tensor([[[-0.0865,  0.9937, -0.0712,  0.0919],
         [ 0.4141, -0.0292, -0.9098,  0.1264],
         [-0.9061, -0.1082, -0.4090,  0.7581],
         [ 0.0000,  0.0000,  0.0000,  1.0000]]])
2025-04-17T19:02:00.317259 - Final transform:
[[-0.09  0.99 -0.07  0.09]
 [ 0.42 -0.02 -0.91  0.12]
 [-0.9  -0.11 -0.42  0.76]
 [ 0.    0.    0.    1.  ]]
2025-04-17T19:02:00.317259 - Pose:
tensor([[[-0.0927,  0.9933, -0.0694,  0.0921],
         [ 0.4230, -0.0238, -0.9058,  0.1260],
         [-0.9014, -0.1133, -0.4180,  0.7581],
         [ 0.0000,  0.0000,  0.0000,  1.0000]]])
2025-04-17T19:02:00.390302 - Final transform:
[[-0.09  0.99 -0.07  0.09]
 [ 0.41 -0.03 -0.91  0.12]
 [-0.91 -0.11 -0.41  0.76]
 [ 0.    0.    0.    1.  ]]
2025-04-17T19:02:00.390302 - Pose:
tensor([[[-0.0881,  0.9935, -0.0721,  0.0918],
         [ 0.4149, -0.0293, -0.9094,  0.1264],
         [-0.9056, -0.1100, -0.4096,  0.7579],
         [ 0.0000,  0.0000,  0.0000,  1.0000]]])
2025-04-17T19:02:00.460031 - Final transform:
[[-0.09  0.99 -0.07  0.09]
 [ 0.41 -0.03 -0.91  0.12]
 [-0.91 -0.11 -0.4   0.76]
 [ 0.    0.    0.    1.  ]]
2025-04-17T19:02:00.460031 - Pose:
tensor([[[-0.0929,  0.9930, -0.0727,  0.0918],
         [ 0.4075, -0.0287, -0.9128,  0.1261],
         [-0.9085, -0.1144, -0.4019,  0.7581],
         [ 0.0000,  0.0000,  0.0000,  1.0000]]])
2025-04-17T19:02:00.533007 - Final transform:
[[-0.08  0.99 -0.07  0.09]
 [ 0.42 -0.03 -0.91  0.12]
 [-0.91 -0.11 -0.41  0.76]
 [ 0.    0.    0.    1.  ]]
2025-04-17T19:02:00.533007 - Pose:
tensor([[[-0.0839,  0.9940, -0.0708,  0.0919],
         [ 0.4160, -0.0296, -0.9089,  0.1263],
         [-0.9055, -0.1057, -0.4110,  0.7585],
         [ 0.0000,  0.0000,  0.0000,  1.0000]]])
2025-04-17T19:02:00.600697 - Final transform:
[[-0.09  0.99 -0.07  0.09]
 [ 0.41 -0.03 -0.91  0.12]
 [-0.91 -0.12 -0.41  0.76]
 [ 0.    0.    0.    1.  ]]
2025-04-17T19:02:00.600697 - Pose:
tensor([[[-0.0936,  0.9928, -0.0748,  0.0922],
         [ 0.4133, -0.0297, -0.9101,  0.1262],
         [-0.9058, -0.1161, -0.4075,  0.7577],
         [ 0.0000,  0.0000,  0.0000,  1.0000]]])
2025-04-17T19:02:00.670114 - Final transform:
[[-0.08  0.99 -0.07  0.09]
 [ 0.42 -0.03 -0.91  0.12]
 [-0.91 -0.1  -0.41  0.76]
 [ 0.    0.    0.    1.  ]]
2025-04-17T19:02:00.670114 - Pose:
tensor([[[-0.0820,  0.9943, -0.0674,  0.0918],
         [ 0.4167, -0.0273, -0.9086,  0.1261],
         [-0.9053, -0.1026, -0.4122,  0.7576],
         [ 0.0000,  0.0000,  0.0000,  1.0000]]])
2025-04-17T19:02:00.739215 - Final transform:
[[-0.08  0.99 -0.07  0.09]
 [ 0.42 -0.03 -0.91  0.12]
 [-0.91 -0.1  -0.41  0.76]
 [ 0.    0.    0.    1.  ]]
2025-04-17T19:02:00.739215 - Pose:
tensor([[[-0.0845,  0.9941, -0.0676,  0.0920],
         [ 0.4151, -0.0266, -0.9094,  0.1262],
         [-0.9058, -0.1049, -0.4104,  0.7580],
         [ 0.0000,  0.0000,  0.0000,  1.0000]]])
2025-04-17T19:02:00.811502 - Final transform:
[[-0.09  0.99 -0.07  0.09]
 [ 0.42 -0.03 -0.91  0.12]
 [-0.9  -0.11 -0.42  0.76]
 [ 0.    0.    0.    1.  ]]
2025-04-17T19:02:00.811502 - Pose:
tensor([[[-0.0864,  0.9938, -0.0699,  0.0919],
         [ 0.4239, -0.0268, -0.9053,  0.1259],
         [-0.9016, -0.1078, -0.4190,  0.7590],
         [ 0.0000,  0.0000,  0.0000,  1.0000]]])
2025-04-17T19:02:00.882781 - Final transform:
[[-0.08  0.99 -0.07  0.09]
 [ 0.41 -0.03 -0.91  0.12]
 [-0.91 -0.11 -0.41  0.76]
 [ 0.    0.    0.    1.  ]]
2025-04-17T19:02:00.882781 - Pose:
tensor([[[-0.0850,  0.9941, -0.0675,  0.0918],
         [ 0.4099, -0.0269, -0.9118,  0.1263],
         [-0.9082, -0.1052, -0.4051,  0.7582],
         [ 0.0000,  0.0000,  0.0000,  1.0000]]])
2025-04-17T19:02:00.953878 - Final transform:
[[-0.09  0.99 -0.08  0.09]
 [ 0.4  -0.03 -0.91  0.12]
 [-0.91 -0.11 -0.4   0.76]
 [ 0.    0.    0.    1.  ]]
2025-04-17T19:02:00.953878 - Pose:
tensor([[[-0.0895,  0.9931, -0.0761,  0.0922],
         [ 0.4044, -0.0336, -0.9140,  0.1264],
         [-0.9102, -0.1126, -0.3986,  0.7568],
         [ 0.0000,  0.0000,  0.0000,  1.0000]]])
2025-04-17T19:02:01.023558 - Final transform:
[[-0.09  0.99 -0.07  0.09]
 [ 0.42 -0.03 -0.91  0.12]
 [-0.9  -0.11 -0.42  0.76]
 [ 0.    0.    0.    1.  ]]
2025-04-17T19:02:01.023558 - Pose:
tensor([[[-0.0898,  0.9934, -0.0719,  0.0918],
         [ 0.4227, -0.0273, -0.9059,  0.1258],
         [-0.9018, -0.1118, -0.4174,  0.7574],
         [ 0.0000,  0.0000,  0.0000,  1.0000]]])
2025-04-17T19:02:01.094910 - Final transform:
[[-0.09  0.99 -0.07  0.09]
 [ 0.42 -0.03 -0.91  0.12]
 [-0.91 -0.11 -0.41  0.76]
 [ 0.    0.    0.    1.  ]]
2025-04-17T19:02:01.094910 - Pose:
tensor([[[-0.0857,  0.9941, -0.0671,  0.0916],
         [ 0.4155, -0.0255, -0.9092,  0.1262],
         [-0.9055, -0.1058, -0.4109,  0.7584],
         [ 0.0000,  0.0000,  0.0000,  1.0000]]])
2025-04-17T19:02:01.168449 - Final transform:
[[-0.09  0.99 -0.08  0.09]
 [ 0.41 -0.03 -0.91  0.12]
 [-0.91 -0.11 -0.41  0.76]
 [ 0.    0.    0.    1.  ]]
2025-04-17T19:02:01.168449 - Pose:
tensor([[[-0.0865,  0.9934, -0.0752,  0.0918],
         [ 0.4139, -0.0328, -0.9097,  0.1264],
         [-0.9062, -0.1098, -0.4084,  0.7580],
         [ 0.0000,  0.0000,  0.0000,  1.0000]]])
2025-04-17T19:02:01.244229 - Final transform:
[[-0.08  0.99 -0.07  0.09]
 [ 0.43 -0.03 -0.9   0.12]
 [-0.9  -0.1  -0.42  0.76]
 [ 0.    0.    0.    1.  ]]
2025-04-17T19:02:01.244229 - Pose:
tensor([[[-0.0815,  0.9940, -0.0723,  0.0919],
         [ 0.4268, -0.0308, -0.9038,  0.1261],
         [-0.9006, -0.1046, -0.4218,  0.7591],
         [ 0.0000,  0.0000,  0.0000,  1.0000]]])
2025-04-17T19:02:01.329378 - Final transform:
[[-0.08  0.99 -0.07  0.09]
 [ 0.41 -0.03 -0.91  0.12]
 [-0.91 -0.1  -0.41  0.76]
 [ 0.    0.    0.    1.  ]]
2025-04-17T19:02:01.329378 - Pose:
tensor([[[-0.0824,  0.9942, -0.0693,  0.0920],
         [ 0.4118, -0.0294, -0.9108,  0.1262],
         [-0.9076, -0.1035, -0.4070,  0.7579],
         [ 0.0000,  0.0000,  0.0000,  1.0000]]])
2025-04-17T19:02:01.410063 - Final transform:
[[-0.09  0.99 -0.08  0.09]
 [ 0.43 -0.03 -0.9   0.12]
 [-0.9  -0.11 -0.42  0.76]
 [ 0.    0.    0.    1.  ]]
2025-04-17T19:02:01.410063 - Pose:
tensor([[[-0.0862,  0.9933, -0.0773,  0.0924],
         [ 0.4298, -0.0329, -0.9023,  0.1261],
         [-0.8988, -0.1110, -0.4241,  0.7569],
         [ 0.0000,  0.0000,  0.0000,  1.0000]]])
2025-04-17T19:02:01.483432 - Final transform:
[[-0.08  0.99 -0.07  0.09]
 [ 0.41 -0.03 -0.91  0.12]
 [-0.91 -0.1  -0.4   0.76]
 [ 0.    0.    0.    1.  ]]
2025-04-17T19:02:01.483432 - Pose:
tensor([[[-0.0845,  0.9943, -0.0658,  0.0922],
         [ 0.4058, -0.0259, -0.9136,  0.1261],
         [-0.9100, -0.1038, -0.4013,  0.7572],
         [ 0.0000,  0.0000,  0.0000,  1.0000]]])
2025-04-17T19:02:01.557301 - Final transform:
[[-0.09  0.99 -0.07  0.09]
 [ 0.42 -0.03 -0.91  0.12]
 [-0.9  -0.11 -0.41  0.76]
 [ 0.    0.    0.    1.  ]]
2025-04-17T19:02:01.557301 - Pose:
tensor([[[-0.0851,  0.9939, -0.0700,  0.0917],
         [ 0.4185, -0.0281, -0.9078,  0.1263],
         [-0.9042, -0.1065, -0.4136,  0.7585],
         [ 0.0000,  0.0000,  0.0000,  1.0000]]])
2025-04-17T19:02:01.628592 - Final transform:
[[-0.09  0.99 -0.07  0.09]
 [ 0.42 -0.03 -0.91  0.12]
 [-0.91 -0.11 -0.41  0.76]
 [ 0.    0.    0.    1.  ]]
2025-04-17T19:02:01.628592 - Pose:
tensor([[[-0.0863,  0.9937, -0.0717,  0.0920],
         [ 0.4165, -0.0294, -0.9086,  0.1263],
         [-0.9050, -0.1082, -0.4114,  0.7588],
         [ 0.0000,  0.0000,  0.0000,  1.0000]]])
2025-04-17T19:02:01.702592 - Final transform:
[[-0.09  0.99 -0.07  0.09]
 [ 0.42 -0.02 -0.91  0.12]
 [-0.9  -0.11 -0.42  0.76]
 [ 0.    0.    0.    1.  ]]
2025-04-17T19:02:01.702592 - Pose:
tensor([[[-0.0870,  0.9939, -0.0672,  0.0919],
         [ 0.4210, -0.0245, -0.9067,  0.1261],
         [-0.9029, -0.1071, -0.4163,  0.7579],
         [ 0.0000,  0.0000,  0.0000,  1.0000]]])
2025-04-17T19:02:01.774883 - Final transform:
[[-0.1   0.99 -0.08  0.09]
 [ 0.42 -0.03 -0.91  0.12]
 [-0.9  -0.12 -0.41  0.76]
 [ 0.    0.    0.    1.  ]]
2025-04-17T19:02:01.774883 - Pose:
tensor([[[-0.0974,  0.9919, -0.0810,  0.0920],
         [ 0.4162, -0.0334, -0.9087,  0.1262],
         [-0.9040, -0.1222, -0.4096,  0.7569],
         [ 0.0000,  0.0000,  0.0000,  1.0000]]])
2025-04-17T19:02:01.843976 - Final transform:
[[-0.08  0.99 -0.07  0.09]
 [ 0.42 -0.03 -0.91  0.12]
 [-0.91 -0.11 -0.41  0.76]
 [ 0.    0.    0.    1.  ]]
2025-04-17T19:02:01.843976 - Pose:
tensor([[[-0.0839,  0.9938, -0.0730,  0.0920],
         [ 0.4164, -0.0316, -0.9086,  0.1263],
         [-0.9053, -0.1066, -0.4112,  0.7581],
         [ 0.0000,  0.0000,  0.0000,  1.0000]]])
2025-04-17T19:02:01.913481 - Final transform:
[[-0.09  0.99 -0.08  0.09]
 [ 0.41 -0.03 -0.91  0.12]
 [-0.91 -0.11 -0.4   0.76]
 [ 0.    0.    0.    1.  ]]
2025-04-17T19:02:01.913481 - Pose:
tensor([[[-0.0889,  0.9930, -0.0773,  0.0922],
         [ 0.4063, -0.0347, -0.9131,  0.1265],
         [-0.9094, -0.1126, -0.4004,  0.7569],
         [ 0.0000,  0.0000,  0.0000,  1.0000]]])
2025-04-17T19:02:01.984151 - Final transform:
[[-0.08  0.99 -0.07  0.09]
 [ 0.43 -0.03 -0.9   0.12]
 [-0.9  -0.11 -0.42  0.76]
 [ 0.    0.    0.    1.  ]]
2025-04-17T19:02:01.984151 - Pose:
tensor([[[-0.0838,  0.9940, -0.0709,  0.0922],
         [ 0.4251, -0.0287, -0.9047,  0.1260],
         [-0.9012, -0.1060, -0.4202,  0.7593],
         [ 0.0000,  0.0000,  0.0000,  1.0000]]])
2025-04-17T19:02:02.054765 - Final transform:
[[-0.09  0.99 -0.07  0.09]
 [ 0.42 -0.03 -0.91  0.12]
 [-0.9  -0.11 -0.41  0.76]
 [ 0.    0.    0.    1.  ]]
2025-04-17T19:02:02.054765 - Pose:
tensor([[[-0.0906,  0.9932, -0.0737,  0.0920],
         [ 0.4195, -0.0291, -0.9073,  0.1261],
         [-0.9032, -0.1132, -0.4140,  0.7570],
         [ 0.0000,  0.0000,  0.0000,  1.0000]]])
2025-04-17T19:02:02.140584 - Final transform:
[[-0.09  0.99 -0.07  0.09]
 [ 0.41 -0.03 -0.91  0.12]
 [-0.91 -0.11 -0.41  0.76]
 [ 0.    0.    0.    1.  ]]
2025-04-17T19:02:02.140584 - Pose:
tensor([[[-0.0887,  0.9936, -0.0697,  0.0919],
         [ 0.4143, -0.0268, -0.9097,  0.1261],
         [-0.9058, -0.1096, -0.4093,  0.7587],
         [ 0.0000,  0.0000,  0.0000,  1.0000]]])
2025-04-17T19:02:02.209904 - Final transform:
[[-0.09  0.99 -0.07  0.09]
 [ 0.41 -0.03 -0.91  0.12]
 [-0.91 -0.11 -0.4   0.76]
 [ 0.    0.    0.    1.  ]]
2025-04-17T19:02:02.209904 - Pose:
tensor([[[-0.0884,  0.9935, -0.0721,  0.0918],
         [ 0.4083, -0.0299, -0.9124,  0.1266],
         [-0.9086, -0.1101, -0.4029,  0.7583],
         [ 0.0000,  0.0000,  0.0000,  1.0000]]])
2025-04-17T19:02:02.278611 - Final transform:
[[-0.1   0.99 -0.08  0.09]
 [ 0.43 -0.03 -0.9   0.12]
 [-0.9  -0.13 -0.42  0.76]
 [ 0.    0.    0.    1.  ]]
2025-04-17T19:02:02.278611 - Pose:
tensor([[[-0.1024,  0.9918, -0.0771,  0.0919],
         [ 0.4277, -0.0261, -0.9035,  0.1259],
         [-0.8981, -0.1254, -0.4215,  0.7582],
         [ 0.0000,  0.0000,  0.0000,  1.0000]]])
2025-04-17T19:02:02.345996 - Final transform:
[[-0.09  0.99 -0.08  0.09]
 [ 0.42 -0.03 -0.91  0.12]
 [-0.9  -0.11 -0.41  0.76]
 [ 0.    0.    0.    1.  ]]
2025-04-17T19:02:02.345996 - Pose:
tensor([[[-0.0915,  0.9929, -0.0759,  0.0920],
         [ 0.4177, -0.0309, -0.9081,  0.1263],
         [-0.9040, -0.1147, -0.4119,  0.7567],
         [ 0.0000,  0.0000,  0.0000,  1.0000]]])
2025-04-17T19:02:02.417403 - Final transform:
[[-0.08  0.99 -0.07  0.09]
 [ 0.42 -0.03 -0.91  0.12]
 [-0.9  -0.1  -0.42  0.76]
 [ 0.    0.    0.    1.  ]]
2025-04-17T19:02:02.417403 - Pose:
tensor([[[-0.0823,  0.9943, -0.0683,  0.0919],
         [ 0.4208, -0.0275, -0.9067,  0.1262],
         [-0.9034, -0.1033, -0.4162,  0.7584],
         [ 0.0000,  0.0000,  0.0000,  1.0000]]])
2025-04-17T19:02:02.488282 - Final transform:
[[-0.09  0.99 -0.08  0.09]
 [ 0.41 -0.03 -0.91  0.12]
 [-0.91 -0.12 -0.41  0.76]
 [ 0.    0.    0.    1.  ]]
2025-04-17T19:02:02.488282 - Pose:
tensor([[[-0.0914,  0.9927, -0.0787,  0.0918],
         [ 0.4143, -0.0339, -0.9095,  0.1262],
         [-0.9055, -0.1158, -0.4082,  0.7573],
         [ 0.0000,  0.0000,  0.0000,  1.0000]]])
2025-04-17T19:02:02.556198 - Final transform:
[[-0.09  0.99 -0.08  0.09]
 [ 0.43 -0.03 -0.9   0.12]
 [-0.9  -0.11 -0.43  0.76]
 [ 0.    0.    0.    1.  ]]
2025-04-17T19:02:02.556198 - Pose:
tensor([[[-0.0879,  0.9931, -0.0770,  0.0920],
         [ 0.4312, -0.0318, -0.9017,  0.1258],
         [-0.8980, -0.1125, -0.4254,  0.7566],
         [ 0.0000,  0.0000,  0.0000,  1.0000]]])
2025-04-17T19:02:02.623923 - Final transform:
[[-0.08  0.99 -0.07  0.09]
 [ 0.42 -0.03 -0.91  0.12]
 [-0.9  -0.1  -0.41  0.76]
 [ 0.    0.    0.    1.  ]]
2025-04-17T19:02:02.623923 - Pose:
tensor([[[-0.0832,  0.9942, -0.0685,  0.0919],
         [ 0.4185, -0.0275, -0.9078,  0.1261],
         [-0.9044, -0.1043, -0.4138,  0.7572],
         [ 0.0000,  0.0000,  0.0000,  1.0000]]])
2025-04-17T19:02:02.701359 - Final transform:
[[-0.08  0.99 -0.08  0.09]
 [ 0.41 -0.03 -0.91  0.12]
 [-0.91 -0.11 -0.41  0.76]
 [ 0.    0.    0.    1.  ]]
2025-04-17T19:02:02.701359 - Pose:
tensor([[[-0.0822,  0.9937, -0.0756,  0.0919],
         [ 0.4149, -0.0348, -0.9092,  0.1262],
         [-0.9061, -0.1061, -0.4094,  0.7578],
         [ 0.0000,  0.0000,  0.0000,  1.0000]]])
2025-04-17T19:02:02.774729 - Final transform:
[[-0.08  0.99 -0.07  0.09]
 [ 0.43 -0.03 -0.9   0.12]
 [-0.9  -0.1  -0.42  0.76]
 [ 0.    0.    0.    1.  ]]
2025-04-17T19:02:02.774729 - Pose:
tensor([[[-0.0814,  0.9941, -0.0715,  0.0920],
         [ 0.4252, -0.0302, -0.9046,  0.1261],
         [-0.9014, -0.1040, -0.4202,  0.7579],
         [ 0.0000,  0.0000,  0.0000,  1.0000]]])
2025-04-17T19:02:02.854287 - Final transform:
[[-0.08  0.99 -0.07  0.09]
 [ 0.42 -0.03 -0.91  0.12]
 [-0.91 -0.1  -0.41  0.76]
 [ 0.    0.    0.    1.  ]]
2025-04-17T19:02:02.854287 - Pose:
tensor([[[-0.0792,  0.9946, -0.0667,  0.0918],
         [ 0.4154, -0.0278, -0.9092,  0.1260],
         [-0.9062, -0.0997, -0.4109,  0.7592],
         [ 0.0000,  0.0000,  0.0000,  1.0000]]])
2025-04-17T19:02:02.925258 - Final transform:
[[-0.09  0.99 -0.08  0.09]
 [ 0.42 -0.03 -0.91  0.12]
 [-0.9  -0.12 -0.42  0.76]
 [ 0.    0.    0.    1.  ]]
2025-04-17T19:02:02.925258 - Pose:
tensor([[[-0.0911,  0.9927, -0.0790,  0.0922],
         [ 0.4234, -0.0332, -0.9053,  0.1258],
         [-0.9013, -0.1159, -0.4173,  0.7573],
         [ 0.0000,  0.0000,  0.0000,  1.0000]]])
2025-04-17T19:02:02.993420 - Final transform:
[[-0.1   0.99 -0.08  0.09]
 [ 0.41 -0.03 -0.91  0.12]
 [-0.91 -0.12 -0.41  0.76]
 [ 0.    0.    0.    1.  ]]
2025-04-17T19:02:02.993420 - Pose:
tensor([[[-0.0964,  0.9925, -0.0753,  0.0920],
         [ 0.4141, -0.0288, -0.9098,  0.1262],
         [-0.9051, -0.1189, -0.4082,  0.7584],
         [ 0.0000,  0.0000,  0.0000,  1.0000]]])
2025-04-17T19:02:03.061131 - Final transform:
[[-0.09  0.99 -0.07  0.09]
 [ 0.42 -0.02 -0.91  0.12]
 [-0.9  -0.11 -0.42  0.76]
 [ 0.    0.    0.    1.  ]]
2025-04-17T19:02:03.061131 - Pose:
tensor([[[-0.0916,  0.9933, -0.0701,  0.0918],
         [ 0.4234, -0.0249, -0.9056,  0.1259],
         [-0.9013, -0.1127, -0.4183,  0.7587],
         [ 0.0000,  0.0000,  0.0000,  1.0000]]])
2025-04-17T19:02:03.129108 - Final transform:
[[-0.09  0.99 -0.07  0.09]
 [ 0.42 -0.03 -0.91  0.12]
 [-0.9  -0.11 -0.41  0.76]
 [ 0.    0.    0.    1.  ]]
2025-04-17T19:02:03.129108 - Pose:
tensor([[[-0.0855,  0.9939, -0.0696,  0.0919],
         [ 0.4194, -0.0275, -0.9074,  0.1263],
         [-0.9038, -0.1068, -0.4145,  0.7590],
         [ 0.0000,  0.0000,  0.0000,  1.0000]]])
2025-04-17T19:02:03.199625 - Final transform:
[[-0.08  0.99 -0.07  0.09]
 [ 0.41 -0.03 -0.91  0.12]
 [-0.91 -0.11 -0.4   0.76]
 [ 0.    0.    0.    1.  ]]
2025-04-17T19:02:03.199625 - Pose:
tensor([[[-0.0826,  0.9939, -0.0727,  0.0917],
         [ 0.4086, -0.0327, -0.9121,  0.1264],
         [-0.9090, -0.1051, -0.4034,  0.7579],
         [ 0.0000,  0.0000,  0.0000,  1.0000]]])
2025-04-17T19:02:03.269978 - Final transform:
[[-0.08  0.99 -0.07  0.09]
 [ 0.42 -0.03 -0.91  0.12]
 [-0.9  -0.1  -0.41  0.76]
 [ 0.    0.    0.    1.  ]]
2025-04-17T19:02:03.269978 - Pose:
tensor([[[-0.0794,  0.9946, -0.0669,  0.0917],
         [ 0.4187, -0.0277, -0.9077,  0.1260],
         [-0.9046, -0.1001, -0.4142,  0.7577],
         [ 0.0000,  0.0000,  0.0000,  1.0000]]])
2025-04-17T19:02:03.341524 - Final transform:
[[-0.08  0.99 -0.07  0.09]
 [ 0.42 -0.03 -0.91  0.12]
 [-0.91 -0.1  -0.41  0.76]
 [ 0.    0.    0.    1.  ]]
2025-04-17T19:02:03.341524 - Pose:
tensor([[[-0.0802,  0.9944, -0.0688,  0.0916],
         [ 0.4175, -0.0291, -0.9082,  0.1260],
         [-0.9051, -0.1016, -0.4129,  0.7577],
         [ 0.0000,  0.0000,  0.0000,  1.0000]]])
2025-04-17T19:02:03.410987 - Final transform:
[[-0.09  0.99 -0.07  0.09]
 [ 0.41 -0.03 -0.91  0.12]
 [-0.91 -0.11 -0.4   0.76]
 [ 0.    0.    0.    1.  ]]
2025-04-17T19:02:03.410987 - Pose:
tensor([[[-0.0882,  0.9936, -0.0705,  0.0916],
         [ 0.4087, -0.0285, -0.9122,  0.1265],
         [-0.9084, -0.1093, -0.4036,  0.7576],
         [ 0.0000,  0.0000,  0.0000,  1.0000]]])
2025-04-17T19:02:03.482403 - Final transform:
[[-0.09  0.99 -0.07  0.09]
 [ 0.42 -0.03 -0.91  0.12]
 [-0.9  -0.11 -0.42  0.76]
 [ 0.    0.    0.    1.  ]]
2025-04-17T19:02:03.482403 - Pose:
tensor([[[-0.0913,  0.9931, -0.0742,  0.0916],
         [ 0.4222, -0.0289, -0.9060,  0.1260],
         [-0.9019, -0.1140, -0.4166,  0.7578],
         [ 0.0000,  0.0000,  0.0000,  1.0000]]])
2025-04-17T19:02:03.555152 - Final transform:
[[-0.09  0.99 -0.07  0.09]
 [ 0.41 -0.03 -0.91  0.12]
 [-0.91 -0.11 -0.4   0.76]
 [ 0.    0.    0.    1.  ]]
2025-04-17T19:02:03.555152 - Pose:
tensor([[[-0.0903,  0.9932, -0.0740,  0.0918],
         [ 0.4100, -0.0307, -0.9116,  0.1261],
         [-0.9076, -0.1127, -0.4044,  0.7565],
         [ 0.0000,  0.0000,  0.0000,  1.0000]]])
2025-04-17T19:02:03.627516 - Final transform:
[[-0.09  0.99 -0.08  0.09]
 [ 0.42 -0.03 -0.91  0.12]
 [-0.9  -0.12 -0.41  0.76]
 [ 0.    0.    0.    1.  ]]
2025-04-17T19:02:03.627516 - Pose:
tensor([[[-0.0948,  0.9924, -0.0790,  0.0923],
         [ 0.4163, -0.0326, -0.9086,  0.1259],
         [-0.9043, -0.1190, -0.4101,  0.7568],
         [ 0.0000,  0.0000,  0.0000,  1.0000]]])
2025-04-17T19:02:03.699340 - Final transform:
[[-0.08  0.99 -0.07  0.09]
 [ 0.41 -0.03 -0.91  0.12]
 [-0.91 -0.1  -0.41  0.76]
 [ 0.    0.    0.    1.  ]]
2025-04-17T19:02:03.699340 - Pose:
tensor([[[-0.0803,  0.9944, -0.0683,  0.0918],
         [ 0.4125, -0.0292, -0.9105,  0.1264],
         [-0.9074, -0.1013, -0.4079,  0.7581],
         [ 0.0000,  0.0000,  0.0000,  1.0000]]])
2025-04-17T19:02:03.770637 - Final transform:
[[-0.09  0.99 -0.07  0.09]
 [ 0.41 -0.03 -0.91  0.12]
 [-0.91 -0.11 -0.41  0.76]
 [ 0.    0.    0.    1.  ]]
2025-04-17T19:02:03.770637 - Pose:
tensor([[[-0.0899,  0.9934, -0.0713,  0.0919],
         [ 0.4131, -0.0280, -0.9103,  0.1265],
         [-0.9062, -0.1113, -0.4078,  0.7586],
         [ 0.0000,  0.0000,  0.0000,  1.0000]]])
2025-04-17T19:02:03.841391 - Final transform:
[[-0.09  0.99 -0.07  0.09]
 [ 0.42 -0.03 -0.91  0.12]
 [-0.9  -0.11 -0.41  0.76]
 [ 0.    0.    0.    1.  ]]
2025-04-17T19:02:03.841391 - Pose:
tensor([[[-0.0890,  0.9934, -0.0724,  0.0917],
         [ 0.4165, -0.0289, -0.9087,  0.1262],
         [-0.9047, -0.1110, -0.4112,  0.7579],
         [ 0.0000,  0.0000,  0.0000,  1.0000]]])
2025-04-17T19:02:03.911001 - Final transform:
[[-0.08  0.99 -0.07  0.09]
 [ 0.42 -0.03 -0.91  0.12]
 [-0.91 -0.11 -0.41  0.76]
 [ 0.    0.    0.    1.  ]]
2025-04-17T19:02:03.911001 - Pose:
tensor([[[-0.0829,  0.9938, -0.0740,  0.0917],
         [ 0.4172, -0.0328, -0.9082,  0.1263],
         [-0.9050, -0.1062, -0.4119,  0.7583],
         [ 0.0000,  0.0000,  0.0000,  1.0000]]])
2025-04-17T19:02:03.982109 - Final transform:
[[-0.09  0.99 -0.07  0.09]
 [ 0.41 -0.03 -0.91  0.12]
 [-0.91 -0.11 -0.4   0.76]
 [ 0.    0.    0.    1.  ]]
2025-04-17T19:02:03.982109 - Pose:
tensor([[[-0.0872,  0.9937, -0.0707,  0.0917],
         [ 0.4091, -0.0289, -0.9120,  0.1262],
         [-0.9083, -0.1085, -0.4040,  0.7569],
         [ 0.0000,  0.0000,  0.0000,  1.0000]]])
2025-04-17T19:02:04.047991 - Final transform:
[[-0.09  0.99 -0.07  0.09]
 [ 0.41 -0.03 -0.91  0.12]
 [-0.91 -0.11 -0.41  0.76]
 [ 0.    0.    0.    1.  ]]
2025-04-17T19:02:04.047991 - Pose:
tensor([[[-0.0857,  0.9936, -0.0736,  0.0922],
         [ 0.4143, -0.0317, -0.9096,  0.1263],
         [-0.9061, -0.1084, -0.4089,  0.7575],
         [ 0.0000,  0.0000,  0.0000,  1.0000]]])
2025-04-17T19:02:04.119130 - Final transform:
[[-0.09  0.99 -0.08  0.09]
 [ 0.43 -0.03 -0.9   0.12]
 [-0.9  -0.12 -0.42  0.76]
 [ 0.    0.    0.    1.  ]]
2025-04-17T19:02:04.119130 - Pose:
tensor([[[-0.0943,  0.9926, -0.0760,  0.0919],
         [ 0.4289, -0.0283, -0.9029,  0.1259],
         [-0.8984, -0.1178, -0.4231,  0.7571],
         [ 0.0000,  0.0000,  0.0000,  1.0000]]])
2025-04-17T19:02:04.198987 - Final transform:
[[-0.09  0.99 -0.07  0.09]
 [ 0.42 -0.03 -0.91  0.12]
 [-0.9  -0.11 -0.41  0.76]
 [ 0.    0.    0.    1.  ]]
2025-04-17T19:02:04.198987 - Pose:
tensor([[[-0.0900,  0.9932, -0.0741,  0.0920],
         [ 0.4168, -0.0300, -0.9085,  0.1262],
         [-0.9045, -0.1126, -0.4113,  0.7577],
         [ 0.0000,  0.0000,  0.0000,  1.0000]]])
2025-04-17T19:02:04.273725 - Final transform:
[[-0.08  0.99 -0.07  0.09]
 [ 0.41 -0.03 -0.91  0.12]
 [-0.91 -0.1  -0.41  0.76]
 [ 0.    0.    0.    1.  ]]
2025-04-17T19:02:04.273725 - Pose:
tensor([[[-0.0844,  0.9942, -0.0668,  0.0916],
         [ 0.4114, -0.0263, -0.9111,  0.1259],
         [-0.9075, -0.1044, -0.4068,  0.7588],
         [ 0.0000,  0.0000,  0.0000,  1.0000]]])
2025-04-17T19:02:04.345950 - Final transform:
[[-0.08  0.99 -0.07  0.09]
 [ 0.42 -0.03 -0.91  0.12]
 [-0.9  -0.1  -0.42  0.76]
 [ 0.    0.    0.    1.  ]]
2025-04-17T19:02:04.345950 - Pose:
tensor([[[-0.0811,  0.9943, -0.0691,  0.0915],
         [ 0.4217, -0.0286, -0.9063,  0.1259],
         [-0.9031, -0.1027, -0.4170,  0.7575],
         [ 0.0000,  0.0000,  0.0000,  1.0000]]])
2025-04-17T19:02:04.419472 - Final transform:
[[-0.08  0.99 -0.07  0.09]
 [ 0.42 -0.03 -0.91  0.12]
 [-0.9  -0.11 -0.41  0.76]
 [ 0.    0.    0.    1.  ]]
2025-04-17T19:02:04.419472 - Pose:
tensor([[[-0.0832,  0.9939, -0.0729,  0.0921],
         [ 0.4177, -0.0316, -0.9080,  0.1262],
         [-0.9048, -0.1060, -0.4125,  0.7583],
         [ 0.0000,  0.0000,  0.0000,  1.0000]]])
2025-04-17T19:02:04.489670 - Final transform:
[[-0.08  0.99 -0.07  0.09]
 [ 0.41 -0.03 -0.91  0.12]
 [-0.91 -0.1  -0.4   0.76]
 [ 0.    0.    0.    1.  ]]
2025-04-17T19:02:04.489670 - Pose:
tensor([[[-0.0842,  0.9943, -0.0652,  0.0916],
         [ 0.4082, -0.0253, -0.9125,  0.1263],
         [-0.9090, -0.1035, -0.4038,  0.7587],
         [ 0.0000,  0.0000,  0.0000,  1.0000]]])
2025-04-17T19:02:04.559363 - Final transform:
[[-0.08  0.99 -0.07  0.09]
 [ 0.41 -0.03 -0.91  0.12]
 [-0.91 -0.1  -0.41  0.76]
 [ 0.    0.    0.    1.  ]]
2025-04-17T19:02:04.559363 - Pose:
tensor([[[-0.0775,  0.9947, -0.0676,  0.0915],
         [ 0.4128, -0.0297, -0.9103,  0.1263],
         [-0.9075, -0.0985, -0.4083,  0.7586],
         [ 0.0000,  0.0000,  0.0000,  1.0000]]])
2025-04-17T19:02:04.626293 - Final transform:
[[-0.08  0.99 -0.07  0.09]
 [ 0.41 -0.03 -0.91  0.12]
 [-0.91 -0.1  -0.41  0.76]
 [ 0.    0.    0.    1.  ]]
2025-04-17T19:02:04.626293 - Pose:
tensor([[[-0.0818,  0.9943, -0.0686,  0.0917],
         [ 0.4139, -0.0287, -0.9099,  0.1261],
         [-0.9066, -0.1028, -0.4092,  0.7580],
         [ 0.0000,  0.0000,  0.0000,  1.0000]]])
2025-04-17T19:02:04.701062 - Final transform:
[[-0.08  0.99 -0.07  0.09]
 [ 0.42 -0.03 -0.91  0.12]
 [-0.91 -0.11 -0.41  0.76]
 [ 0.    0.    0.    1.  ]]
2025-04-17T19:02:04.701062 - Pose:
tensor([[[-0.0834,  0.9940, -0.0705,  0.0916],
         [ 0.4161, -0.0296, -0.9088,  0.1260],
         [-0.9055, -0.1052, -0.4112,  0.7572],
         [ 0.0000,  0.0000,  0.0000,  1.0000]]])
2025-04-17T19:02:04.769607 - Final transform:
[[-0.09  0.99 -0.07  0.09]
 [ 0.41 -0.03 -0.91  0.12]
 [-0.91 -0.11 -0.41  0.76]
 [ 0.    0.    0.    1.  ]]
2025-04-17T19:02:04.769607 - Pose:
tensor([[[-0.0886,  0.9935, -0.0715,  0.0918],
         [ 0.4117, -0.0289, -0.9109,  0.1263],
         [-0.9070, -0.1101, -0.4065,  0.7571],
         [ 0.0000,  0.0000,  0.0000,  1.0000]]])
2025-04-17T19:02:04.842758 - Final transform:
[[-0.09  0.99 -0.07  0.09]
 [ 0.42 -0.03 -0.91  0.12]
 [-0.91 -0.11 -0.41  0.76]
 [ 0.    0.    0.    1.  ]]
2025-04-17T19:02:04.842758 - Pose:
tensor([[[-0.0866,  0.9936, -0.0727,  0.0918],
         [ 0.4158, -0.0303, -0.9090,  0.1261],
         [-0.9053, -0.1089, -0.4105,  0.7576],
         [ 0.0000,  0.0000,  0.0000,  1.0000]]])
2025-04-17T19:02:04.921875 - Final transform:
[[-0.09  0.99 -0.07  0.09]
 [ 0.41 -0.03 -0.91  0.12]
 [-0.91 -0.11 -0.4   0.76]
 [ 0.    0.    0.    1.  ]]
2025-04-17T19:02:04.921875 - Pose:
tensor([[[-0.0920,  0.9932, -0.0711,  0.0918],
         [ 0.4063, -0.0277, -0.9133,  0.1261],
         [-0.9091, -0.1129, -0.4010,  0.7582],
         [ 0.0000,  0.0000,  0.0000,  1.0000]]])
2025-04-17T19:02:04.994420 - Final transform:
[[-0.09  0.99 -0.07  0.09]
 [ 0.42 -0.03 -0.91  0.12]
 [-0.9  -0.11 -0.41  0.76]
 [ 0.    0.    0.    1.  ]]
2025-04-17T19:02:04.994420 - Pose:
tensor([[[-0.0851,  0.9937, -0.0732,  0.0916],
         [ 0.4175, -0.0312, -0.9081,  0.1263],
         [-0.9047, -0.1079, -0.4122,  0.7586],
         [ 0.0000,  0.0000,  0.0000,  1.0000]]])
2025-04-17T19:02:05.066364 - Final transform:
[[-0.08  0.99 -0.07  0.09]
 [ 0.41 -0.03 -0.91  0.12]
 [-0.91 -0.1  -0.41  0.76]
 [ 0.    0.    0.    1.  ]]
2025-04-17T19:02:05.066364 - Pose:
tensor([[[-0.0837,  0.9941, -0.0690,  0.0913],
         [ 0.4149, -0.0282, -0.9094,  0.1261],
         [-0.9060, -0.1047, -0.4101,  0.7576],
         [ 0.0000,  0.0000,  0.0000,  1.0000]]])
2025-04-17T19:02:05.134812 - Final transform:
[[-0.08  0.99 -0.07  0.09]
 [ 0.41 -0.03 -0.91  0.12]
 [-0.91 -0.11 -0.4   0.76]
 [ 0.    0.    0.    1.  ]]
2025-04-17T19:02:05.134812 - Pose:
tensor([[[-0.0844,  0.9939, -0.0715,  0.0920],
         [ 0.4067, -0.0311, -0.9130,  0.1262],
         [-0.9097, -0.1061, -0.4016,  0.7589],
         [ 0.0000,  0.0000,  0.0000,  1.0000]]])
2025-04-17T19:02:05.209601 - Final transform:
[[-0.09  0.99 -0.08  0.09]
 [ 0.41 -0.03 -0.91  0.12]
 [-0.91 -0.12 -0.41  0.76]
 [ 0.    0.    0.    1.  ]]
2025-04-17T19:02:05.209601 - Pose:
tensor([[[-0.0943,  0.9926, -0.0761,  0.0919],
         [ 0.4131, -0.0305, -0.9102,  0.1261],
         [-0.9058, -0.1173, -0.4072,  0.7582],
         [ 0.0000,  0.0000,  0.0000,  1.0000]]])
2025-04-17T19:02:05.278482 - Final transform:
[[-0.09  0.99 -0.07  0.09]
 [ 0.41 -0.03 -0.91  0.12]
 [-0.91 -0.11 -0.41  0.76]
 [ 0.    0.    0.    1.  ]]
2025-04-17T19:02:05.278482 - Pose:
tensor([[[-0.0866,  0.9935, -0.0735,  0.0917],
         [ 0.4131, -0.0314, -0.9101,  0.1261],
         [-0.9066, -0.1092, -0.4077,  0.7581],
         [ 0.0000,  0.0000,  0.0000,  1.0000]]])
2025-04-17T19:02:05.344299 - Final transform:
[[-0.09  0.99 -0.07  0.09]
 [ 0.42 -0.03 -0.91  0.12]
 [-0.9  -0.11 -0.42  0.76]
 [ 0.    0.    0.    1.  ]]
2025-04-17T19:02:05.344299 - Pose:
tensor([[[-0.0890,  0.9936, -0.0690,  0.0915],
         [ 0.4220, -0.0251, -0.9062,  0.1261],
         [-0.9022, -0.1098, -0.4171,  0.7583],
         [ 0.0000,  0.0000,  0.0000,  1.0000]]])
2025-04-17T19:02:05.414891 - Final transform:
[[-0.08  0.99 -0.07  0.09]
 [ 0.42 -0.03 -0.91  0.12]
 [-0.9  -0.1  -0.41  0.76]
 [ 0.    0.    0.    1.  ]]
2025-04-17T19:02:05.414891 - Pose:
tensor([[[-0.0801,  0.9940, -0.0738,  0.0917],
         [ 0.4194, -0.0335, -0.9072,  0.1261],
         [-0.9042, -0.1036, -0.4143,  0.7582],
         [ 0.0000,  0.0000,  0.0000,  1.0000]]])
2025-04-17T19:02:05.483749 - Final transform:
[[-0.09  0.99 -0.07  0.09]
 [ 0.41 -0.03 -0.91  0.12]
 [-0.91 -0.11 -0.4   0.76]
 [ 0.    0.    0.    1.  ]]
2025-04-17T19:02:05.483749 - Pose:
tensor([[[-0.0889,  0.9936, -0.0704,  0.0917],
         [ 0.4067, -0.0283, -0.9131,  0.1263],
         [-0.9092, -0.1098, -0.4015,  0.7572],
         [ 0.0000,  0.0000,  0.0000,  1.0000]]])
2025-04-17T19:02:05.553497 - Final transform:
[[-0.08  0.99 -0.07  0.09]
 [ 0.42 -0.03 -0.91  0.12]
 [-0.9  -0.11 -0.42  0.76]
 [ 0.    0.    0.    1.  ]]
2025-04-17T19:02:05.553497 - Pose:
tensor([[[-0.0843,  0.9941, -0.0676,  0.0914],
         [ 0.4245, -0.0255, -0.9051,  0.1260],
         [-0.9015, -0.1050, -0.4199,  0.7579],
         [ 0.0000,  0.0000,  0.0000,  1.0000]]])
2025-04-17T19:02:05.618926 - Final transform:
[[-0.08  0.99 -0.07  0.09]
 [ 0.43 -0.03 -0.9   0.12]
 [-0.9  -0.1  -0.42  0.76]
 [ 0.    0.    0.    1.  ]]
2025-04-17T19:02:05.618926 - Pose:
tensor([[[-0.0788,  0.9945, -0.0689,  0.0917],
         [ 0.4285, -0.0286, -0.9031,  0.1260],
         [-0.9001, -0.1006, -0.4239,  0.7580],
         [ 0.0000,  0.0000,  0.0000,  1.0000]]])
2025-04-17T19:02:05.688631 - Final transform:
[[-0.1   0.99 -0.07  0.09]
 [ 0.42 -0.02 -0.91  0.12]
 [-0.9  -0.12 -0.41  0.76]
 [ 0.    0.    0.    1.  ]]
2025-04-17T19:02:05.688631 - Pose:
tensor([[[-0.0967,  0.9928, -0.0713,  0.0914],
         [ 0.4155, -0.0248, -0.9092,  0.1263],
         [-0.9044, -0.1175, -0.4101,  0.7589],
         [ 0.0000,  0.0000,  0.0000,  1.0000]]])
2025-04-17T19:02:05.757281 - Final transform:
[[-0.09  0.99 -0.07  0.09]
 [ 0.42 -0.03 -0.91  0.12]
 [-0.9  -0.11 -0.41  0.76]
 [ 0.    0.    0.    1.  ]]
2025-04-17T19:02:05.757281 - Pose:
tensor([[[-0.0902,  0.9932, -0.0733,  0.0914],
         [ 0.4199, -0.0288, -0.9071,  0.1258],
         [-0.9031, -0.1126, -0.4144,  0.7588],
         [ 0.0000,  0.0000,  0.0000,  1.0000]]])
2025-04-17T19:02:05.825334 - Final transform:
[[-0.08  0.99 -0.07  0.09]
 [ 0.41 -0.03 -0.91  0.12]
 [-0.91 -0.1  -0.41  0.76]
 [ 0.    0.    0.    1.  ]]
2025-04-17T19:02:05.825334 - Pose:
tensor([[[-0.0811,  0.9941, -0.0726,  0.0917],
         [ 0.4135, -0.0327, -0.9099,  0.1262],
         [-0.9069, -0.1038, -0.4084,  0.7571],
         [ 0.0000,  0.0000,  0.0000,  1.0000]]])
2025-04-17T19:02:05.894345 - Final transform:
[[-0.09  0.99 -0.08  0.09]
 [ 0.42 -0.03 -0.91  0.12]
 [-0.9  -0.11 -0.41  0.76]
 [ 0.    0.    0.    1.  ]]
2025-04-17T19:02:05.894345 - Pose:
tensor([[[-0.0888,  0.9931, -0.0763,  0.0921],
         [ 0.4167, -0.0325, -0.9085,  0.1261],
         [-0.9047, -0.1125, -0.4109,  0.7575],
         [ 0.0000,  0.0000,  0.0000,  1.0000]]])
2025-04-17T19:02:05.964172 - Final transform:
[[-0.09  0.99 -0.07  0.09]
 [ 0.42 -0.03 -0.91  0.12]
 [-0.9  -0.11 -0.41  0.76]
 [ 0.    0.    0.    1.  ]]
2025-04-17T19:02:05.964172 - Pose:
tensor([[[-0.0881,  0.9936, -0.0711,  0.0918],
         [ 0.4200, -0.0276, -0.9071,  0.1259],
         [-0.9032, -0.1098, -0.4149,  0.7590],
         [ 0.0000,  0.0000,  0.0000,  1.0000]]])
2025-04-17T19:02:06.029151 - Final transform:
[[-0.09  0.99 -0.08  0.09]
 [ 0.43 -0.03 -0.9   0.12]
 [-0.9  -0.12 -0.42  0.76]
 [ 0.    0.    0.    1.  ]]
2025-04-17T19:02:06.029151 - Pose:
tensor([[[-0.0919,  0.9927, -0.0779,  0.0920],
         [ 0.4263, -0.0314, -0.9040,  0.1262],
         [-0.8999, -0.1163, -0.4203,  0.7589],
         [ 0.0000,  0.0000,  0.0000,  1.0000]]])
2025-04-17T19:02:06.098046 - Final transform:
[[-0.08  0.99 -0.07  0.09]
 [ 0.42 -0.03 -0.91  0.12]
 [-0.9  -0.1  -0.42  0.76]
 [ 0.    0.    0.    1.  ]]
2025-04-17T19:02:06.098046 - Pose:
tensor([[[-0.0828,  0.9942, -0.0686,  0.0920],
         [ 0.4232, -0.0273, -0.9056,  0.1261],
         [-0.9023, -0.1040, -0.4185,  0.7582],
         [ 0.0000,  0.0000,  0.0000,  1.0000]]])
2025-04-17T19:02:06.162574 - Final transform:
[[-0.1   0.99 -0.08  0.09]
 [ 0.41 -0.03 -0.91  0.12]
 [-0.91 -0.12 -0.4   0.76]
 [ 0.    0.    0.    1.  ]]
2025-04-17T19:02:06.162574 - Pose:
tensor([[[-0.0968,  0.9924, -0.0759,  0.0920],
         [ 0.4094, -0.0298, -0.9119,  0.1263],
         [-0.9072, -0.1193, -0.4034,  0.7573],
         [ 0.0000,  0.0000,  0.0000,  1.0000]]])
2025-04-17T19:02:06.230203 - Final transform:
[[-0.09  0.99 -0.07  0.09]
 [ 0.42 -0.03 -0.9   0.12]
 [-0.9  -0.11 -0.42  0.76]
 [ 0.    0.    0.    1.  ]]
2025-04-17T19:02:06.230203 - Pose:
tensor([[[-0.0888,  0.9935, -0.0709,  0.0917],
         [ 0.4246, -0.0266, -0.9050,  0.1261],
         [-0.9010, -0.1105, -0.4195,  0.7578],
         [ 0.0000,  0.0000,  0.0000,  1.0000]]])
2025-04-17T19:02:06.297027 - Final transform:
[[-0.09  0.99 -0.07  0.09]
 [ 0.41 -0.03 -0.91  0.12]
 [-0.91 -0.11 -0.41  0.76]
 [ 0.    0.    0.    1.  ]]
2025-04-17T19:02:06.297027 - Pose:
tensor([[[-0.0904,  0.9934, -0.0704,  0.0919],
         [ 0.4127, -0.0270, -0.9105,  0.1262],
         [-0.9064, -0.1114, -0.4075,  0.7586],
         [ 0.0000,  0.0000,  0.0000,  1.0000]]])
2025-04-17T19:02:06.367326 - Final transform:
[[-0.09  0.99 -0.07  0.09]
 [ 0.42 -0.03 -0.91  0.12]
 [-0.9  -0.11 -0.41  0.76]
 [ 0.    0.    0.    1.  ]]
2025-04-17T19:02:06.367326 - Pose:
tensor([[[-0.0886,  0.9935, -0.0709,  0.0919],
         [ 0.4180, -0.0276, -0.9080,  0.1261],
         [-0.9041, -0.1101, -0.4128,  0.7586],
         [ 0.0000,  0.0000,  0.0000,  1.0000]]])
2025-04-17T19:02:06.438477 - Final transform:
[[-0.09  0.99 -0.07  0.09]
 [ 0.41 -0.03 -0.91  0.12]
 [-0.91 -0.11 -0.41  0.76]
 [ 0.    0.    0.    1.  ]]
2025-04-17T19:02:06.438477 - Pose:
tensor([[[-0.0868,  0.9939, -0.0676,  0.0913],
         [ 0.4149, -0.0256, -0.9095,  0.1258],
         [-0.9057, -0.1070, -0.4102,  0.7579],
         [ 0.0000,  0.0000,  0.0000,  1.0000]]])
2025-04-17T19:02:06.506782 - Final transform:
[[-0.08  0.99 -0.07  0.09]
 [ 0.41 -0.03 -0.91  0.12]
 [-0.91 -0.11 -0.41  0.76]
 [ 0.    0.    0.    1.  ]]
2025-04-17T19:02:06.506782 - Pose:
tensor([[[-0.0841,  0.9940, -0.0694,  0.0916],
         [ 0.4128, -0.0286, -0.9104,  0.1263],
         [-0.9069, -0.1052, -0.4080,  0.7580],
         [ 0.0000,  0.0000,  0.0000,  1.0000]]])
2025-04-17T19:02:06.577343 - Final transform:
[[-0.09  0.99 -0.07  0.09]
 [ 0.42 -0.03 -0.91  0.12]
 [-0.9  -0.11 -0.42  0.76]
 [ 0.    0.    0.    1.  ]]
2025-04-17T19:02:06.577343 - Pose:
tensor([[[-0.0897,  0.9932, -0.0743,  0.0920],
         [ 0.4227, -0.0296, -0.9058,  0.1262],
         [-0.9018, -0.1127, -0.4171,  0.7576],
         [ 0.0000,  0.0000,  0.0000,  1.0000]]])
2025-04-17T19:02:06.643878 - Final transform:
[[-0.08  0.99 -0.07  0.09]
 [ 0.42 -0.03 -0.91  0.12]
 [-0.9  -0.1  -0.42  0.76]
 [ 0.    0.    0.    1.  ]]
2025-04-17T19:02:06.643878 - Pose:
tensor([[[-0.0825,  0.9941, -0.0706,  0.0917],
         [ 0.4234, -0.0291, -0.9055,  0.1263],
         [-0.9022, -0.1046, -0.4185,  0.7574],
         [ 0.0000,  0.0000,  0.0000,  1.0000]]])
2025-04-17T19:02:06.719013 - Final transform:
[[-0.08  0.99 -0.07  0.09]
 [ 0.42 -0.03 -0.91  0.12]
 [-0.9  -0.11 -0.41  0.76]
 [ 0.    0.    0.    1.  ]]
2025-04-17T19:02:06.719013 - Pose:
tensor([[[-0.0842,  0.9941, -0.0687,  0.0920],
         [ 0.4182, -0.0273, -0.9079,  0.1265],
         [-0.9044, -0.1051, -0.4134,  0.7585],
         [ 0.0000,  0.0000,  0.0000,  1.0000]]])
2025-04-17T19:02:06.789868 - Final transform:
[[-0.09  0.99 -0.08  0.09]
 [ 0.42 -0.03 -0.91  0.12]
 [-0.9  -0.11 -0.41  0.76]
 [ 0.    0.    0.    1.  ]]
2025-04-17T19:02:06.789868 - Pose:
tensor([[[-0.0869,  0.9933, -0.0757,  0.0922],
         [ 0.4196, -0.0324, -0.9071,  0.1262],
         [-0.9035, -0.1106, -0.4140,  0.7574],
         [ 0.0000,  0.0000,  0.0000,  1.0000]]])
2025-04-17T19:02:06.859205 - Final transform:
[[-0.1   0.99 -0.08  0.09]
 [ 0.42 -0.03 -0.91  0.12]
 [-0.9  -0.12 -0.41  0.76]
 [ 0.    0.    0.    1.  ]]
2025-04-17T19:02:06.859205 - Pose:
tensor([[[-0.0960,  0.9924, -0.0764,  0.0920],
         [ 0.4175, -0.0295, -0.9082,  0.1263],
         [-0.9036, -0.1191, -0.4115,  0.7581],
         [ 0.0000,  0.0000,  0.0000,  1.0000]]])
2025-04-17T19:02:06.935579 - Final transform:
[[-0.08  0.99 -0.07  0.09]
 [ 0.42 -0.03 -0.91  0.12]
 [-0.9  -0.11 -0.41  0.76]
 [ 0.    0.    0.    1.  ]]
2025-04-17T19:02:06.935579 - Pose:
tensor([[[-0.0847,  0.9937, -0.0735,  0.0920],
         [ 0.4199, -0.0313, -0.9070,  0.1262],
         [-0.9036, -0.1076, -0.4146,  0.7582],
         [ 0.0000,  0.0000,  0.0000,  1.0000]]])
2025-04-17T19:02:07.004228 - Final transform:
[[-0.09  0.99 -0.08  0.09]
 [ 0.42 -0.03 -0.91  0.12]
 [-0.9  -0.11 -0.42  0.76]
 [ 0.    0.    0.    1.  ]]
2025-04-17T19:02:07.004228 - Pose:
tensor([[[-0.0903,  0.9930, -0.0761,  0.0921],
         [ 0.4220, -0.0311, -0.9061,  0.1259],
         [-0.9021, -0.1139, -0.4162,  0.7589],
         [ 0.0000,  0.0000,  0.0000,  1.0000]]])
2025-04-17T19:02:07.072350 - Final transform:
[[-0.08  0.99 -0.07  0.09]
 [ 0.42 -0.03 -0.91  0.12]
 [-0.9  -0.1  -0.42  0.76]
 [ 0.    0.    0.    1.  ]]
2025-04-17T19:02:07.072350 - Pose:
tensor([[[-0.0830,  0.9941, -0.0703,  0.0920],
         [ 0.4226, -0.0288, -0.9058,  0.1264],
         [-0.9025, -0.1049, -0.4177,  0.7588],
         [ 0.0000,  0.0000,  0.0000,  1.0000]]])
2025-04-17T19:02:07.139437 - Final transform:
[[-0.08  0.99 -0.07  0.09]
 [ 0.42 -0.03 -0.91  0.12]
 [-0.9  -0.11 -0.42  0.76]
 [ 0.    0.    0.    1.  ]]
2025-04-17T19:02:07.139437 - Pose:
tensor([[[-0.0844,  0.9939, -0.0713,  0.0916],
         [ 0.4240, -0.0289, -0.9052,  0.1262],
         [-0.9017, -0.1067, -0.4190,  0.7575],
         [ 0.0000,  0.0000,  0.0000,  1.0000]]])
2025-04-17T19:02:07.208404 - Final transform:
[[-0.08  0.99 -0.07  0.09]
 [ 0.42 -0.03 -0.91  0.12]
 [-0.9  -0.1  -0.42  0.76]
 [ 0.    0.    0.    1.  ]]
2025-04-17T19:02:07.208404 - Pose:
tensor([[[-0.0809,  0.9941, -0.0718,  0.0919],
         [ 0.4241, -0.0309, -0.9051,  0.1261],
         [-0.9020, -0.1037, -0.4192,  0.7575],
         [ 0.0000,  0.0000,  0.0000,  1.0000]]])
2025-04-17T19:02:07.276346 - Final transform:
[[-0.09  0.99 -0.07  0.09]
 [ 0.42 -0.03 -0.91  0.12]
 [-0.9  -0.11 -0.42  0.76]
 [ 0.    0.    0.    1.  ]]
2025-04-17T19:02:07.276346 - Pose:
tensor([[[-0.0861,  0.9940, -0.0676,  0.0917],
         [ 0.4221, -0.0250, -0.9062,  0.1259],
         [-0.9024, -0.1065, -0.4175,  0.7582],
         [ 0.0000,  0.0000,  0.0000,  1.0000]]])
2025-04-17T19:02:07.343942 - Final transform:
[[-0.09  0.99 -0.07  0.09]
 [ 0.42 -0.03 -0.91  0.12]
 [-0.9  -0.11 -0.41  0.76]
 [ 0.    0.    0.    1.  ]]
2025-04-17T19:02:07.343942 - Pose:
tensor([[[-0.0905,  0.9933, -0.0718,  0.0919],
         [ 0.4172, -0.0277, -0.9084,  0.1262],
         [-0.9043, -0.1122, -0.4119,  0.7583],
         [ 0.0000,  0.0000,  0.0000,  1.0000]]])
2025-04-17T19:02:07.412586 - Final transform:
[[-0.09  0.99 -0.07  0.09]
 [ 0.41 -0.03 -0.91  0.12]
 [-0.91 -0.11 -0.4   0.76]
 [ 0.    0.    0.    1.  ]]
2025-04-17T19:02:07.412586 - Pose:
tensor([[[-0.0864,  0.9935, -0.0742,  0.0917],
         [ 0.4073, -0.0328, -0.9127,  0.1263],
         [-0.9092, -0.1091, -0.4018,  0.7581],
         [ 0.0000,  0.0000,  0.0000,  1.0000]]])
2025-04-17T19:02:07.481578 - Final transform:
[[-0.09  0.99 -0.08  0.09]
 [ 0.42 -0.03 -0.91  0.12]
 [-0.9  -0.11 -0.42  0.76]
 [ 0.    0.    0.    1.  ]]
2025-04-17T19:02:07.481578 - Pose:
tensor([[[-0.0875,  0.9933, -0.0759,  0.0919],
         [ 0.4219, -0.0321, -0.9061,  0.1260],
         [-0.9024, -0.1113, -0.4163,  0.7578],
         [ 0.0000,  0.0000,  0.0000,  1.0000]]])
2025-04-17T19:02:07.550462 - Final transform:
[[-0.08  0.99 -0.07  0.09]
 [ 0.42 -0.03 -0.91  0.12]
