2025-04-17T19:01:00.046555 - Final transform:
[[-0.99 -0.05  0.09  0.11]
 [ 0.01 -0.93 -0.38  0.04]
 [ 0.11 -0.38  0.92  0.79]
 [ 0.    0.    0.    1.  ]]
2025-04-17T19:01:00.046555 - Pose:
tensor([[[-0.9944, -0.0464,  0.0948,  0.1067],
         [ 0.0070, -0.9251, -0.3798,  0.0405],
         [ 0.1053, -0.3770,  0.9202,  0.7892],
         [ 0.0000,  0.0000,  0.0000,  1.0000]]])
2025-04-17T19:01:00.119166 - Final transform:
[[-0.99 -0.04  0.09  0.11]
 [ 0.01 -0.93 -0.37  0.04]
 [ 0.1  -0.37  0.92  0.79]
 [ 0.    0.    0.    1.  ]]
2025-04-17T19:01:00.119166 - Pose:
tensor([[[-0.9948, -0.0446,  0.0916,  0.1065],
         [ 0.0072, -0.9276, -0.3735,  0.0405],
         [ 0.1016, -0.3709,  0.9231,  0.7890],
         [ 0.0000,  0.0000,  0.0000,  1.0000]]])
2025-04-17T19:01:00.190310 - Final transform:
[[-1.   -0.04  0.09  0.11]
 [ 0.01 -0.93 -0.37  0.04]
 [ 0.1  -0.37  0.92  0.79]
 [ 0.    0.    0.    1.  ]]
2025-04-17T19:01:00.190310 - Pose:
tensor([[[-0.9950, -0.0423,  0.0899,  0.1068],
         [ 0.0056, -0.9272, -0.3746,  0.0404],
         [ 0.0992, -0.3723,  0.9228,  0.7889],
         [ 0.0000,  0.0000,  0.0000,  1.0000]]])
2025-04-17T19:01:00.258981 - Final transform:
[[-0.99 -0.05  0.09  0.11]
 [ 0.02 -0.93 -0.38  0.04]
 [ 0.11 -0.38  0.92  0.79]
 [ 0.    0.    0.    1.  ]]
2025-04-17T19:01:00.258981 - Pose:
tensor([[[-0.9943, -0.0550,  0.0914,  0.1068],
         [ 0.0163, -0.9251, -0.3793,  0.0408],
         [ 0.1054, -0.3757,  0.9207,  0.7892],
         [ 0.0000,  0.0000,  0.0000,  1.0000]]])
2025-04-17T19:01:00.329206 - Final transform:
[[-0.99 -0.05  0.09  0.11]
 [ 0.01 -0.93 -0.38  0.04]
 [ 0.1  -0.37  0.92  0.79]
 [ 0.    0.    0.    1.  ]]
2025-04-17T19:01:00.329206 - Pose:
tensor([[[-0.9946, -0.0486,  0.0916,  0.1067],
         [ 0.0107, -0.9267, -0.3756,  0.0406],
         [ 0.1031, -0.3726,  0.9222,  0.7893],
         [ 0.0000,  0.0000,  0.0000,  1.0000]]])
2025-04-17T19:01:00.398538 - Final transform:
[[-0.99 -0.05  0.09  0.11]
 [ 0.01 -0.93 -0.38  0.04]
 [ 0.1  -0.37  0.92  0.79]
 [ 0.    0.    0.    1.  ]]
2025-04-17T19:01:00.398538 - Pose:
tensor([[[-0.9945, -0.0496,  0.0922,  0.1067],
         [ 0.0114, -0.9268, -0.3754,  0.0406],
         [ 0.1041, -0.3723,  0.9223,  0.7889],
         [ 0.0000,  0.0000,  0.0000,  1.0000]]])
2025-04-17T19:01:00.471313 - Final transform:
[[-1.   -0.05  0.09  0.11]
 [ 0.01 -0.93 -0.38  0.04]
 [ 0.1  -0.37  0.92  0.79]
 [ 0.    0.    0.    1.  ]]
2025-04-17T19:01:00.471313 - Pose:
tensor([[[-0.9950, -0.0468,  0.0880,  0.1067],
         [ 0.0104, -0.9269, -0.3751,  0.0403],
         [ 0.0991, -0.3723,  0.9228,  0.7889],
         [ 0.0000,  0.0000,  0.0000,  1.0000]]])
2025-04-17T19:01:00.541324 - Final transform:
[[-0.99 -0.04  0.09  0.11]
 [ 0.01 -0.93 -0.37  0.04]
 [ 0.1  -0.37  0.92  0.79]
 [ 0.    0.    0.    1.  ]]
2025-04-17T19:01:00.541324 - Pose:
tensor([[[-0.9949, -0.0439,  0.0913,  0.1066],
         [ 0.0067, -0.9275, -0.3737,  0.0405],
         [ 0.1011, -0.3711,  0.9231,  0.7888],
         [ 0.0000,  0.0000,  0.0000,  1.0000]]])
2025-04-17T19:01:00.612039 - Final transform:
[[-0.99 -0.05  0.09  0.11]
 [ 0.01 -0.93 -0.38  0.04]
 [ 0.1  -0.37  0.92  0.79]
 [ 0.    0.    0.    1.  ]]
2025-04-17T19:01:00.612039 - Pose:
tensor([[[-0.9947, -0.0487,  0.0905,  0.1066],
         [ 0.0110, -0.9259, -0.3775,  0.0407],
         [ 0.1022, -0.3745,  0.9216,  0.7892],
         [ 0.0000,  0.0000,  0.0000,  1.0000]]])
2025-04-17T19:01:00.679073 - Final transform:
[[-0.99 -0.05  0.09  0.11]
 [ 0.01 -0.93 -0.37  0.04]
 [ 0.1  -0.37  0.92  0.79]
 [ 0.    0.    0.    1.  ]]
2025-04-17T19:01:00.679073 - Pose:
tensor([[[-0.9947, -0.0473,  0.0913,  0.1066],
         [ 0.0100, -0.9281, -0.3722,  0.0406],
         [ 0.1024, -0.3693,  0.9236,  0.7892],
         [ 0.0000,  0.0000,  0.0000,  1.0000]]])
2025-04-17T19:01:00.748338 - Final transform:
[[-1.   -0.05  0.08  0.11]
 [ 0.01 -0.93 -0.37  0.04]
 [ 0.09 -0.37  0.92  0.79]
 [ 0.    0.    0.    1.  ]]
2025-04-17T19:01:00.748338 - Pose:
tensor([[[-0.9954, -0.0472,  0.0831,  0.1065],
         [ 0.0129, -0.9280, -0.3722,  0.0404],
         [ 0.0947, -0.3695,  0.9244,  0.7889],
         [ 0.0000,  0.0000,  0.0000,  1.0000]]])
2025-04-17T19:01:00.818708 - Final transform:
[[-0.99 -0.05  0.09  0.11]
 [ 0.01 -0.93 -0.38  0.04]
 [ 0.1  -0.37  0.92  0.79]
 [ 0.    0.    0.    1.  ]]
2025-04-17T19:01:00.818708 - Pose:
tensor([[[-0.9947, -0.0491,  0.0900,  0.1068],
         [ 0.0117, -0.9264, -0.3763,  0.0406],
         [ 0.1019, -0.3733,  0.9221,  0.7891],
         [ 0.0000,  0.0000,  0.0000,  1.0000]]])
2025-04-17T19:01:00.887750 - Final transform:
[[-0.99 -0.05  0.09  0.11]
 [ 0.01 -0.92 -0.38  0.04]
 [ 0.1  -0.38  0.92  0.79]
 [ 0.    0.    0.    1.  ]]
2025-04-17T19:01:00.887750 - Pose:
tensor([[[-0.9948, -0.0460,  0.0913,  0.1067],
         [ 0.0078, -0.9246, -0.3810,  0.0405],
         [ 0.1019, -0.3783,  0.9201,  0.7888],
         [ 0.0000,  0.0000,  0.0000,  1.0000]]])
2025-04-17T19:01:00.958076 - Final transform:
[[-1.   -0.05  0.09  0.11]
 [ 0.01 -0.93 -0.37  0.04]
 [ 0.1  -0.37  0.92  0.79]
 [ 0.    0.    0.    1.  ]]
2025-04-17T19:01:00.958076 - Pose:
tensor([[[-0.9952, -0.0450,  0.0874,  0.1067],
         [ 0.0090, -0.9270, -0.3750,  0.0403],
         [ 0.0979, -0.3724,  0.9229,  0.7887],
         [ 0.0000,  0.0000,  0.0000,  1.0000]]])
2025-04-17T19:01:01.026106 - Final transform:
[[-0.99 -0.05  0.09  0.11]
 [ 0.01 -0.93 -0.38  0.04]
 [ 0.1  -0.37  0.92  0.79]
 [ 0.    0.    0.    1.  ]]
2025-04-17T19:01:01.026106 - Pose:
tensor([[[-0.9945, -0.0511,  0.0919,  0.1069],
         [ 0.0130, -0.9267, -0.3755,  0.0407],
         [ 0.1043, -0.3722,  0.9223,  0.7891],
         [ 0.0000,  0.0000,  0.0000,  1.0000]]])
2025-04-17T19:01:01.098581 - Final transform:
[[-1.   -0.05  0.09  0.11]
 [ 0.01 -0.93 -0.38  0.04]
 [ 0.1  -0.37  0.92  0.79]
 [ 0.    0.    0.    1.  ]]
2025-04-17T19:01:01.098581 - Pose:
tensor([[[-0.9951, -0.0461,  0.0874,  0.1066],
         [ 0.0099, -0.9269, -0.3753,  0.0405],
         [ 0.0983, -0.3726,  0.9228,  0.7887],
         [ 0.0000,  0.0000,  0.0000,  1.0000]]])
2025-04-17T19:01:01.170071 - Final transform:
[[-0.99 -0.05  0.09  0.11]
 [ 0.01 -0.92 -0.38  0.04]
 [ 0.1  -0.38  0.92  0.79]
 [ 0.    0.    0.    1.  ]]
2025-04-17T19:01:01.170071 - Pose:
tensor([[[-0.9947, -0.0497,  0.0895,  0.1066],
         [ 0.0120, -0.9249, -0.3801,  0.0404],
         [ 0.1016, -0.3770,  0.9206,  0.7887],
         [ 0.0000,  0.0000,  0.0000,  1.0000]]])
2025-04-17T19:01:01.238931 - Final transform:
[[-0.99 -0.05  0.09  0.11]
 [ 0.02 -0.93 -0.38  0.04]
 [ 0.1  -0.38  0.92  0.79]
 [ 0.    0.    0.    1.  ]]
2025-04-17T19:01:01.238931 - Pose:
tensor([[[-0.9944, -0.0542,  0.0910,  0.1069],
         [ 0.0157, -0.9253, -0.3789,  0.0406],
         [ 0.1047, -0.3754,  0.9209,  0.7895],
         [ 0.0000,  0.0000,  0.0000,  1.0000]]])
2025-04-17T19:01:01.306872 - Final transform:
[[-0.99 -0.05  0.09  0.11]
 [ 0.01 -0.93 -0.38  0.04]
 [ 0.1  -0.37  0.92  0.79]
 [ 0.    0.    0.    1.  ]]
2025-04-17T19:01:01.306872 - Pose:
tensor([[[-0.9945, -0.0463,  0.0941,  0.1065],
         [ 0.0074, -0.9260, -0.3773,  0.0405],
         [ 0.1046, -0.3746,  0.9213,  0.7893],
         [ 0.0000,  0.0000,  0.0000,  1.0000]]])
2025-04-17T19:01:01.374821 - Final transform:
[[-1.   -0.04  0.08  0.11]
 [ 0.01 -0.93 -0.38  0.04]
 [ 0.09 -0.38  0.92  0.79]
 [ 0.    0.    0.    1.  ]]
2025-04-17T19:01:01.374821 - Pose:
tensor([[[-0.9956, -0.0422,  0.0840,  0.1062],
         [ 0.0073, -0.9255, -0.3787,  0.0405],
         [ 0.0937, -0.3764,  0.9217,  0.7888],
         [ 0.0000,  0.0000,  0.0000,  1.0000]]])
2025-04-17T19:01:01.446763 - Final transform:
[[-1.   -0.04  0.09  0.11]
 [ 0.01 -0.93 -0.37  0.04]
 [ 0.1  -0.37  0.92  0.79]
 [ 0.    0.    0.    1.  ]]
2025-04-17T19:01:01.446763 - Pose:
tensor([[[-0.9951, -0.0431,  0.0892,  0.1066],
         [ 0.0069, -0.9282, -0.3719,  0.0405],
         [ 0.0989, -0.3695,  0.9240,  0.7888],
         [ 0.0000,  0.0000,  0.0000,  1.0000]]])
2025-04-17T19:01:01.533843 - Final transform:
[[-1.   -0.04  0.09  0.11]
 [ 0.01 -0.93 -0.37  0.04]
 [ 0.1  -0.37  0.92  0.79]
 [ 0.    0.    0.    1.  ]]
2025-04-17T19:01:01.533843 - Pose:
tensor([[[-0.9953, -0.0429,  0.0870,  0.1066],
         [ 0.0076, -0.9284, -0.3715,  0.0406],
         [ 0.0967, -0.3691,  0.9243,  0.7890],
         [ 0.0000,  0.0000,  0.0000,  1.0000]]])
2025-04-17T19:01:01.636775 - Final transform:
[[-0.99 -0.05  0.09  0.11]
 [ 0.01 -0.93 -0.38  0.04]
 [ 0.1  -0.37  0.92  0.79]
 [ 0.    0.    0.    1.  ]]
2025-04-17T19:01:01.636775 - Pose:
tensor([[[-0.9945, -0.0457,  0.0943,  0.1065],
         [ 0.0068, -0.9260, -0.3775,  0.0405],
         [ 0.1045, -0.3748,  0.9212,  0.7890],
         [ 0.0000,  0.0000,  0.0000,  1.0000]]])
2025-04-17T19:01:01.707650 - Final transform:
[[-1.   -0.05  0.09  0.11]
 [ 0.01 -0.93 -0.37  0.04]
 [ 0.1  -0.37  0.92  0.79]
 [ 0.    0.    0.    1.  ]]
2025-04-17T19:01:01.707650 - Pose:
tensor([[[-0.9951, -0.0454,  0.0873,  0.1065],
         [ 0.0095, -0.9273, -0.3742,  0.0405],
         [ 0.0979, -0.3715,  0.9232,  0.7892],
         [ 0.0000,  0.0000,  0.0000,  1.0000]]])
2025-04-17T19:01:01.776607 - Final transform:
[[-0.99 -0.05  0.1   0.11]
 [ 0.01 -0.92 -0.39  0.04]
 [ 0.11 -0.38  0.92  0.79]
 [ 0.    0.    0.    1.  ]]
2025-04-17T19:01:01.776607 - Pose:
tensor([[[-0.9943, -0.0471,  0.0959,  0.1064],
         [ 0.0065, -0.9227, -0.3854,  0.0408],
         [ 0.1066, -0.3825,  0.9178,  0.7891],
         [ 0.0000,  0.0000,  0.0000,  1.0000]]])
2025-04-17T19:01:01.842120 - Final transform:
[[-1.   -0.05  0.08  0.11]
 [ 0.01 -0.92 -0.39  0.04]
 [ 0.1  -0.39  0.92  0.79]
 [ 0.    0.    0.    1.  ]]
2025-04-17T19:01:01.842120 - Pose:
tensor([[[-0.9953, -0.0469,  0.0844,  0.1066],
         [ 0.0104, -0.9209, -0.3896,  0.0413],
         [ 0.0960, -0.3869,  0.9171,  0.7893],
         [ 0.0000,  0.0000,  0.0000,  1.0000]]])
2025-04-17T19:01:01.910378 - Final transform:
[[-0.99 -0.05  0.09  0.11]
 [ 0.01 -0.92 -0.39  0.04]
 [ 0.1  -0.39  0.91  0.79]
 [ 0.    0.    0.    1.  ]]
2025-04-17T19:01:01.910378 - Pose:
tensor([[[-0.9947, -0.0522,  0.0888,  0.1067],
         [ 0.0129, -0.9186, -0.3949,  0.0413],
         [ 0.1022, -0.3916,  0.9144,  0.7894],
         [ 0.0000,  0.0000,  0.0000,  1.0000]]])
2025-04-17T19:01:01.982458 - Final transform:
[[-0.99 -0.06  0.1   0.11]
 [ 0.01 -0.92 -0.4   0.04]
 [ 0.12 -0.4   0.91  0.79]
 [ 0.    0.    0.    1.  ]]
2025-04-17T19:01:01.982458 - Pose:
tensor([[[-0.9933, -0.0555,  0.1013,  0.1082],
         [ 0.0101, -0.9156, -0.4020,  0.0421],
         [ 0.1151, -0.3982,  0.9100,  0.7877],
         [ 0.0000,  0.0000,  0.0000,  1.0000]]])
2025-04-17T19:01:02.050895 - Final transform:
[[-1.   -0.05  0.08  0.11]
 [ 0.01 -0.89 -0.45  0.04]
 [ 0.1  -0.44  0.89  0.78]
 [ 0.    0.    0.    1.  ]]
2025-04-17T19:01:02.050895 - Pose:
tensor([[[-0.9952, -0.0499,  0.0842,  0.1070],
         [ 0.0070, -0.8947, -0.4466,  0.0441],
         [ 0.0976, -0.4439,  0.8908,  0.7809],
         [ 0.0000,  0.0000,  0.0000,  1.0000]]])
2025-04-17T19:01:02.121752 - Final transform:
[[-1.   -0.05  0.06  0.11]
 [ 0.01 -0.86 -0.51  0.05]
 [ 0.08 -0.51  0.86  0.78]
 [ 0.    0.    0.    1.  ]]
2025-04-17T19:01:02.121752 - Pose:
tensor([[[-0.9967, -0.0528,  0.0614,  0.1066],
         [ 0.0143, -0.8609, -0.5086,  0.0465],
         [ 0.0797, -0.5061,  0.8588,  0.7742],
         [ 0.0000,  0.0000,  0.0000,  1.0000]]])
2025-04-17T19:01:02.190556 - Final transform:
[[-1.   -0.06  0.06  0.11]
 [ 0.02 -0.83 -0.56  0.05]
 [ 0.08 -0.55  0.83  0.77]
 [ 0.    0.    0.    1.  ]]
2025-04-17T19:01:02.190556 - Pose:
tensor([[[-0.9964, -0.0591,  0.0603,  0.1066],
         [ 0.0155, -0.8301, -0.5574,  0.0490],
         [ 0.0830, -0.5545,  0.8280,  0.7676],
         [ 0.0000,  0.0000,  0.0000,  1.0000]]])
2025-04-17T19:01:02.263461 - Final transform:
[[-1.   -0.06  0.05  0.11]
 [ 0.01 -0.77 -0.63  0.05]
 [ 0.08 -0.63  0.77  0.76]
 [ 0.    0.    0.    1.  ]]
2025-04-17T19:01:02.263461 - Pose:
tensor([[[-0.9969, -0.0558,  0.0546,  0.1062],
         [ 0.0085, -0.7729, -0.6345,  0.0526],
         [ 0.0776, -0.6321,  0.7710,  0.7600],
         [ 0.0000,  0.0000,  0.0000,  1.0000]]])
2025-04-17T19:01:02.333236 - Final transform:
[[-1.   -0.05  0.03  0.11]
 [ 0.   -0.6  -0.8   0.06]
 [ 0.06 -0.8   0.6   0.74]
 [ 0.    0.    0.    1.  ]]
2025-04-17T19:01:02.333236 - Pose:
tensor([[[-0.9983, -0.0486,  0.0315,  0.1054],
         [ 0.0041, -0.6020, -0.7985,  0.0640],
         [ 0.0578, -0.7971,  0.6011,  0.7432],
         [ 0.0000,  0.0000,  0.0000,  1.0000]]])
2025-04-17T19:01:02.401554 - Final transform:
[[-1.   -0.07 -0.    0.11]
 [ 0.02 -0.28 -0.96  0.08]
 [ 0.06 -0.96  0.28  0.73]
 [ 0.    0.    0.    1.  ]]
2025-04-17T19:01:02.401554 - Pose:
tensor([[[-0.9979, -0.0652, -0.0033,  0.1100],
         [ 0.0214, -0.2790, -0.9601,  0.0833],
         [ 0.0617, -0.9581,  0.2798,  0.7272],
         [ 0.0000,  0.0000,  0.0000,  1.0000]]])
2025-04-17T19:01:02.469033 - Final transform:
[[-1.   -0.04 -0.03  0.1 ]
 [ 0.04 -0.06 -1.    0.1 ]
 [ 0.04 -1.    0.06  0.72]
 [ 0.    0.    0.    1.  ]]
2025-04-17T19:01:02.469033 - Pose:
tensor([[[-0.9986, -0.0413, -0.0335,  0.1035],
         [ 0.0358, -0.0569, -0.9977,  0.1044],
         [ 0.0393, -0.9975,  0.0583,  0.7240],
         [ 0.0000,  0.0000,  0.0000,  1.0000]]])
2025-04-17T19:01:02.538973 - Final transform:
[[-1.   -0.05  0.06  0.11]
 [-0.08  0.41 -0.91  0.13]
 [ 0.02 -0.91 -0.41  0.73]
 [ 0.    0.    0.    1.  ]]
2025-04-17T19:01:02.538973 - Pose:
tensor([[[-0.9969, -0.0487,  0.0611,  0.1048],
         [-0.0756,  0.4070, -0.9103,  0.1289],
         [ 0.0195, -0.9121, -0.4094,  0.7253],
         [ 0.0000,  0.0000,  0.0000,  1.0000]]])
2025-04-17T19:01:02.610466 - Final transform:
[[-1.   -0.04  0.04  0.1 ]
 [-0.06  0.46 -0.89  0.14]
 [ 0.02 -0.89 -0.46  0.72]
 [ 0.    0.    0.    1.  ]]
2025-04-17T19:01:02.610466 - Pose:
tensor([[[-0.9981, -0.0428,  0.0447,  0.1036],
         [-0.0594,  0.4562, -0.8879,  0.1391],
         [ 0.0176, -0.8889, -0.4578,  0.7223],
         [ 0.0000,  0.0000,  0.0000,  1.0000]]])
2025-04-17T19:01:02.683259 - Final transform:
[[-1.   -0.03  0.03  0.1 ]
 [-0.04  0.45 -0.89  0.14]
 [ 0.01 -0.89 -0.45  0.72]
 [ 0.    0.    0.    1.  ]]
2025-04-17T19:01:02.683259 - Pose:
tensor([[[-0.9989, -0.0318,  0.0332,  0.1029],
         [-0.0440,  0.4522, -0.8908,  0.1401],
         [ 0.0134, -0.8914, -0.4531,  0.7201],
         [ 0.0000,  0.0000,  0.0000,  1.0000]]])
2025-04-17T19:01:02.751654 - Final transform:
[[-1.   -0.03  0.03  0.1 ]
 [-0.04  0.46 -0.89  0.14]
 [ 0.01 -0.89 -0.46  0.72]
 [ 0.    0.    0.    1.  ]]
2025-04-17T19:01:02.751654 - Pose:
tensor([[[-0.9990, -0.0302,  0.0324,  0.1031],
         [-0.0426,  0.4579, -0.8880,  0.1402],
         [ 0.0120, -0.8885, -0.4587,  0.7187],
         [ 0.0000,  0.0000,  0.0000,  1.0000]]])
2025-04-17T19:01:02.818245 - Final transform:
[[-1.   -0.03  0.03  0.1 ]
 [-0.04  0.45 -0.89  0.14]
 [ 0.01 -0.89 -0.45  0.72]
 [ 0.    0.    0.    1.  ]]
2025-04-17T19:01:02.818245 - Pose:
tensor([[[-0.9991, -0.0276,  0.0325,  0.1032],
         [-0.0415,  0.4521, -0.8910,  0.1401],
         [ 0.0099, -0.8915, -0.4528,  0.7180],
         [ 0.0000,  0.0000,  0.0000,  1.0000]]])
2025-04-17T19:01:02.886536 - Final transform:
[[-1.   -0.03  0.03  0.1 ]
 [-0.05  0.46 -0.89  0.14]
 [ 0.01 -0.89 -0.46  0.72]
 [ 0.    0.    0.    1.  ]]
2025-04-17T19:01:02.886536 - Pose:
tensor([[[-0.9989, -0.0340,  0.0337,  0.1030],
         [-0.0456,  0.4595, -0.8870,  0.1399],
         [ 0.0146, -0.8875, -0.4606,  0.7181],
         [ 0.0000,  0.0000,  0.0000,  1.0000]]])
2025-04-17T19:01:02.954469 - Final transform:
[[-1.   -0.03  0.04  0.1 ]
 [-0.04  0.46 -0.89  0.14]
 [ 0.01 -0.89 -0.46  0.72]
 [ 0.    0.    0.    1.  ]]
2025-04-17T19:01:02.954469 - Pose:
tensor([[[-0.9990, -0.0282,  0.0353,  0.1033],
         [-0.0443,  0.4559, -0.8889,  0.1400],
         [ 0.0090, -0.8896, -0.4567,  0.7198],
         [ 0.0000,  0.0000,  0.0000,  1.0000]]])
2025-04-17T19:01:03.025311 - Final transform:
[[-1.   -0.03  0.04  0.1 ]
 [-0.05  0.45 -0.89  0.14]
 [ 0.01 -0.89 -0.45  0.72]
 [ 0.    0.    0.    1.  ]]
2025-04-17T19:01:03.025311 - Pose:
tensor([[[-0.9989, -0.0288,  0.0371,  0.1031],
         [-0.0461,  0.4513, -0.8912,  0.1400],
         [ 0.0089, -0.8919, -0.4521,  0.7190],
         [ 0.0000,  0.0000,  0.0000,  1.0000]]])
2025-04-17T19:01:03.090550 - Final transform:
[[-1.   -0.04  0.04  0.1 ]
 [-0.05  0.45 -0.89  0.14]
 [ 0.01 -0.89 -0.45  0.72]
 [ 0.    0.    0.    1.  ]]
2025-04-17T19:01:03.090550 - Pose:
tensor([[[-0.9987, -0.0355,  0.0375,  0.1035],
         [-0.0495,  0.4508, -0.8912,  0.1400],
         [ 0.0147, -0.8919, -0.4520,  0.7178],
         [ 0.0000,  0.0000,  0.0000,  1.0000]]])
2025-04-17T19:01:03.158614 - Final transform:
[[-1.   -0.03  0.04  0.1 ]
 [-0.05  0.45 -0.89  0.14]
 [ 0.01 -0.89 -0.45  0.72]
 [ 0.    0.    0.    1.  ]]
2025-04-17T19:01:03.158614 - Pose:
tensor([[[-0.9987, -0.0292,  0.0414,  0.1029],
         [-0.0501,  0.4499, -0.8917,  0.1401],
         [ 0.0075, -0.8926, -0.4508,  0.7184],
         [ 0.0000,  0.0000,  0.0000,  1.0000]]])
2025-04-17T19:01:03.226827 - Final transform:
[[-1.   -0.04  0.04  0.1 ]
 [-0.05  0.45 -0.89  0.14]
 [ 0.01 -0.89 -0.45  0.72]
 [ 0.    0.    0.    1.  ]]
2025-04-17T19:01:03.226827 - Pose:
tensor([[[-0.9987, -0.0358,  0.0375,  0.1032],
         [-0.0496,  0.4511, -0.8911,  0.1398],
         [ 0.0150, -0.8918, -0.4522,  0.7185],
         [ 0.0000,  0.0000,  0.0000,  1.0000]]])
2025-04-17T19:01:03.300145 - Final transform:
[[-1.   -0.04  0.04  0.1 ]
 [-0.05  0.46 -0.89  0.14]
 [ 0.02 -0.89 -0.46  0.72]
 [ 0.    0.    0.    1.  ]]
2025-04-17T19:01:03.300145 - Pose:
tensor([[[-0.9983, -0.0420,  0.0397,  0.1035],
         [-0.0545,  0.4558, -0.8884,  0.1401],
         [ 0.0192, -0.8891, -0.4574,  0.7186],
         [ 0.0000,  0.0000,  0.0000,  1.0000]]])
2025-04-17T19:01:03.375694 - Final transform:
[[-1.   -0.03  0.04  0.1 ]
 [-0.05  0.46 -0.89  0.14]
 [ 0.01 -0.89 -0.46  0.72]
 [ 0.    0.    0.    1.  ]]
2025-04-17T19:01:03.375694 - Pose:
tensor([[[-0.9986, -0.0345,  0.0391,  0.1030],
         [-0.0506,  0.4622, -0.8853,  0.1398],
         [ 0.0125, -0.8861, -0.4634,  0.7194],
         [ 0.0000,  0.0000,  0.0000,  1.0000]]])
2025-04-17T19:01:03.445185 - Final transform:
[[-1.   -0.03  0.03  0.1 ]
 [-0.04  0.46 -0.89  0.14]
 [ 0.02 -0.89 -0.46  0.72]
 [ 0.    0.    0.    1.  ]]
2025-04-17T19:01:03.445185 - Pose:
tensor([[[-0.9991, -0.0333,  0.0264,  0.1034],
         [-0.0387,  0.4566, -0.8888,  0.1398],
         [ 0.0175, -0.8891, -0.4574,  0.7186],
         [ 0.0000,  0.0000,  0.0000,  1.0000]]])
2025-04-17T19:01:03.514283 - Final transform:
[[-1.   -0.04  0.02  0.1 ]
 [-0.04  0.46 -0.89  0.14]
 [ 0.03 -0.89 -0.46  0.72]
 [ 0.    0.    0.    1.  ]]
2025-04-17T19:01:03.514283 - Pose:
tensor([[[-0.9989, -0.0413,  0.0239,  0.1036],
         [-0.0401,  0.4575, -0.8883,  0.1399],
         [ 0.0258, -0.8882, -0.4586,  0.7187],
         [ 0.0000,  0.0000,  0.0000,  1.0000]]])
2025-04-17T19:01:03.584059 - Final transform:
[[-1.   -0.03  0.03  0.1 ]
 [-0.04  0.46 -0.89  0.14]
 [ 0.01 -0.89 -0.46  0.72]
 [ 0.    0.    0.    1.  ]]
2025-04-17T19:01:03.584059 - Pose:
tensor([[[-0.9990, -0.0305,  0.0335,  0.1034],
         [-0.0438,  0.4621, -0.8858,  0.1401],
         [ 0.0116, -0.8863, -0.4629,  0.7189],
         [ 0.0000,  0.0000,  0.0000,  1.0000]]])
2025-04-17T19:01:03.655128 - Final transform:
[[-1.   -0.03  0.03  0.1 ]
 [-0.04  0.45 -0.89  0.14]
 [ 0.02 -0.89 -0.45  0.72]
 [ 0.    0.    0.    1.  ]]
2025-04-17T19:01:03.655128 - Pose:
tensor([[[-0.9990, -0.0328,  0.0306,  0.1033],
         [-0.0422,  0.4522, -0.8909,  0.1402],
         [ 0.0154, -0.8913, -0.4531,  0.7179],
         [ 0.0000,  0.0000,  0.0000,  1.0000]]])
2025-04-17T19:01:03.725783 - Final transform:
[[-1.   -0.03  0.03  0.1 ]
 [-0.04  0.45 -0.89  0.14]
 [ 0.01 -0.89 -0.45  0.72]
 [ 0.    0.    0.    1.  ]]
2025-04-17T19:01:03.725783 - Pose:
tensor([[[-0.9991, -0.0307,  0.0301,  0.1029],
         [-0.0407,  0.4496, -0.8923,  0.1402],
         [ 0.0139, -0.8927, -0.4505,  0.7192],
         [ 0.0000,  0.0000,  0.0000,  1.0000]]])
2025-04-17T19:01:03.800162 - Final transform:
[[-1.   -0.04  0.03  0.1 ]
 [-0.05  0.46 -0.89  0.14]
 [ 0.02 -0.89 -0.46  0.72]
 [ 0.    0.    0.    1.  ]]
2025-04-17T19:01:03.800162 - Pose:
tensor([[[-0.9986, -0.0415,  0.0336,  0.1036],
         [-0.0490,  0.4592, -0.8870,  0.1397],
         [ 0.0214, -0.8874, -0.4606,  0.7177],
         [ 0.0000,  0.0000,  0.0000,  1.0000]]])
2025-04-17T19:01:03.870263 - Final transform:
[[-1.   -0.03  0.03  0.1 ]
 [-0.04  0.46 -0.89  0.14]
 [ 0.01 -0.89 -0.46  0.72]
 [ 0.    0.    0.    1.  ]]
2025-04-17T19:01:03.870263 - Pose:
tensor([[[-0.9989, -0.0311,  0.0346,  0.1032],
         [-0.0450,  0.4554, -0.8892,  0.1400],
         [ 0.0119, -0.8898, -0.4563,  0.7185],
         [ 0.0000,  0.0000,  0.0000,  1.0000]]])
2025-04-17T19:01:03.939752 - Final transform:
[[-1.   -0.04  0.02  0.1 ]
 [-0.04  0.46 -0.89  0.14]
 [ 0.02 -0.89 -0.46  0.72]
 [ 0.    0.    0.    1.  ]]
2025-04-17T19:01:03.939752 - Pose:
tensor([[[-0.9991, -0.0361,  0.0208,  0.1035],
         [-0.0351,  0.4596, -0.8874,  0.1397],
         [ 0.0225, -0.8874, -0.4605,  0.7183],
         [ 0.0000,  0.0000,  0.0000,  1.0000]]])
2025-04-17T19:01:04.009578 - Final transform:
[[-1.   -0.03  0.03  0.1 ]
 [-0.04  0.46 -0.89  0.14]
 [ 0.01 -0.89 -0.46  0.72]
 [ 0.    0.    0.    1.  ]]
2025-04-17T19:01:04.009578 - Pose:
tensor([[[-0.9990, -0.0309,  0.0337,  0.1034],
         [-0.0441,  0.4570, -0.8884,  0.1397],
         [ 0.0121, -0.8889, -0.4579,  0.7189],
         [ 0.0000,  0.0000,  0.0000,  1.0000]]])
2025-04-17T19:01:04.078782 - Final transform:
[[-1.   -0.03  0.04  0.1 ]
 [-0.05  0.45 -0.89  0.14]
 [ 0.01 -0.89 -0.45  0.72]
 [ 0.    0.    0.    1.  ]]
2025-04-17T19:01:04.078782 - Pose:
tensor([[[-0.9987, -0.0314,  0.0407,  0.1031],
         [-0.0505,  0.4522, -0.8905,  0.1400],
         [ 0.0096, -0.8913, -0.4532,  0.7184],
         [ 0.0000,  0.0000,  0.0000,  1.0000]]])
2025-04-17T19:01:04.151201 - Final transform:
[[-1.   -0.03  0.04  0.1 ]
 [-0.05  0.45 -0.89  0.14]
 [ 0.01 -0.89 -0.45  0.72]
 [ 0.    0.    0.    1.  ]]
2025-04-17T19:01:04.151201 - Pose:
tensor([[[-0.9989, -0.0300,  0.0362,  0.1030],
         [-0.0458,  0.4465, -0.8936,  0.1402],
         [ 0.0107, -0.8943, -0.4473,  0.7190],
         [ 0.0000,  0.0000,  0.0000,  1.0000]]])
2025-04-17T19:01:04.222427 - Final transform:
[[-1.   -0.04  0.02  0.1 ]
 [-0.04  0.46 -0.89  0.14]
 [ 0.02 -0.89 -0.46  0.72]
 [ 0.    0.    0.    1.  ]]
2025-04-17T19:01:04.222427 - Pose:
tensor([[[-0.9989, -0.0391,  0.0243,  0.1037],
         [-0.0396,  0.4619, -0.8861,  0.1397],
         [ 0.0235, -0.8861, -0.4629,  0.7196],
         [ 0.0000,  0.0000,  0.0000,  1.0000]]])
2025-04-17T19:01:04.296748 - Final transform:
[[-1.   -0.04  0.02  0.1 ]
 [-0.04  0.46 -0.89  0.14]
 [ 0.03 -0.89 -0.46  0.72]
 [ 0.    0.    0.    1.  ]]
2025-04-17T19:01:04.296748 - Pose:
tensor([[[-0.9988, -0.0419,  0.0234,  0.1039],
         [-0.0401,  0.4590, -0.8875,  0.1399],
         [ 0.0264, -0.8874, -0.4602,  0.7196],
         [ 0.0000,  0.0000,  0.0000,  1.0000]]])
2025-04-17T19:01:04.367395 - Final transform:
[[-1.   -0.03  0.03  0.1 ]
 [-0.04  0.45 -0.89  0.14]
 [ 0.01 -0.89 -0.45  0.72]
 [ 0.    0.    0.    1.  ]]
2025-04-17T19:01:04.367395 - Pose:
tensor([[[-0.9990, -0.0316,  0.0316,  0.1032],
         [-0.0424,  0.4503, -0.8919,  0.1401],
         [ 0.0140, -0.8923, -0.4512,  0.7184],
         [ 0.0000,  0.0000,  0.0000,  1.0000]]])
2025-04-17T19:01:04.441779 - Final transform:
[[-1.   -0.03  0.03  0.1 ]
 [-0.05  0.45 -0.89  0.14]
 [ 0.01 -0.89 -0.45  0.72]
 [ 0.    0.    0.    1.  ]]
2025-04-17T19:01:04.441779 - Pose:
tensor([[[-0.9989, -0.0309,  0.0349,  0.1028],
         [-0.0451,  0.4506, -0.8916,  0.1400],
         [ 0.0119, -0.8922, -0.4515,  0.7177],
         [ 0.0000,  0.0000,  0.0000,  1.0000]]])
2025-04-17T19:01:04.511063 - Final transform:
[[-1.   -0.04  0.03  0.1 ]
 [-0.05  0.45 -0.89  0.14]
 [ 0.02 -0.89 -0.45  0.72]
 [ 0.    0.    0.    1.  ]]
2025-04-17T19:01:04.511063 - Pose:
tensor([[[-0.9987, -0.0364,  0.0344,  0.1030],
         [-0.0471,  0.4514, -0.8911,  0.1399],
         [ 0.0169, -0.8916, -0.4525,  0.7174],
         [ 0.0000,  0.0000,  0.0000,  1.0000]]])
2025-04-17T19:01:04.581893 - Final transform:
[[-1.   -0.03  0.04  0.1 ]
 [-0.05  0.45 -0.89  0.14]
 [ 0.01 -0.89 -0.45  0.72]
 [ 0.    0.    0.    1.  ]]
2025-04-17T19:01:04.581893 - Pose:
tensor([[[-0.9987, -0.0328,  0.0379,  0.1031],
         [-0.0486,  0.4482, -0.8926,  0.1402],
         [ 0.0123, -0.8933, -0.4493,  0.7179],
         [ 0.0000,  0.0000,  0.0000,  1.0000]]])
2025-04-17T19:01:04.653438 - Final transform:
[[-1.   -0.03  0.04  0.1 ]
 [-0.05  0.45 -0.89  0.14]
 [ 0.01 -0.89 -0.45  0.72]
 [ 0.    0.    0.    1.  ]]
2025-04-17T19:01:04.653438 - Pose:
tensor([[[-0.9986, -0.0334,  0.0406,  0.1032],
         [-0.0513,  0.4521, -0.8905,  0.1401],
         [ 0.0114, -0.8914, -0.4532,  0.7186],
         [ 0.0000,  0.0000,  0.0000,  1.0000]]])
2025-04-17T19:01:04.721807 - Final transform:
[[-1.   -0.03  0.05  0.1 ]
 [-0.05  0.45 -0.89  0.14]
 [ 0.   -0.89 -0.45  0.72]
 [ 0.    0.    0.    1.  ]]
2025-04-17T19:01:04.721807 - Pose:
tensor([[[-0.9986, -0.0264,  0.0467,  0.1032],
         [-0.0536,  0.4538, -0.8895,  0.1401],
         [ 0.0023, -0.8907, -0.4546,  0.7189],
         [ 0.0000,  0.0000,  0.0000,  1.0000]]])
2025-04-17T19:01:04.790194 - Final transform:
[[-1.   -0.03  0.04  0.1 ]
 [-0.04  0.45 -0.89  0.14]
 [ 0.01 -0.89 -0.45  0.72]
 [ 0.    0.    0.    1.  ]]
2025-04-17T19:01:04.790194 - Pose:
tensor([[[-0.9990, -0.0284,  0.0353,  0.1027],
         [-0.0443,  0.4535, -0.8902,  0.1401],
         [ 0.0093, -0.8908, -0.4543,  0.7189],
         [ 0.0000,  0.0000,  0.0000,  1.0000]]])
2025-04-17T19:01:04.858116 - Final transform:
[[-1.   -0.04  0.02  0.1 ]
 [-0.04  0.46 -0.89  0.14]
 [ 0.02 -0.89 -0.46  0.72]
 [ 0.    0.    0.    1.  ]]
2025-04-17T19:01:04.858116 - Pose:
tensor([[[-0.9991, -0.0353,  0.0227,  0.1035],
         [-0.0364,  0.4582, -0.8881,  0.1400],
         [ 0.0209, -0.8882, -0.4590,  0.7182],
         [ 0.0000,  0.0000,  0.0000,  1.0000]]])
2025-04-17T19:01:04.927856 - Final transform:
[[-1.   -0.03  0.04  0.1 ]
 [-0.05  0.46 -0.89  0.14]
 [ 0.01 -0.89 -0.46  0.72]
 [ 0.    0.    0.    1.  ]]
2025-04-17T19:01:04.927856 - Pose:
tensor([[[-0.9988, -0.0331,  0.0352,  0.1033],
         [-0.0464,  0.4566, -0.8885,  0.1402],
         [ 0.0133, -0.8891, -0.4576,  0.7181],
         [ 0.0000,  0.0000,  0.0000,  1.0000]]])
2025-04-17T19:01:04.998406 - Final transform:
[[-1.   -0.03  0.04  0.1 ]
 [-0.05  0.45 -0.89  0.14]
 [ 0.01 -0.89 -0.46  0.72]
 [ 0.    0.    0.    1.  ]]
2025-04-17T19:01:04.998406 - Pose:
tensor([[[-0.9989, -0.0283,  0.0369,  0.1030],
         [-0.0457,  0.4550, -0.8893,  0.1401],
         [ 0.0084, -0.8900, -0.4558,  0.7195],
         [ 0.0000,  0.0000,  0.0000,  1.0000]]])
2025-04-17T19:01:05.069056 - Final transform:
[[-1.   -0.04  0.04  0.1 ]
 [-0.06  0.46 -0.89  0.14]
 [ 0.02 -0.89 -0.46  0.72]
 [ 0.    0.    0.    1.  ]]
2025-04-17T19:01:05.069056 - Pose:
tensor([[[-0.9983, -0.0427,  0.0401,  0.1038],
         [-0.0553,  0.4590, -0.8867,  0.1398],
         [ 0.0195, -0.8874, -0.4606,  0.7191],
         [ 0.0000,  0.0000,  0.0000,  1.0000]]])
2025-04-17T19:01:05.137533 - Final transform:
[[-1.   -0.04  0.03  0.1 ]
 [-0.05  0.46 -0.89  0.14]
 [ 0.02 -0.89 -0.46  0.72]
 [ 0.    0.    0.    1.  ]]
2025-04-17T19:01:05.137533 - Pose:
tensor([[[-0.9986, -0.0402,  0.0334,  0.1036],
         [-0.0482,  0.4596, -0.8868,  0.1400],
         [ 0.0203, -0.8872, -0.4609,  0.7184],
         [ 0.0000,  0.0000,  0.0000,  1.0000]]])
2025-04-17T19:01:05.204370 - Final transform:
[[-1.   -0.03  0.04  0.1 ]
 [-0.05  0.46 -0.89  0.14]
 [ 0.01 -0.89 -0.46  0.72]
 [ 0.    0.    0.    1.  ]]
2025-04-17T19:01:05.204370 - Pose:
tensor([[[-0.9989, -0.0268,  0.0382,  0.1031],
         [-0.0462,  0.4555, -0.8890,  0.1400],
         [ 0.0064, -0.8898, -0.4563,  0.7192],
         [ 0.0000,  0.0000,  0.0000,  1.0000]]])
2025-04-17T19:01:05.272246 - Final transform:
[[-1.   -0.03  0.04  0.1 ]
 [-0.05  0.45 -0.89  0.14]
 [ 0.01 -0.89 -0.45  0.72]
 [ 0.    0.    0.    1.  ]]
2025-04-17T19:01:05.272246 - Pose:
tensor([[[-0.9989, -0.0275,  0.0368,  0.1029],
         [-0.0452,  0.4517, -0.8910,  0.1401],
         [ 0.0079, -0.8917, -0.4525,  0.7190],
         [ 0.0000,  0.0000,  0.0000,  1.0000]]])
2025-04-17T19:01:05.343016 - Final transform:
[[-1.   -0.03  0.03  0.1 ]
 [-0.04  0.45 -0.89  0.14]
 [ 0.01 -0.89 -0.45  0.72]
 [ 0.    0.    0.    1.  ]]
2025-04-17T19:01:05.343016 - Pose:
tensor([[[-0.9991, -0.0291,  0.0298,  0.1030],
         [-0.0397,  0.4501, -0.8921,  0.1402],
         [ 0.0126, -0.8925, -0.4509,  0.7173],
         [ 0.0000,  0.0000,  0.0000,  1.0000]]])
2025-04-17T19:01:05.411467 - Final transform:
[[-1.   -0.04  0.04  0.1 ]
 [-0.05  0.45 -0.89  0.14]
 [ 0.02 -0.89 -0.46  0.72]
 [ 0.    0.    0.    1.  ]]
2025-04-17T19:01:05.411467 - Pose:
tensor([[[-0.9986, -0.0389,  0.0352,  0.1034],
         [-0.0491,  0.4545, -0.8894,  0.1397],
         [ 0.0186, -0.8899, -0.4558,  0.7197],
         [ 0.0000,  0.0000,  0.0000,  1.0000]]])
2025-04-17T19:01:05.479043 - Final transform:
[[-1.   -0.03  0.05  0.1 ]
 [-0.06  0.45 -0.89  0.14]
 [-0.   -0.89 -0.45  0.72]
 [ 0.    0.    0.    1.  ]]
2025-04-17T19:01:05.479043 - Pose:
tensor([[[-9.9831e-01, -2.5920e-02,  5.1924e-02,  1.0314e-01],
         [-5.8034e-02,  4.4954e-01, -8.9137e-01,  1.4053e-01],
         [-2.3741e-04, -8.9288e-01, -4.5029e-01,  7.1911e-01],
         [ 0.0000e+00,  0.0000e+00,  0.0000e+00,  1.0000e+00]]])
2025-04-17T19:01:05.547798 - Final transform:
[[-1.   -0.03  0.05  0.1 ]
 [-0.05  0.45 -0.89  0.14]
 [ 0.   -0.89 -0.45  0.72]
 [ 0.    0.    0.    1.  ]]
2025-04-17T19:01:05.547798 - Pose:
tensor([[[-0.9986, -0.0251,  0.0464,  0.1030],
         [-0.0527,  0.4505, -0.8912,  0.1401],
         [ 0.0015, -0.8924, -0.4512,  0.7186],
         [ 0.0000,  0.0000,  0.0000,  1.0000]]])
2025-04-17T19:01:05.616255 - Final transform:
[[-1.   -0.03  0.05  0.1 ]
 [-0.06  0.45 -0.89  0.14]
 [ 0.01 -0.89 -0.45  0.72]
 [ 0.    0.    0.    1.  ]]
2025-04-17T19:01:05.616255 - Pose:
tensor([[[-0.9985, -0.0304,  0.0464,  0.1032],
         [-0.0552,  0.4519, -0.8904,  0.1398],
         [ 0.0061, -0.8915, -0.4529,  0.7198],
         [ 0.0000,  0.0000,  0.0000,  1.0000]]])
2025-04-17T19:01:05.686670 - Final transform:
[[-1.   -0.02  0.05  0.1 ]
 [-0.05  0.45 -0.89  0.14]
 [-0.   -0.89 -0.45  0.72]
 [ 0.    0.    0.    1.  ]]
2025-04-17T19:01:05.686670 - Pose:
tensor([[[-9.9851e-01, -2.4022e-02,  4.8880e-02,  1.0298e-01],
         [-5.4462e-02,  4.4781e-01, -8.9247e-01,  1.4031e-01],
         [-4.4985e-04, -8.9381e-01, -4.4845e-01,  7.1809e-01],
         [ 0.0000e+00,  0.0000e+00,  0.0000e+00,  1.0000e+00]]])
2025-04-17T19:01:05.755168 - Final transform:
[[-1.   -0.03  0.04  0.1 ]
 [-0.05  0.45 -0.89  0.14]
 [ 0.01 -0.89 -0.45  0.72]
 [ 0.    0.    0.    1.  ]]
2025-04-17T19:01:05.755168 - Pose:
tensor([[[-0.9988, -0.0291,  0.0382,  0.1027],
         [-0.0472,  0.4510, -0.8913,  0.1403],
         [ 0.0087, -0.8921, -0.4518,  0.7176],
         [ 0.0000,  0.0000,  0.0000,  1.0000]]])
2025-04-17T19:01:05.823681 - Final transform:
[[-1.   -0.03  0.04  0.1 ]
 [-0.05  0.46 -0.89  0.14]
 [ 0.01 -0.89 -0.46  0.72]
 [ 0.    0.    0.    1.  ]]
2025-04-17T19:01:05.823681 - Pose:
tensor([[[-0.9988, -0.0321,  0.0361,  0.1032],
         [-0.0467,  0.4552, -0.8892,  0.1401],
         [ 0.0121, -0.8898, -0.4561,  0.7172],
         [ 0.0000,  0.0000,  0.0000,  1.0000]]])
2025-04-17T19:01:05.891571 - Final transform:
[[-1.   -0.03  0.03  0.1 ]
 [-0.04  0.45 -0.89  0.14]
 [ 0.01 -0.89 -0.45  0.72]
 [ 0.    0.    0.    1.  ]]
2025-04-17T19:01:05.891571 - Pose:
tensor([[[-0.9990, -0.0293,  0.0322,  0.1033],
         [-0.0420,  0.4505, -0.8918,  0.1403],
         [ 0.0116, -0.8923, -0.4513,  0.7188],
         [ 0.0000,  0.0000,  0.0000,  1.0000]]])
2025-04-17T19:01:05.957664 - Final transform:
[[-1.   -0.03  0.04  0.1 ]
 [-0.05  0.45 -0.89  0.14]
 [ 0.01 -0.89 -0.46  0.72]
 [ 0.    0.    0.    1.  ]]
2025-04-17T19:01:05.957664 - Pose:
tensor([[[-0.9985, -0.0336,  0.0423,  0.1033],
         [-0.0530,  0.4543, -0.8893,  0.1400],
         [ 0.0107, -0.8902, -0.4555,  0.7189],
         [ 0.0000,  0.0000,  0.0000,  1.0000]]])
2025-04-17T19:01:06.024737 - Final transform:
[[-1.   -0.03  0.03  0.1 ]
 [-0.04  0.46 -0.89  0.14]
 [ 0.02 -0.89 -0.46  0.72]
 [ 0.    0.    0.    1.  ]]
2025-04-17T19:01:06.024737 - Pose:
tensor([[[-0.9991, -0.0328,  0.0283,  0.1033],
         [-0.0402,  0.4585, -0.8878,  0.1398],
         [ 0.0161, -0.8881, -0.4594,  0.7192],
         [ 0.0000,  0.0000,  0.0000,  1.0000]]])
2025-04-17T19:01:06.092068 - Final transform:
[[-1.   -0.04  0.03  0.1 ]
 [-0.04  0.46 -0.89  0.14]
 [ 0.02 -0.89 -0.46  0.72]
 [ 0.    0.    0.    1.  ]]
2025-04-17T19:01:06.092068 - Pose:
tensor([[[-0.9988, -0.0407,  0.0285,  0.1037],
         [-0.0440,  0.4604, -0.8866,  0.1396],
         [ 0.0230, -0.8868, -0.4617,  0.7197],
         [ 0.0000,  0.0000,  0.0000,  1.0000]]])
2025-04-17T19:01:06.161817 - Final transform:
[[-1.   -0.03  0.04  0.1 ]
 [-0.05  0.46 -0.89  0.14]
 [ 0.   -0.89 -0.46  0.72]
 [ 0.    0.    0.    1.  ]]
2025-04-17T19:01:06.161817 - Pose:
tensor([[[-0.9986, -0.0262,  0.0449,  0.1032],
         [-0.0519,  0.4606, -0.8861,  0.1399],
         [ 0.0025, -0.8872, -0.4613,  0.7191],
         [ 0.0000,  0.0000,  0.0000,  1.0000]]])
2025-04-17T19:01:06.232561 - Final transform:
[[-1.   -0.03  0.02  0.1 ]
 [-0.03  0.46 -0.89  0.14]
 [ 0.02 -0.89 -0.46  0.72]
 [ 0.    0.    0.    1.  ]]
2025-04-17T19:01:06.232561 - Pose:
tensor([[[-0.9992, -0.0347,  0.0209,  0.1034],
         [-0.0344,  0.4563, -0.8892,  0.1398],
         [ 0.0214, -0.8892, -0.4571,  0.7184],
         [ 0.0000,  0.0000,  0.0000,  1.0000]]])
2025-04-17T19:01:06.300984 - Final transform:
[[-1.   -0.04  0.03  0.1 ]
 [-0.04  0.46 -0.89  0.14]
 [ 0.02 -0.89 -0.46  0.72]
 [ 0.    0.    0.    1.  ]]
2025-04-17T19:01:06.300984 - Pose:
tensor([[[-0.9989, -0.0362,  0.0297,  0.1035],
         [-0.0431,  0.4613, -0.8862,  0.1398],
         [ 0.0184, -0.8865, -0.4624,  0.7194],
         [ 0.0000,  0.0000,  0.0000,  1.0000]]])
2025-04-17T19:01:06.371497 - Final transform:
[[-1.   -0.03  0.05  0.1 ]
 [-0.06  0.46 -0.89  0.14]
 [ 0.   -0.89 -0.46  0.72]
 [ 0.    0.    0.    1.  ]]
2025-04-17T19:01:06.371497 - Pose:
tensor([[[-0.9984, -0.0275,  0.0489,  0.1030],
         [-0.0560,  0.4556, -0.8884,  0.1398],
         [ 0.0022, -0.8898, -0.4564,  0.7188],
         [ 0.0000,  0.0000,  0.0000,  1.0000]]])
2025-04-17T19:01:06.439515 - Final transform:
[[-1.   -0.03  0.03  0.1 ]
 [-0.04  0.46 -0.89  0.14]
 [ 0.02 -0.89 -0.46  0.72]
 [ 0.    0.    0.    1.  ]]
2025-04-17T19:01:06.439515 - Pose:
tensor([[[-0.9989, -0.0349,  0.0307,  0.1033],
         [-0.0433,  0.4568, -0.8885,  0.1396],
         [ 0.0170, -0.8889, -0.4578,  0.7180],
         [ 0.0000,  0.0000,  0.0000,  1.0000]]])
2025-04-17T19:01:06.509429 - Final transform:
[[-1.   -0.03  0.03  0.1 ]
 [-0.04  0.46 -0.89  0.14]
 [ 0.01 -0.89 -0.46  0.72]
 [ 0.    0.    0.    1.  ]]
2025-04-17T19:01:06.509429 - Pose:
tensor([[[-0.9990, -0.0284,  0.0334,  0.1034],
         [-0.0427,  0.4582, -0.8878,  0.1395],
         [ 0.0100, -0.8884, -0.4590,  0.7202],
         [ 0.0000,  0.0000,  0.0000,  1.0000]]])
2025-04-17T19:01:06.578314 - Final transform:
[[-1.   -0.03  0.04  0.1 ]
 [-0.04  0.45 -0.89  0.14]
 [ 0.01 -0.89 -0.45  0.72]
 [ 0.    0.    0.    1.  ]]
2025-04-17T19:01:06.578314 - Pose:
tensor([[[-0.9990, -0.0275,  0.0363,  0.1029],
         [-0.0448,  0.4531, -0.8903,  0.1399],
         [ 0.0080, -0.8910, -0.4539,  0.7185],
         [ 0.0000,  0.0000,  0.0000,  1.0000]]])
2025-04-17T19:01:06.649621 - Final transform:
[[-1.   -0.03  0.04  0.1 ]
 [-0.05  0.45 -0.89  0.14]
 [ 0.01 -0.89 -0.45  0.72]
 [ 0.    0.    0.    1.  ]]
2025-04-17T19:01:06.649621 - Pose:
tensor([[[-0.9987, -0.0345,  0.0369,  0.1032],
         [-0.0485,  0.4533, -0.8900,  0.1399],
         [ 0.0140, -0.8907, -0.4544,  0.7185],
         [ 0.0000,  0.0000,  0.0000,  1.0000]]])
2025-04-17T19:01:06.717115 - Final transform:
[[-1.   -0.04  0.03  0.1 ]
 [-0.05  0.45 -0.89  0.14]
 [ 0.02 -0.89 -0.45  0.72]
 [ 0.    0.    0.    1.  ]]
2025-04-17T19:01:06.717115 - Pose:
tensor([[[-0.9986, -0.0410,  0.0319,  0.1034],
         [-0.0469,  0.4489, -0.8923,  0.1402],
         [ 0.0223, -0.8926, -0.4503,  0.7180],
         [ 0.0000,  0.0000,  0.0000,  1.0000]]])
2025-04-17T19:01:06.785086 - Final transform:
[[-1.   -0.03  0.04  0.1 ]
 [-0.05  0.45 -0.89  0.14]
 [ 0.01 -0.89 -0.45  0.72]
 [ 0.    0.    0.    1.  ]]
2025-04-17T19:01:06.785086 - Pose:
tensor([[[-0.9988, -0.0297,  0.0395,  0.1029],
         [-0.0487,  0.4508, -0.8913,  0.1399],
         [ 0.0087, -0.8921, -0.4517,  0.7181],
         [ 0.0000,  0.0000,  0.0000,  1.0000]]])
2025-04-17T19:01:06.852709 - Final transform:
[[-1.   -0.04  0.03  0.1 ]
 [-0.05  0.45 -0.89  0.14]
 [ 0.02 -0.89 -0.45  0.72]
 [ 0.    0.    0.    1.  ]]
2025-04-17T19:01:06.852709 - Pose:
tensor([[[-0.9988, -0.0375,  0.0324,  0.1034],
         [-0.0459,  0.4529, -0.8904,  0.1401],
         [ 0.0187, -0.8908, -0.4541,  0.7181],
         [ 0.0000,  0.0000,  0.0000,  1.0000]]])
2025-04-17T19:01:06.920992 - Final transform:
[[-1.   -0.03  0.04  0.1 ]
 [-0.05  0.45 -0.89  0.14]
 [ 0.01 -0.89 -0.45  0.72]
 [ 0.    0.    0.    1.  ]]
2025-04-17T19:01:06.920992 - Pose:
tensor([[[-0.9988, -0.0342,  0.0353,  0.1034],
         [-0.0469,  0.4479, -0.8929,  0.1402],
         [ 0.0147, -0.8934, -0.4489,  0.7179],
         [ 0.0000,  0.0000,  0.0000,  1.0000]]])
2025-04-17T19:01:06.992337 - Final transform:
[[-1.   -0.03  0.03  0.1 ]
 [-0.04  0.45 -0.89  0.14]
 [ 0.01 -0.89 -0.45  0.72]
 [ 0.    0.    0.    1.  ]]
2025-04-17T19:01:06.992337 - Pose:
tensor([[[-0.9990, -0.0311,  0.0326,  0.1033],
         [-0.0431,  0.4505, -0.8917,  0.1397],
         [ 0.0131, -0.8922, -0.4514,  0.7191],
         [ 0.0000,  0.0000,  0.0000,  1.0000]]])
2025-04-17T19:01:07.061042 - Final transform:
[[-1.   -0.04  0.03  0.1 ]
 [-0.04  0.45 -0.89  0.14]
 [ 0.02 -0.89 -0.45  0.72]
 [ 0.    0.    0.    1.  ]]
2025-04-17T19:01:07.061042 - Pose:
tensor([[[-0.9989, -0.0354,  0.0322,  0.1032],
         [-0.0447,  0.4505, -0.8917,  0.1403],
         [ 0.0170, -0.8921, -0.4515,  0.7179],
         [ 0.0000,  0.0000,  0.0000,  1.0000]]])
2025-04-17T19:01:07.129648 - Final transform:
[[-1.   -0.04  0.04  0.1 ]
 [-0.05  0.45 -0.89  0.14]
 [ 0.02 -0.89 -0.46  0.72]
 [ 0.    0.    0.    1.  ]]
2025-04-17T19:01:07.129648 - Pose:
tensor([[[-0.9986, -0.0402,  0.0353,  0.1035],
         [-0.0498,  0.4542, -0.8895,  0.1398],
         [ 0.0197, -0.8900, -0.4556,  0.7189],
         [ 0.0000,  0.0000,  0.0000,  1.0000]]])
2025-04-17T19:01:07.198963 - Final transform:
[[-1.   -0.03  0.03  0.1 ]
 [-0.04  0.46 -0.89  0.14]
 [ 0.01 -0.89 -0.46  0.72]
 [ 0.    0.    0.    1.  ]]
2025-04-17T19:01:07.198963 - Pose:
tensor([[[-0.9991, -0.0266,  0.0340,  0.1031],
         [-0.0424,  0.4572, -0.8884,  0.1400],
         [ 0.0080, -0.8890, -0.4579,  0.7187],
         [ 0.0000,  0.0000,  0.0000,  1.0000]]])
2025-04-17T19:01:07.266989 - Final transform:
[[-1.   -0.04  0.04  0.1 ]
 [-0.05  0.45 -0.89  0.14]
 [ 0.01 -0.89 -0.46  0.72]
 [ 0.    0.    0.    1.  ]]
2025-04-17T19:01:07.266989 - Pose:
tensor([[[-0.9987, -0.0351,  0.0364,  0.1033],
         [-0.0484,  0.4546, -0.8894,  0.1399],
         [ 0.0146, -0.8900, -0.4558,  0.7182],
         [ 0.0000,  0.0000,  0.0000,  1.0000]]])
2025-04-17T19:01:07.337892 - Final transform:
[[-1.   -0.03  0.02  0.1 ]
 [-0.04  0.45 -0.89  0.14]
 [ 0.02 -0.89 -0.45  0.72]
 [ 0.    0.    0.    1.  ]]
2025-04-17T19:01:07.337892 - Pose:
tensor([[[-0.9992, -0.0302,  0.0247,  0.1031],
         [-0.0357,  0.4520, -0.8913,  0.1400],
         [ 0.0158, -0.8915, -0.4527,  0.7184],
