2025-04-28T17:31:00.047648 - Final transform:
[[ 0.92 -0.38  0.03 -0.09]
 [-0.14 -0.26  0.96  0.11]
 [-0.35 -0.89 -0.29  0.52]
 [ 0.    0.    0.    1.  ]]
2025-04-28T17:31:00.047648 - Pose:
tensor([[[ 0.9248, -0.3789,  0.0336, -0.0909],
         [-0.1410, -0.2596,  0.9554,  0.1150],
         [-0.3533, -0.8883, -0.2935,  0.5193],
         [ 0.0000,  0.0000,  0.0000,  1.0000]]])
2025-04-28T17:31:00.116646 - Final transform:
[[ 0.92 -0.38  0.05 -0.1 ]
 [-0.16 -0.25  0.95  0.11]
 [-0.35 -0.89 -0.29  0.53]
 [ 0.    0.    0.    1.  ]]
2025-04-28T17:31:00.116646 - Pose:
tensor([[[ 0.9219, -0.3842,  0.0496, -0.1082],
         [-0.1570, -0.2535,  0.9545,  0.1201],
         [-0.3542, -0.8877, -0.2941,  0.5276],
         [ 0.0000,  0.0000,  0.0000,  1.0000]]])
2025-04-28T17:31:00.181937 - Final transform:
[[ 0.93 -0.37  0.08 -0.12]
 [-0.17 -0.23  0.96  0.11]
 [-0.33 -0.9  -0.28  0.53]
 [ 0.    0.    0.    1.  ]]
2025-04-28T17:31:00.181937 - Pose:
tensor([[[ 0.9262, -0.3688,  0.0784, -0.1194],
         [-0.1739, -0.2333,  0.9567,  0.1139],
         [-0.3345, -0.8998, -0.2802,  0.5328],
         [ 0.0000,  0.0000,  0.0000,  1.0000]]])
2025-04-28T17:31:00.245630 - Final transform:
[[ 0.93 -0.35  0.08 -0.13]
 [-0.16 -0.21  0.96  0.1 ]
 [-0.32 -0.92 -0.25  0.53]
 [ 0.    0.    0.    1.  ]]
2025-04-28T17:31:00.245630 - Pose:
tensor([[[ 0.9349, -0.3452,  0.0822, -0.1290],
         [-0.1613, -0.2068,  0.9650,  0.1047],
         [-0.3161, -0.9154, -0.2491,  0.5276],
         [ 0.0000,  0.0000,  0.0000,  1.0000]]])
2025-04-28T17:31:00.311303 - Final transform:
[[ 0.95 -0.3   0.05 -0.13]
 [-0.12 -0.22  0.97  0.1 ]
 [-0.28 -0.93 -0.25  0.52]
 [ 0.    0.    0.    1.  ]]
2025-04-28T17:31:00.311303 - Pose:
tensor([[[ 0.9526, -0.3006,  0.0466, -0.1306],
         [-0.1181, -0.2242,  0.9674,  0.1026],
         [-0.2804, -0.9270, -0.2491,  0.5177],
         [ 0.0000,  0.0000,  0.0000,  1.0000]]])
2025-04-28T17:31:00.375149 - Final transform:
[[ 0.97 -0.25  0.05 -0.12]
 [-0.11 -0.25  0.96  0.1 ]
 [-0.22 -0.94 -0.27  0.51]
 [ 0.    0.    0.    1.  ]]
2025-04-28T17:31:00.375149 - Pose:
tensor([[[ 0.9681, -0.2461,  0.0468, -0.1256],
         [-0.1102, -0.2508,  0.9618,  0.1007],
         [-0.2250, -0.9362, -0.2699,  0.5069],
         [ 0.0000,  0.0000,  0.0000,  1.0000]]])
2025-04-28T17:31:00.441734 - Final transform:
[[ 0.98 -0.2   0.04 -0.12]
 [-0.09 -0.26  0.96  0.09]
 [-0.18 -0.95 -0.27  0.5 ]
 [ 0.    0.    0.    1.  ]]
2025-04-28T17:31:00.441734 - Pose:
tensor([[[ 0.9800, -0.1955,  0.0384, -0.1231],
         [-0.0896, -0.2607,  0.9612,  0.0975],
         [-0.1779, -0.9454, -0.2730,  0.4986],
         [ 0.0000,  0.0000,  0.0000,  1.0000]]])
2025-04-28T17:31:00.510238 - Final transform:
[[ 0.99 -0.13  0.05 -0.12]
 [-0.09 -0.28  0.96  0.09]
 [-0.11 -0.95 -0.29  0.49]
 [ 0.    0.    0.    1.  ]]
2025-04-28T17:31:00.510238 - Pose:
tensor([[[ 0.9898, -0.1323,  0.0532, -0.1203],
         [-0.0888, -0.2799,  0.9559,  0.0971],
         [-0.1115, -0.9509, -0.2888,  0.4919],
         [ 0.0000,  0.0000,  0.0000,  1.0000]]])
2025-04-28T17:31:00.580252 - Final transform:
[[ 1.   -0.07  0.04 -0.11]
 [-0.06 -0.28  0.96  0.09]
 [-0.06 -0.96 -0.28  0.49]
 [ 0.    0.    0.    1.  ]]
2025-04-28T17:31:00.580252 - Pose:
tensor([[[ 0.9964, -0.0727,  0.0442, -0.1189],
         [-0.0629, -0.2796,  0.9581,  0.0976],
         [-0.0573, -0.9574, -0.2831,  0.4871],
         [ 0.0000,  0.0000,  0.0000,  1.0000]]])
2025-04-28T17:31:00.656315 - Final transform:
[[ 1.   -0.02  0.05 -0.11]
 [-0.05 -0.28  0.96  0.09]
 [-0.01 -0.96 -0.28  0.49]
 [ 0.    0.    0.    1.  ]]
2025-04-28T17:31:00.656315 - Pose:
tensor([[[ 0.9985, -0.0228,  0.0499, -0.1154],
         [-0.0543, -0.2818,  0.9579,  0.0952],
         [-0.0078, -0.9592, -0.2826,  0.4856],
         [ 0.0000,  0.0000,  0.0000,  1.0000]]])
2025-04-28T17:31:00.725506 - Final transform:
[[ 1.    0.03  0.05 -0.11]
 [-0.03 -0.29  0.96  0.09]
 [ 0.05 -0.96 -0.29  0.48]
 [ 0.    0.    0.    1.  ]]
2025-04-28T17:31:00.725506 - Pose:
tensor([[[ 0.9984,  0.0344,  0.0457, -0.1136],
         [-0.0335, -0.2943,  0.9551,  0.0954],
         [ 0.0463, -0.9551, -0.2926,  0.4842],
         [ 0.0000,  0.0000,  0.0000,  1.0000]]])
2025-04-28T17:31:00.790727 - Final transform:
[[ 0.99  0.08  0.06 -0.11]
 [-0.03 -0.31  0.95  0.09]
 [ 0.1  -0.95 -0.31  0.48]
 [ 0.    0.    0.    1.  ]]
2025-04-28T17:31:00.790727 - Pose:
tensor([[[ 0.9947,  0.0820,  0.0613, -0.1135],
         [-0.0327, -0.3135,  0.9490,  0.0952],
         [ 0.0970, -0.9460, -0.3092,  0.4815],
         [ 0.0000,  0.0000,  0.0000,  1.0000]]])
2025-04-28T17:31:00.855445 - Final transform:
[[ 0.99  0.15  0.05 -0.11]
 [ 0.01 -0.35  0.94  0.09]
 [ 0.16 -0.92 -0.35  0.48]
 [ 0.    0.    0.    1.  ]]
2025-04-28T17:31:00.855445 - Pose:
tensor([[[ 0.9872,  0.1524,  0.0467, -0.1124],
         [ 0.0099, -0.3509,  0.9364,  0.0988],
         [ 0.1591, -0.9239, -0.3479,  0.4792],
         [ 0.0000,  0.0000,  0.0000,  1.0000]]])
2025-04-28T17:31:00.921490 - Final transform:
[[ 0.97  0.25  0.03 -0.11]
 [ 0.07 -0.37  0.93  0.1 ]
 [ 0.24 -0.9  -0.37  0.48]
 [ 0.    0.    0.    1.  ]]
2025-04-28T17:31:00.921490 - Pose:
tensor([[[ 0.9690,  0.2453,  0.0278, -0.1105],
         [ 0.0664, -0.3677,  0.9276,  0.1011],
         [ 0.2378, -0.8970, -0.3726,  0.4793],
         [ 0.0000,  0.0000,  0.0000,  1.0000]]])
2025-04-28T17:31:00.987120 - Final transform:
[[ 0.95  0.32  0.04 -0.11]
 [ 0.08 -0.35  0.93  0.1 ]
 [ 0.31 -0.88 -0.35  0.48]
 [ 0.    0.    0.    1.  ]]
2025-04-28T17:31:00.987120 - Pose:
tensor([[[ 0.9468,  0.3191,  0.0416, -0.1106],
         [ 0.0762, -0.3479,  0.9344,  0.1007],
         [ 0.3126, -0.8816, -0.3537,  0.4804],
         [ 0.0000,  0.0000,  0.0000,  1.0000]]])
2025-04-28T17:31:01.053155 - Final transform:
[[ 0.92  0.39  0.05 -0.11]
 [ 0.1  -0.34  0.94  0.1 ]
 [ 0.38 -0.86 -0.35  0.48]
 [ 0.    0.    0.    1.  ]]
2025-04-28T17:31:01.053155 - Pose:
tensor([[[ 0.9189,  0.3917,  0.0469, -0.1127],
         [ 0.0963, -0.3379,  0.9362,  0.1016],
         [ 0.3825, -0.8558, -0.3482,  0.4765],
         [ 0.0000,  0.0000,  0.0000,  1.0000]]])
2025-04-28T17:31:01.119193 - Final transform:
[[ 0.89  0.45  0.04 -0.11]
 [ 0.1  -0.29  0.95  0.09]
 [ 0.44 -0.84 -0.31  0.47]
 [ 0.    0.    0.    1.  ]]
2025-04-28T17:31:01.119193 - Pose:
tensor([[[ 0.8905,  0.4530,  0.0432, -0.1157],
         [ 0.1022, -0.2915,  0.9511,  0.0981],
         [ 0.4434, -0.8425, -0.3058,  0.4720],
         [ 0.0000,  0.0000,  0.0000,  1.0000]]])
2025-04-28T17:31:01.184665 - Final transform:
[[ 0.87  0.49  0.06 -0.11]
 [ 0.11 -0.32  0.94  0.1 ]
 [ 0.48 -0.81 -0.33  0.47]
 [ 0.    0.    0.    1.  ]]
2025-04-28T17:31:01.184665 - Pose:
tensor([[[ 0.8675,  0.4937,  0.0609, -0.1165],
         [ 0.1147, -0.3177,  0.9412,  0.0994],
         [ 0.4840, -0.8095, -0.3322,  0.4711],
         [ 0.0000,  0.0000,  0.0000,  1.0000]]])
2025-04-28T17:31:01.253514 - Final transform:
[[ 0.84  0.53  0.06 -0.12]
 [ 0.11 -0.27  0.96  0.1 ]
 [ 0.53 -0.8  -0.29  0.47]
 [ 0.    0.    0.    1.  ]]
2025-04-28T17:31:01.253514 - Pose:
tensor([[[ 0.8433,  0.5341,  0.0592, -0.1202],
         [ 0.1068, -0.2745,  0.9556,  0.0996],
         [ 0.5267, -0.7996, -0.2885,  0.4664],
         [ 0.0000,  0.0000,  0.0000,  1.0000]]])
2025-04-28T17:31:01.319285 - Final transform:
[[ 0.82  0.57  0.08 -0.12]
 [ 0.1  -0.27  0.96  0.1 ]
 [ 0.57 -0.77 -0.28  0.47]
 [ 0.    0.    0.    1.  ]]
2025-04-28T17:31:01.319285 - Pose:
tensor([[[ 0.8160,  0.5725,  0.0804, -0.1233],
         [ 0.0981, -0.2742,  0.9567,  0.1044],
         [ 0.5697, -0.7727, -0.2799,  0.4673],
         [ 0.0000,  0.0000,  0.0000,  1.0000]]])
2025-04-28T17:31:01.386361 - Final transform:
[[ 0.79  0.61  0.09 -0.12]
 [ 0.13 -0.3   0.95  0.1 ]
 [ 0.61 -0.73 -0.31  0.47]
 [ 0.    0.    0.    1.  ]]
2025-04-28T17:31:01.386361 - Pose:
tensor([[[ 0.7856,  0.6125,  0.0875, -0.1261],
         [ 0.1254, -0.2962,  0.9469,  0.1045],
         [ 0.6058, -0.7329, -0.3095,  0.4691],
         [ 0.0000,  0.0000,  0.0000,  1.0000]]])
2025-04-28T17:31:01.454154 - Final transform:
[[ 0.74  0.67  0.06 -0.12]
 [ 0.15 -0.25  0.96  0.1 ]
 [ 0.66 -0.7  -0.29  0.48]
 [ 0.    0.    0.    1.  ]]
2025-04-28T17:31:01.454154 - Pose:
tensor([[[ 0.7396,  0.6707,  0.0557, -0.1236],
         [ 0.1547, -0.2500,  0.9558,  0.0999],
         [ 0.6550, -0.6983, -0.2886,  0.4726],
         [ 0.0000,  0.0000,  0.0000,  1.0000]]])
2025-04-28T17:31:01.522166 - Final transform:
[[ 0.67  0.74  0.02 -0.11]
 [ 0.2  -0.21  0.96  0.09]
 [ 0.71 -0.64 -0.29  0.47]
 [ 0.    0.    0.    1.  ]]
2025-04-28T17:31:01.522166 - Pose:
tensor([[[ 0.6710,  0.7412,  0.0194, -0.1115],
         [ 0.2029, -0.2088,  0.9567,  0.0931],
         [ 0.7131, -0.6380, -0.2905,  0.4711],
         [ 0.0000,  0.0000,  0.0000,  1.0000]]])
2025-04-28T17:31:01.587641 - Final transform:
[[ 0.65  0.76 -0.01 -0.1 ]
 [ 0.24 -0.19  0.95  0.09]
 [ 0.72 -0.62 -0.31  0.48]
 [ 0.    0.    0.    1.  ]]
2025-04-28T17:31:01.587641 - Pose:
tensor([[[ 0.6500,  0.7599, -0.0071, -0.1077],
         [ 0.2364, -0.1933,  0.9522,  0.0943],
         [ 0.7223, -0.6206, -0.3053,  0.4755],
         [ 0.0000,  0.0000,  0.0000,  1.0000]]])
2025-04-28T17:31:01.653719 - Final transform:
[[ 0.63  0.77 -0.   -0.1 ]
 [ 0.23 -0.18  0.96  0.09]
 [ 0.74 -0.61 -0.29  0.48]
 [ 0.    0.    0.    1.  ]]
2025-04-28T17:31:01.653719 - Pose:
tensor([[[ 0.6344,  0.7730, -0.0043, -0.1076],
         [ 0.2271, -0.1811,  0.9569,  0.0960],
         [ 0.7389, -0.6080, -0.2904,  0.4777],
         [ 0.0000,  0.0000,  0.0000,  1.0000]]])
2025-04-28T17:31:01.722880 - Final transform:
[[ 0.6   0.8  -0.   -0.1 ]
 [ 0.26 -0.19  0.95  0.09]
 [ 0.76 -0.57 -0.32  0.49]
 [ 0.    0.    0.    1.  ]]
2025-04-28T17:31:01.722880 - Pose:
tensor([[[ 0.6032,  0.7976, -0.0048, -0.1081],
         [ 0.2556, -0.1875,  0.9484,  0.0942],
         [ 0.7556, -0.5733, -0.3170,  0.4808],
         [ 0.0000,  0.0000,  0.0000,  1.0000]]])
2025-04-28T17:31:01.786794 - Final transform:
[[ 0.55  0.83 -0.01 -0.11]
 [ 0.24 -0.14  0.96  0.09]
 [ 0.8  -0.54 -0.28  0.49]
 [ 0.    0.    0.    1.  ]]
2025-04-28T17:31:01.786794 - Pose:
tensor([[[ 0.5538,  0.8326, -0.0138, -0.1096],
         [ 0.2370, -0.1417,  0.9611,  0.0960],
         [ 0.7982, -0.5355, -0.2758,  0.4808],
         [ 0.0000,  0.0000,  0.0000,  1.0000]]])
2025-04-28T17:31:01.854478 - Final transform:
[[ 0.51  0.86 -0.04 -0.1 ]
 [ 0.28 -0.12  0.95  0.09]
 [ 0.81 -0.5  -0.3   0.48]
 [ 0.    0.    0.    1.  ]]
2025-04-28T17:31:01.854478 - Pose:
tensor([[[ 0.5115,  0.8585, -0.0374, -0.1080],
         [ 0.2773, -0.1237,  0.9528,  0.0962],
         [ 0.8133, -0.4977, -0.3013,  0.4792],
         [ 0.0000,  0.0000,  0.0000,  1.0000]]])
2025-04-28T17:31:01.920176 - Final transform:
[[ 0.46  0.89 -0.   -0.1 ]
 [ 0.26 -0.13  0.96  0.09]
 [ 0.85 -0.44 -0.29  0.48]
 [ 0.    0.    0.    1.  ]]
2025-04-28T17:31:01.920176 - Pose:
tensor([[[ 0.4600,  0.8879, -0.0021, -0.1076],
         [ 0.2619, -0.1334,  0.9558,  0.0974],
         [ 0.8484, -0.4402, -0.2940,  0.4742],
         [ 0.0000,  0.0000,  0.0000,  1.0000]]])
2025-04-28T17:31:01.985489 - Final transform:
[[ 0.41  0.91  0.   -0.1 ]
 [ 0.3  -0.14  0.95  0.09]
 [ 0.86 -0.39 -0.33  0.48]
 [ 0.    0.    0.    1.  ]]
2025-04-28T17:31:01.985489 - Pose:
tensor([[[ 0.4098,  0.9122,  0.0029, -0.1060],
         [ 0.2955, -0.1358,  0.9456,  0.0958],
         [ 0.8630, -0.3867, -0.3252,  0.4753],
         [ 0.0000,  0.0000,  0.0000,  1.0000]]])
2025-04-28T17:31:02.056201 - Final transform:
[[ 0.35  0.94  0.   -0.1 ]
 [ 0.3  -0.11  0.95  0.09]
 [ 0.89 -0.33 -0.32  0.48]
 [ 0.    0.    0.    1.  ]]
2025-04-28T17:31:02.056201 - Pose:
tensor([[[ 0.3498,  0.9368,  0.0025, -0.1068],
         [ 0.2961, -0.1131,  0.9484,  0.0967],
         [ 0.8888, -0.3311, -0.3170,  0.4750],
         [ 0.0000,  0.0000,  0.0000,  1.0000]]])
2025-04-28T17:31:02.120217 - Final transform:
[[ 0.29  0.96  0.01 -0.1 ]
 [ 0.3  -0.1   0.95  0.09]
 [ 0.91 -0.27 -0.32  0.48]
 [ 0.    0.    0.    1.  ]]
2025-04-28T17:31:02.120217 - Pose:
tensor([[[ 0.2908,  0.9568,  0.0053, -0.1043],
         [ 0.3001, -0.0964,  0.9490,  0.0932],
         [ 0.9085, -0.2744, -0.3152,  0.4737],
         [ 0.0000,  0.0000,  0.0000,  1.0000]]])
2025-04-28T17:31:02.187002 - Final transform:
[[ 0.24  0.97 -0.   -0.1 ]
 [ 0.3  -0.07  0.95  0.09]
 [ 0.92 -0.23 -0.31  0.48]
 [ 0.    0.    0.    1.  ]]
2025-04-28T17:31:02.187002 - Pose:
tensor([[[ 0.2418,  0.9703, -0.0036, -0.1026],
         [ 0.3021, -0.0717,  0.9506,  0.0919],
         [ 0.9221, -0.2310, -0.3105,  0.4755],
         [ 0.0000,  0.0000,  0.0000,  1.0000]]])
2025-04-28T17:31:02.253524 - Final transform:
[[ 0.2   0.98 -0.   -0.1 ]
 [ 0.3  -0.06  0.95  0.09]
 [ 0.93 -0.19 -0.31  0.48]
 [ 0.    0.    0.    1.  ]]
2025-04-28T17:31:02.253524 - Pose:
tensor([[[ 0.1979,  0.9802, -0.0012, -0.1004],
         [ 0.3020, -0.0598,  0.9514,  0.0933],
         [ 0.9326, -0.1887, -0.3078,  0.4753],
         [ 0.0000,  0.0000,  0.0000,  1.0000]]])
2025-04-28T17:31:02.321230 - Final transform:
[[ 0.16  0.99 -0.01 -0.1 ]
 [ 0.29 -0.04  0.96  0.09]
 [ 0.94 -0.15 -0.29  0.48]
 [ 0.    0.    0.    1.  ]]
2025-04-28T17:31:02.321230 - Pose:
tensor([[[ 0.1554,  0.9878, -0.0076, -0.1014],
         [ 0.2904, -0.0383,  0.9561,  0.0924],
         [ 0.9442, -0.1508, -0.2928,  0.4756],
         [ 0.0000,  0.0000,  0.0000,  1.0000]]])
2025-04-28T17:31:02.385139 - Final transform:
[[ 0.13  0.99 -0.01 -0.1 ]
 [ 0.32 -0.03  0.95  0.09]
 [ 0.94 -0.12 -0.32  0.48]
 [ 0.    0.    0.    1.  ]]
2025-04-28T17:31:02.385139 - Pose:
tensor([[[ 0.1261,  0.9919, -0.0144, -0.0998],
         [ 0.3203, -0.0270,  0.9469,  0.0903],
         [ 0.9389, -0.1240, -0.3211,  0.4757],
         [ 0.0000,  0.0000,  0.0000,  1.0000]]])
2025-04-28T17:31:02.450709 - Final transform:
[[ 0.1   1.   -0.01 -0.1 ]
 [ 0.32 -0.02  0.95  0.09]
 [ 0.94 -0.1  -0.32  0.48]
 [ 0.    0.    0.    1.  ]]
2025-04-28T17:31:02.450709 - Pose:
tensor([[[ 0.0985,  0.9951, -0.0089, -0.0977],
         [ 0.3180, -0.0230,  0.9478,  0.0905],
         [ 0.9429, -0.0962, -0.3188,  0.4740],
         [ 0.0000,  0.0000,  0.0000,  1.0000]]])
2025-04-28T17:31:25.772848 - Final transform:
[[-0.84  0.53  0.05  0.24]
 [-0.19 -0.38  0.9  -0.01]
 [ 0.5   0.75  0.42  0.9 ]
 [ 0.    0.    0.    1.  ]]
2025-04-28T17:31:25.772848 - Pose:
tensor([[[-0.8443,  0.5334,  0.0505,  0.2394],
         [-0.1882, -0.3835,  0.9042, -0.0059],
         [ 0.5017,  0.7539,  0.4242,  0.8958],
         [ 0.0000,  0.0000,  0.0000,  1.0000]]])
2025-04-28T17:31:25.843161 - Final transform:
[[-0.69  0.72  0.08  0.24]
 [-0.25 -0.34  0.91 -0.01]
 [ 0.68  0.61  0.41  0.9 ]
 [ 0.    0.    0.    1.  ]]
2025-04-28T17:31:25.843161 - Pose:
tensor([[[-0.6891,  0.7206,  0.0774,  0.2401],
         [-0.2514, -0.3378,  0.9070, -0.0052],
         [ 0.6797,  0.6055,  0.4139,  0.8969],
         [ 0.0000,  0.0000,  0.0000,  1.0000]]])
2025-04-28T17:31:25.910134 - Final transform:
[[-0.47  0.88  0.1   0.24]
 [-0.34 -0.28  0.9  -0.01]
 [ 0.82  0.39  0.42  0.9 ]
 [ 0.    0.    0.    1.  ]]
2025-04-28T17:31:25.910134 - Pose:
tensor([[[-0.4671,  0.8789,  0.0960,  0.2419],
         [-0.3354, -0.2767,  0.9005, -0.0044],
         [ 0.8181,  0.3885,  0.4240,  0.8959],
         [ 0.0000,  0.0000,  0.0000,  1.0000]]])
2025-04-28T17:31:25.978720 - Final transform:
[[-0.01  1.    0.07  0.24]
 [-0.47 -0.07  0.88 -0.01]
 [ 0.88 -0.03  0.47  0.89]
 [ 0.    0.    0.    1.  ]]
2025-04-28T17:31:25.978720 - Pose:
tensor([[[-0.0060,  0.9973,  0.0728,  0.2370],
         [-0.4672, -0.0672,  0.8816, -0.0036],
         [ 0.8841, -0.0287,  0.4663,  0.8928],
         [ 0.0000,  0.0000,  0.0000,  1.0000]]])
2025-04-28T17:31:26.046002 - Final transform:
[[ 0.67  0.74 -0.03  0.23]
 [-0.35  0.35  0.87 -0.01]
 [ 0.66 -0.57  0.49  0.89]
 [ 0.    0.    0.    1.  ]]
2025-04-28T17:31:26.046002 - Pose:
tensor([[[ 0.6699,  0.7418, -0.0330,  0.2291],
         [-0.3454,  0.3506,  0.8705, -0.0059],
         [ 0.6573, -0.5717,  0.4911,  0.8885],
         [ 0.0000,  0.0000,  0.0000,  1.0000]]])
2025-04-28T17:31:26.113464 - Final transform:
[[ 0.98  0.18  0.02  0.24]
 [-0.11  0.49  0.87 -0.01]
 [ 0.15 -0.85  0.5   0.89]
 [ 0.    0.    0.    1.  ]]
2025-04-28T17:31:26.113464 - Pose:
tensor([[[ 0.9827,  0.1843,  0.0183,  0.2348],
         [-0.1078,  0.4887,  0.8658, -0.0058],
         [ 0.1506, -0.8528,  0.5001,  0.8945],
         [ 0.0000,  0.0000,  0.0000,  1.0000]]])
2025-04-28T17:31:26.181238 - Final transform:
[[ 0.97 -0.23  0.11  0.24]
 [ 0.01  0.46  0.89 -0.01]
 [-0.25 -0.86  0.45  0.89]
 [ 0.    0.    0.    1.  ]]
2025-04-28T17:31:26.181238 - Pose:
tensor([[[ 0.9670, -0.2306,  0.1079,  0.2383],
         [ 0.0106,  0.4602,  0.8878, -0.0056],
         [-0.2544, -0.8574,  0.4474,  0.8918],
         [ 0.0000,  0.0000,  0.0000,  1.0000]]])
2025-04-28T17:31:26.243516 - Final transform:
[[ 0.9  -0.41  0.13  0.24]
 [ 0.08  0.46  0.89 -0.01]
 [-0.43 -0.79  0.45  0.88]
 [ 0.    0.    0.    1.  ]]
2025-04-28T17:31:26.243516 - Pose:
tensor([[[ 0.9008, -0.4145,  0.1295,  0.2379],
         [ 0.0832,  0.4574,  0.8853, -0.0063],
         [-0.4262, -0.7867,  0.4466,  0.8889],
         [ 0.0000,  0.0000,  0.0000,  1.0000]]])
2025-04-28T17:31:26.318062 - Final transform:
[[ 0.83 -0.54  0.14  0.24]
 [ 0.14  0.44  0.89 -0.01]
 [-0.54 -0.72  0.44  0.88]
 [ 0.    0.    0.    1.  ]]
2025-04-28T17:31:26.318062 - Pose:
tensor([[[ 0.8287, -0.5423,  0.1382,  0.2377],
         [ 0.1377,  0.4370,  0.8889, -0.0066],
         [-0.5424, -0.7176,  0.4368,  0.8889],
         [ 0.0000,  0.0000,  0.0000,  1.0000]]])
2025-04-28T17:31:26.383829 - Final transform:
[[ 0.69 -0.71  0.15  0.24]
 [ 0.21  0.4   0.89 -0.01]
 [-0.7  -0.58  0.42  0.88]
 [ 0.    0.    0.    1.  ]]
2025-04-28T17:31:26.383829 - Pose:
tensor([[[ 0.6868, -0.7105,  0.1534,  0.2352],
         [ 0.2109,  0.3967,  0.8934, -0.0057],
         [-0.6956, -0.5812,  0.4222,  0.8839],
         [ 0.0000,  0.0000,  0.0000,  1.0000]]])
2025-04-28T17:31:26.450533 - Final transform:
[[ 0.52 -0.84  0.17  0.24]
 [ 0.25  0.33  0.91 -0.01]
 [-0.82 -0.43  0.38  0.88]
 [ 0.    0.    0.    1.  ]]
2025-04-28T17:31:26.450533 - Pose:
tensor([[[ 0.5210, -0.8372,  0.1660,  0.2371],
         [ 0.2480,  0.3346,  0.9091, -0.0047],
         [-0.8167, -0.4325,  0.3820,  0.8844],
         [ 0.0000,  0.0000,  0.0000,  1.0000]]])
2025-04-28T17:31:26.516280 - Final transform:
[[ 0.25 -0.95  0.15  0.24]
 [ 0.32  0.23  0.92 -0.01]
 [-0.91 -0.18  0.37  0.87]
 [ 0.    0.    0.    1.  ]]
2025-04-28T17:31:26.516280 - Pose:
tensor([[[ 0.2540, -0.9548,  0.1545,  0.2356],
         [ 0.3220,  0.2341,  0.9173, -0.0054],
         [-0.9120, -0.1832,  0.3669,  0.8807],
         [ 0.0000,  0.0000,  0.0000,  1.0000]]])
2025-04-28T17:31:26.584203 - Final transform:
[[-0.32 -0.94  0.09  0.22]
 [ 0.36 -0.04  0.93 -0.01]
 [-0.88  0.33  0.35  0.87]
 [ 0.    0.    0.    1.  ]]
2025-04-28T17:31:26.584203 - Pose:
tensor([[[-0.3249, -0.9417,  0.0877,  0.2274],
         [ 0.3566, -0.0361,  0.9336, -0.0061],
         [-0.8759,  0.3346,  0.3475,  0.8790],
         [ 0.0000,  0.0000,  0.0000,  1.0000]]])
2025-04-28T17:31:26.650182 - Final transform:
[[-0.84 -0.55 -0.02  0.21]
 [ 0.23 -0.38  0.89 -0.02]
 [-0.5   0.74  0.45  0.88]
 [ 0.    0.    0.    1.  ]]
2025-04-28T17:31:26.650182 - Pose:
tensor([[[-0.8356, -0.5491, -0.0182,  0.2175],
         [ 0.2317, -0.3822,  0.8946, -0.0166],
         [-0.4981,  0.7433,  0.4465,  0.8875],
         [ 0.0000,  0.0000,  0.0000,  1.0000]]])
2025-04-28T17:31:26.716686 - Final transform:
[[-0.99  0.1  -0.02  0.23]
 [-0.06 -0.39  0.92 -0.06]
 [ 0.09  0.91  0.4   0.88]
 [ 0.    0.    0.    1.  ]]
2025-04-28T17:31:26.716686 - Pose:
tensor([[[-0.9946,  0.1028, -0.0169,  0.2341],
         [-0.0561, -0.3914,  0.9185, -0.0504],
         [ 0.0878,  0.9144,  0.3951,  0.8791],
         [ 0.0000,  0.0000,  0.0000,  1.0000]]])
2025-04-28T17:31:26.783600 - Final transform:
[[-0.91  0.41  0.07  0.24]
 [-0.14 -0.46  0.88 -0.06]
 [ 0.39  0.78  0.48  0.88]
 [ 0.    0.    0.    1.  ]]
2025-04-28T17:31:26.783600 - Pose:
tensor([[[-0.9077,  0.4135,  0.0712,  0.2413],
         [-0.1419, -0.4624,  0.8752, -0.0513],
         [ 0.3949,  0.7844,  0.4784,  0.8750],
         [ 0.0000,  0.0000,  0.0000,  1.0000]]])
2025-04-28T17:31:26.853394 - Final transform:
[[-0.92  0.39  0.01  0.24]
 [-0.13 -0.34  0.93 -0.06]
 [ 0.37  0.86  0.36  0.88]
 [ 0.    0.    0.    1.  ]]
2025-04-28T17:31:26.853394 - Pose:
tensor([[[-0.9202,  0.3914,  0.0090,  0.2437],
         [-0.1340, -0.3365,  0.9321, -0.0516],
         [ 0.3679,  0.8565,  0.3620,  0.8785],
         [ 0.0000,  0.0000,  0.0000,  1.0000]]])
2025-04-28T17:31:26.918816 - Final transform:
[[-0.93  0.35 -0.09  0.25]
 [-0.17 -0.22  0.96 -0.05]
 [ 0.32  0.91  0.27  0.89]
 [ 0.    0.    0.    1.  ]]
2025-04-28T17:31:26.918816 - Pose:
tensor([[[-0.9317,  0.3528, -0.0869,  0.2499],
         [-0.1729, -0.2202,  0.9600, -0.0466],
         [ 0.3195,  0.9094,  0.2661,  0.8864],
         [ 0.0000,  0.0000,  0.0000,  1.0000]]])
2025-04-28T17:31:26.984728 - Final transform:
[[-0.9   0.43 -0.05  0.23]
 [-0.19 -0.28  0.94 -0.06]
 [ 0.39  0.86  0.33  0.88]
 [ 0.    0.    0.    1.  ]]
2025-04-28T17:31:26.984728 - Pose:
tensor([[[-0.9033,  0.4256, -0.0528,  0.2343],
         [-0.1871, -0.2804,  0.9415, -0.0515],
         [ 0.3859,  0.8603,  0.3330,  0.8779],
         [ 0.0000,  0.0000,  0.0000,  1.0000]]])
2025-04-28T17:31:27.055228 - Final transform:
[[-0.92  0.37 -0.13  0.24]
 [-0.22 -0.21  0.95 -0.05]
 [ 0.33  0.9   0.27  0.88]
 [ 0.    0.    0.    1.  ]]
2025-04-28T17:31:27.055228 - Pose:
tensor([[[-0.9204,  0.3703, -0.1256,  0.2440],
         [-0.2152, -0.2115,  0.9534, -0.0442],
         [ 0.3265,  0.9045,  0.2744,  0.8785],
         [ 0.0000,  0.0000,  0.0000,  1.0000]]])
2025-04-28T17:31:27.123817 - Final transform:
[[-0.92  0.38 -0.07  0.25]
 [-0.17 -0.23  0.96 -0.04]
 [ 0.35  0.89  0.28  0.86]
 [ 0.    0.    0.    1.  ]]
2025-04-28T17:31:27.123817 - Pose:
tensor([[[-0.9225,  0.3796, -0.0696,  0.2491],
         [-0.1688, -0.2347,  0.9573, -0.0335],
         [ 0.3471,  0.8949,  0.2806,  0.8613],
         [ 0.0000,  0.0000,  0.0000,  1.0000]]])
2025-04-28T17:31:27.187548 - Final transform:
[[-0.92  0.38 -0.07  0.25]
 [-0.16 -0.22  0.96 -0.03]
 [ 0.35  0.9   0.26  0.84]
 [ 0.    0.    0.    1.  ]]
2025-04-28T17:31:27.187548 - Pose:
tensor([[[-0.9221,  0.3806, -0.0697,  0.2495],
         [-0.1629, -0.2186,  0.9621, -0.0285],
         [ 0.3509,  0.8986,  0.2635,  0.8399],
         [ 0.0000,  0.0000,  0.0000,  1.0000]]])
2025-04-28T17:31:27.254876 - Final transform:
[[-0.93  0.37 -0.04  0.25]
 [-0.12 -0.18  0.98 -0.03]
 [ 0.35  0.91  0.21  0.82]
 [ 0.    0.    0.    1.  ]]
2025-04-28T17:31:27.254876 - Pose:
tensor([[[-0.9279,  0.3701, -0.0438,  0.2518],
         [-0.1192, -0.1835,  0.9758, -0.0278],
         [ 0.3531,  0.9107,  0.2144,  0.8176],
         [ 0.0000,  0.0000,  0.0000,  1.0000]]])
2025-04-28T17:31:27.317263 - Final transform:
[[-0.93  0.36 -0.07  0.25]
 [-0.13 -0.12  0.98 -0.03]
 [ 0.35  0.92  0.16  0.81]
 [ 0.    0.    0.    1.  ]]
2025-04-28T17:31:27.317263 - Pose:
tensor([[[-0.9294,  0.3617, -0.0737,  0.2534],
         [-0.1262, -0.1237,  0.9843, -0.0261],
         [ 0.3469,  0.9241,  0.1606,  0.8037],
         [ 0.0000,  0.0000,  0.0000,  1.0000]]])
2025-04-28T17:31:27.381588 - Final transform:
[[-0.93  0.35 -0.07  0.25]
 [-0.11 -0.1   0.99 -0.03]
 [ 0.34  0.93  0.14  0.78]
 [ 0.    0.    0.    1.  ]]
2025-04-28T17:31:27.381588 - Pose:
tensor([[[-0.9324,  0.3546, -0.0692,  0.2547],
         [-0.1123, -0.1026,  0.9884, -0.0268],
         [ 0.3434,  0.9294,  0.1355,  0.7821],
         [ 0.0000,  0.0000,  0.0000,  1.0000]]])
2025-04-28T17:31:27.447356 - Final transform:
[[-0.94  0.35 -0.03  0.25]
 [-0.08 -0.12  0.99 -0.03]
 [ 0.34  0.93  0.14  0.76]
 [ 0.    0.    0.    1.  ]]
2025-04-28T17:31:27.447356 - Pose:
tensor([[[-0.9368,  0.3486, -0.0304,  0.2562],
         [-0.0764, -0.1190,  0.9900, -0.0269],
         [ 0.3415,  0.9297,  0.1381,  0.7634],
         [ 0.0000,  0.0000,  0.0000,  1.0000]]])
2025-04-28T17:31:27.513028 - Final transform:
[[-0.94  0.34 -0.03  0.25]
 [-0.07 -0.11  0.99 -0.03]
 [ 0.34  0.93  0.13  0.75]
 [ 0.    0.    0.    1.  ]]
2025-04-28T17:31:27.513028 - Pose:
tensor([[[-0.9393,  0.3420, -0.0267,  0.2570],
         [-0.0698, -0.1142,  0.9910, -0.0267],
         [ 0.3358,  0.9328,  0.1311,  0.7466],
         [ 0.0000,  0.0000,  0.0000,  1.0000]]])
2025-04-28T17:31:27.579829 - Final transform:
[[-0.94  0.33 -0.05  0.25]
 [-0.08 -0.1   0.99 -0.03]
 [ 0.33  0.94  0.12  0.73]
 [ 0.    0.    0.    1.  ]]
2025-04-28T17:31:27.579829 - Pose:
tensor([[[-0.9419,  0.3327, -0.0464,  0.2572],
         [-0.0843, -0.1003,  0.9914, -0.0259],
         [ 0.3252,  0.9377,  0.1225,  0.7289],
         [ 0.0000,  0.0000,  0.0000,  1.0000]]])
2025-04-28T17:31:27.643837 - Final transform:
[[-0.94  0.33 -0.04  0.25]
 [-0.08 -0.13  0.99 -0.03]
 [ 0.32  0.94  0.15  0.71]
 [ 0.    0.    0.    1.  ]]
2025-04-28T17:31:27.643837 - Pose:
tensor([[[-0.9449,  0.3252, -0.0375,  0.2582],
         [-0.0826, -0.1262,  0.9886, -0.0239],
         [ 0.3167,  0.9372,  0.1462,  0.7131],
         [ 0.0000,  0.0000,  0.0000,  1.0000]]])
2025-04-28T17:31:27.706131 - Final transform:
[[-0.95  0.32 -0.02  0.26]
 [-0.08 -0.17  0.98 -0.03]
 [ 0.31  0.93  0.19  0.7 ]
 [ 0.    0.    0.    1.  ]]
2025-04-28T17:31:27.706131 - Pose:
tensor([[[-0.9459,  0.3235, -0.0237,  0.2597],
         [-0.0822, -0.1686,  0.9823, -0.0236],
         [ 0.3138,  0.9311,  0.1860,  0.6960],
         [ 0.0000,  0.0000,  0.0000,  1.0000]]])
2025-04-28T17:31:27.772105 - Final transform:
[[-0.94  0.33 -0.03  0.26]
 [-0.09 -0.17  0.98 -0.03]
 [ 0.32  0.93  0.19  0.68]
 [ 0.    0.    0.    1.  ]]
2025-04-28T17:31:27.772105 - Pose:
tensor([[[-0.9438,  0.3288, -0.0327,  0.2613],
         [-0.0930, -0.1693,  0.9812, -0.0209],
         [ 0.3170,  0.9291,  0.1904,  0.6792],
         [ 0.0000,  0.0000,  0.0000,  1.0000]]])
2025-04-28T17:31:27.841348 - Final transform:
[[-0.94  0.34 -0.03  0.26]
 [-0.11 -0.21  0.97 -0.01]
 [ 0.33  0.92  0.24  0.69]
 [ 0.    0.    0.    1.  ]]
2025-04-28T17:31:27.841348 - Pose:
tensor([[[-0.9383,  0.3444, -0.0327,  0.2612],
         [-0.1110, -0.2101,  0.9714, -0.0052],
         [ 0.3276,  0.9150,  0.2354,  0.6935],
         [ 0.0000,  0.0000,  0.0000,  1.0000]]])
2025-04-28T17:31:27.911589 - Final transform:
[[-0.92  0.38 -0.08  0.26]
 [-0.17 -0.2   0.96  0.01]
 [ 0.35  0.9   0.25  0.73]
 [ 0.    0.    0.    1.  ]]
2025-04-28T17:31:27.911589 - Pose:
tensor([[[-0.9224,  0.3767, -0.0847,  0.2605],
         [-0.1710, -0.2021,  0.9643,  0.0149],
         [ 0.3462,  0.9040,  0.2508,  0.7278],
         [ 0.0000,  0.0000,  0.0000,  1.0000]]])
2025-04-28T17:31:27.977861 - Final transform:
[[-0.91  0.4  -0.08  0.26]
 [-0.18 -0.22  0.96  0.03]
 [ 0.37  0.89  0.28  0.74]
 [ 0.    0.    0.    1.  ]]
2025-04-28T17:31:27.977861 - Pose:
tensor([[[-0.9112,  0.4035, -0.0829,  0.2611],
         [-0.1846, -0.2201,  0.9578,  0.0322],
         [ 0.3683,  0.8881,  0.2751,  0.7422],
         [ 0.0000,  0.0000,  0.0000,  1.0000]]])
2025-04-28T17:31:28.041338 - Final transform:
[[-0.89  0.42 -0.15  0.27]
 [-0.27 -0.22  0.94  0.05]
 [ 0.36  0.88  0.31  0.76]
 [ 0.    0.    0.    1.  ]]
2025-04-28T17:31:28.041338 - Pose:
tensor([[[-0.8932,  0.4223, -0.1548,  0.2703],
         [-0.2662, -0.2190,  0.9387,  0.0554],
         [ 0.3625,  0.8796,  0.3080,  0.7571],
         [ 0.0000,  0.0000,  0.0000,  1.0000]]])
2025-04-28T17:31:28.108459 - Final transform:
[[-0.85  0.48 -0.2   0.27]
 [-0.32 -0.2   0.92  0.06]
 [ 0.41  0.85  0.33  0.78]
 [ 0.    0.    0.    1.  ]]
2025-04-28T17:31:28.108459 - Pose:
tensor([[[-0.8541,  0.4819, -0.1955,  0.2714],
         [-0.3244, -0.2000,  0.9245,  0.0673],
         [ 0.4065,  0.8531,  0.3272,  0.7757],
         [ 0.0000,  0.0000,  0.0000,  1.0000]]])
2025-04-28T17:31:28.174698 - Final transform:
[[-0.82  0.53 -0.19  0.26]
 [-0.32 -0.16  0.93  0.07]
 [ 0.46  0.83  0.31  0.79]
 [ 0.    0.    0.    1.  ]]
2025-04-28T17:31:28.174698 - Pose:
tensor([[[-0.8249,  0.5308, -0.1945,  0.2653],
         [-0.3244, -0.1626,  0.9319,  0.0714],
         [ 0.4630,  0.8317,  0.3063,  0.7852],
         [ 0.0000,  0.0000,  0.0000,  1.0000]]])
2025-04-28T17:31:28.255000 - Final transform:
[[-0.77  0.6  -0.21  0.26]
 [-0.38 -0.16  0.91  0.07]
 [ 0.52  0.78  0.35  0.79]
 [ 0.    0.    0.    1.  ]]
2025-04-28T17:31:28.255000 - Pose:
tensor([[[-0.7685,  0.6038, -0.2118,  0.2589],
         [-0.3782, -0.1617,  0.9115,  0.0780],
         [ 0.5161,  0.7806,  0.3526,  0.7855],
         [ 0.0000,  0.0000,  0.0000,  1.0000]]])
2025-04-28T17:31:28.321074 - Final transform:
[[-0.74  0.64 -0.22  0.25]
 [-0.44 -0.21  0.87  0.08]
 [ 0.51  0.74  0.44  0.78]
 [ 0.    0.    0.    1.  ]]
2025-04-28T17:31:28.321074 - Pose:
tensor([[[-0.7367,  0.6387, -0.2221,  0.2565],
         [-0.4433, -0.2081,  0.8719,  0.0884],
         [ 0.5107,  0.7407,  0.4365,  0.7808],
         [ 0.0000,  0.0000,  0.0000,  1.0000]]])
2025-04-28T17:31:28.387070 - Final transform:
[[-0.74  0.63 -0.24  0.25]
 [-0.46 -0.22  0.86  0.08]
 [ 0.49  0.75  0.45  0.78]
 [ 0.    0.    0.    1.  ]]
2025-04-28T17:31:28.387070 - Pose:
tensor([[[-0.7395,  0.6279, -0.2426,  0.2526],
         [-0.4645, -0.2152,  0.8590,  0.0892],
         [ 0.4871,  0.7480,  0.4508,  0.7764],
         [ 0.0000,  0.0000,  0.0000,  1.0000]]])
2025-04-28T17:31:28.450168 - Final transform:
[[-0.73  0.63 -0.26  0.25]
 [-0.47 -0.19  0.86  0.09]
 [ 0.49  0.75  0.44  0.77]
 [ 0.    0.    0.    1.  ]]
2025-04-28T17:31:28.450168 - Pose:
tensor([[[-0.7296,  0.6310, -0.2635,  0.2506],
         [-0.4734, -0.1879,  0.8606,  0.0944],
         [ 0.4935,  0.7527,  0.4358,  0.7692],
         [ 0.0000,  0.0000,  0.0000,  1.0000]]])
2025-04-28T17:31:28.519408 - Final transform:
[[-0.72  0.63 -0.29  0.25]
 [-0.48 -0.16  0.86  0.09]
 [ 0.5   0.76  0.42  0.77]
 [ 0.    0.    0.    1.  ]]
2025-04-28T17:31:28.519408 - Pose:
tensor([[[-0.7226,  0.6281, -0.2888,  0.2517],
         [-0.4820, -0.1584,  0.8617,  0.0949],
         [ 0.4955,  0.7619,  0.4172,  0.7678],
         [ 0.0000,  0.0000,  0.0000,  1.0000]]])
