2025-04-28T17:29:34.715719 - Final transform:
[[-0.91  0.4   0.1   0.18]
 [-0.08 -0.42  0.9  -0.12]
 [ 0.4   0.81  0.42  1.08]
 [ 0.    0.    0.    1.  ]]
2025-04-28T17:29:34.715719 - Pose:
tensor([[[-0.9119,  0.3972,  0.1030,  0.1872],
         [-0.0827, -0.4238,  0.9020, -0.1178],
         [ 0.4019,  0.8140,  0.4193,  1.0822],
         [ 0.0000,  0.0000,  0.0000,  1.0000]]])
2025-04-28T17:29:34.786676 - Final transform:
[[-0.95  0.3   0.11  0.18]
 [-0.02 -0.4   0.91 -0.12]
 [ 0.32  0.86  0.39  1.08]
 [ 0.    0.    0.    1.  ]]
2025-04-28T17:29:34.786676 - Pose:
tensor([[[-0.9461,  0.3042,  0.1110,  0.1870],
         [-0.0224, -0.4034,  0.9148, -0.1183],
         [ 0.3231,  0.8630,  0.3885,  1.0826],
         [ 0.0000,  0.0000,  0.0000,  1.0000]]])
2025-04-28T17:29:34.856015 - Final transform:
[[-0.95  0.29  0.09  0.19]
 [-0.06 -0.47  0.88 -0.12]
 [ 0.3   0.84  0.46  1.08]
 [ 0.    0.    0.    1.  ]]
2025-04-28T17:29:34.856015 - Pose:
tensor([[[-0.9530,  0.2886,  0.0917,  0.1894],
         [-0.0565, -0.4668,  0.8826, -0.1148],
         [ 0.2975,  0.8359,  0.4612,  1.0851],
         [ 0.0000,  0.0000,  0.0000,  1.0000]]])
2025-04-28T17:29:34.924118 - Final transform:
[[-0.96  0.27  0.1   0.18]
 [-0.03 -0.44  0.9  -0.12]
 [ 0.29  0.85  0.43  1.08]
 [ 0.    0.    0.    1.  ]]
2025-04-28T17:29:34.924118 - Pose:
tensor([[[-0.9574,  0.2711,  0.0990,  0.1872],
         [-0.0334, -0.4448,  0.8950, -0.1178],
         [ 0.2867,  0.8536,  0.4349,  1.0814],
         [ 0.0000,  0.0000,  0.0000,  1.0000]]])
2025-04-28T17:29:34.990734 - Final transform:
[[-0.94  0.34  0.11  0.18]
 [-0.03 -0.37  0.93 -0.12]
 [ 0.35  0.87  0.36  1.09]
 [ 0.    0.    0.    1.  ]]
2025-04-28T17:29:34.990734 - Pose:
tensor([[[-0.9356,  0.3369,  0.1053,  0.1867],
         [-0.0289, -0.3702,  0.9285, -0.1171],
         [ 0.3518,  0.8657,  0.3561,  1.0856],
         [ 0.0000,  0.0000,  0.0000,  1.0000]]])
2025-04-28T17:29:35.058490 - Final transform:
[[-0.94  0.33  0.1   0.18]
 [-0.04 -0.39  0.92 -0.12]
 [ 0.35  0.86  0.38  1.08]
 [ 0.    0.    0.    1.  ]]
2025-04-28T17:29:35.058490 - Pose:
tensor([[[-0.9376,  0.3325,  0.1018,  0.1881],
         [-0.0395, -0.3926,  0.9188, -0.1162],
         [ 0.3454,  0.8575,  0.3813,  1.0825],
         [ 0.0000,  0.0000,  0.0000,  1.0000]]])
2025-04-28T17:29:35.131334 - Final transform:
[[-0.92  0.38  0.1   0.18]
 [-0.07 -0.41  0.91 -0.12]
 [ 0.38  0.83  0.4   1.08]
 [ 0.    0.    0.    1.  ]]
2025-04-28T17:29:35.131334 - Pose:
tensor([[[-0.9214,  0.3755,  0.1005,  0.1869],
         [-0.0656, -0.4050,  0.9120, -0.1164],
         [ 0.3831,  0.8336,  0.3978,  1.0843],
         [ 0.0000,  0.0000,  0.0000,  1.0000]]])
2025-04-28T17:29:35.200928 - Final transform:
[[-0.95  0.31  0.08  0.19]
 [-0.05 -0.39  0.92 -0.12]
 [ 0.32  0.87  0.39  1.08]
 [ 0.    0.    0.    1.  ]]
2025-04-28T17:29:35.200928 - Pose:
tensor([[[-0.9464,  0.3134,  0.0785,  0.1893],
         [-0.0529, -0.3901,  0.9193, -0.1177],
         [ 0.3187,  0.8658,  0.3857,  1.0823],
         [ 0.0000,  0.0000,  0.0000,  1.0000]]])
2025-04-28T17:29:35.269365 - Final transform:
[[-0.95  0.31  0.09  0.18]
 [-0.06 -0.43  0.9  -0.12]
 [ 0.32  0.84  0.43  1.08]
 [ 0.    0.    0.    1.  ]]
2025-04-28T17:29:35.269365 - Pose:
tensor([[[-0.9450,  0.3141,  0.0909,  0.1883],
         [-0.0579, -0.4343,  0.8989, -0.1191],
         [ 0.3218,  0.8442,  0.4286,  1.0810],
         [ 0.0000,  0.0000,  0.0000,  1.0000]]])
2025-04-28T17:29:35.337458 - Final transform:
[[-0.94  0.32  0.08  0.18]
 [-0.07 -0.42  0.9  -0.12]
 [ 0.32  0.85  0.42  1.08]
 [ 0.    0.    0.    1.  ]]
2025-04-28T17:29:35.337458 - Pose:
tensor([[[-0.9443,  0.3194,  0.0793,  0.1877],
         [-0.0671, -0.4228,  0.9037, -0.1165],
         [ 0.3222,  0.8481,  0.4207,  1.0828],
         [ 0.0000,  0.0000,  0.0000,  1.0000]]])
2025-04-28T17:29:35.405320 - Final transform:
[[-0.92  0.37  0.09  0.18]
 [-0.08 -0.42  0.9  -0.12]
 [ 0.37  0.83  0.42  1.08]
 [ 0.    0.    0.    1.  ]]
2025-04-28T17:29:35.405320 - Pose:
tensor([[[-0.9240,  0.3713,  0.0912,  0.1868],
         [-0.0817, -0.4248,  0.9016, -0.1181],
         [ 0.3735,  0.8257,  0.4228,  1.0803],
         [ 0.0000,  0.0000,  0.0000,  1.0000]]])
2025-04-28T17:29:35.474285 - Final transform:
[[-0.92  0.4   0.06  0.18]
 [-0.12 -0.4   0.91 -0.12]
 [ 0.38  0.82  0.42  1.08]
 [ 0.    0.    0.    1.  ]]
2025-04-28T17:29:35.474285 - Pose:
tensor([[[-0.9167,  0.3953,  0.0588,  0.1878],
         [-0.1164, -0.4048,  0.9070, -0.1180],
         [ 0.3823,  0.8245,  0.4171,  1.0799],
         [ 0.0000,  0.0000,  0.0000,  1.0000]]])
2025-04-28T17:29:35.543291 - Final transform:
[[-0.93  0.35  0.09  0.18]
 [-0.08 -0.44  0.89 -0.12]
 [ 0.35  0.83  0.44  1.08]
 [ 0.    0.    0.    1.  ]]
2025-04-28T17:29:35.543291 - Pose:
tensor([[[-0.9330,  0.3491,  0.0870,  0.1867],
         [-0.0811, -0.4398,  0.8944, -0.1195],
         [ 0.3505,  0.8275,  0.4387,  1.0816],
         [ 0.0000,  0.0000,  0.0000,  1.0000]]])
2025-04-28T17:29:35.613711 - Final transform:
[[-0.94  0.32  0.07  0.18]
 [-0.07 -0.41  0.91 -0.12]
 [ 0.32  0.85  0.41  1.08]
 [ 0.    0.    0.    1.  ]]
2025-04-28T17:29:35.613711 - Pose:
tensor([[[-0.9437,  0.3236,  0.0692,  0.1885],
         [-0.0730, -0.4074,  0.9103, -0.1190],
         [ 0.3228,  0.8540,  0.4081,  1.0812],
         [ 0.0000,  0.0000,  0.0000,  1.0000]]])
2025-04-28T17:29:35.680537 - Final transform:
[[-0.95  0.3   0.09  0.18]
 [-0.05 -0.41  0.91 -0.12]
 [ 0.31  0.86  0.41  1.08]
 [ 0.    0.    0.    1.  ]]
2025-04-28T17:29:35.680537 - Pose:
tensor([[[-0.9509,  0.2971,  0.0868,  0.1883],
         [-0.0466, -0.4148,  0.9087, -0.1159],
         [ 0.3060,  0.8600,  0.4083,  1.0839],
         [ 0.0000,  0.0000,  0.0000,  1.0000]]])
2025-04-28T17:29:35.756612 - Final transform:
[[-0.93  0.36  0.1   0.18]
 [-0.05 -0.38  0.92 -0.12]
 [ 0.37  0.85  0.37  1.08]
 [ 0.    0.    0.    1.  ]]
2025-04-28T17:29:35.756612 - Pose:
tensor([[[-0.9281,  0.3598,  0.0955,  0.1860],
         [-0.0529, -0.3814,  0.9229, -0.1194],
         [ 0.3685,  0.8515,  0.3730,  1.0794],
         [ 0.0000,  0.0000,  0.0000,  1.0000]]])
2025-04-28T17:29:35.821726 - Final transform:
[[-0.94  0.32  0.12  0.18]
 [-0.06 -0.5   0.86 -0.12]
 [ 0.34  0.8   0.49  1.09]
 [ 0.    0.    0.    1.  ]]
2025-04-28T17:29:35.821726 - Pose:
tensor([[[-0.9387,  0.3239,  0.1183,  0.1889],
         [-0.0636, -0.5000,  0.8637, -0.1147],
         [ 0.3389,  0.8032,  0.4899,  1.0867],
         [ 0.0000,  0.0000,  0.0000,  1.0000]]])
2025-04-28T17:29:35.889784 - Final transform:
[[-0.96  0.28  0.05  0.19]
 [-0.11 -0.51  0.85 -0.12]
 [ 0.26  0.81  0.52  1.09]
 [ 0.    0.    0.    1.  ]]
2025-04-28T17:29:35.889784 - Pose:
tensor([[[-0.9597,  0.2773,  0.0457,  0.1908],
         [-0.1064, -0.5088,  0.8543, -0.1140],
         [ 0.2601,  0.8150,  0.5178,  1.0896],
         [ 0.0000,  0.0000,  0.0000,  1.0000]]])
2025-04-28T17:29:35.958795 - Final transform:
[[-0.96  0.28  0.06  0.18]
 [-0.07 -0.45  0.89 -0.12]
 [ 0.27  0.85  0.45  1.08]
 [ 0.    0.    0.    1.  ]]
2025-04-28T17:29:35.958795 - Pose:
tensor([[[-0.9590,  0.2767,  0.0610,  0.1882],
         [-0.0732, -0.4501,  0.8900, -0.1164],
         [ 0.2737,  0.8490,  0.4519,  1.0811],
         [ 0.0000,  0.0000,  0.0000,  1.0000]]])
2025-04-28T17:29:36.027147 - Final transform:
[[-0.94  0.33  0.1   0.19]
 [-0.08 -0.5   0.86 -0.12]
 [ 0.33  0.8   0.5   1.09]
 [ 0.    0.    0.    1.  ]]
2025-04-28T17:29:36.027147 - Pose:
tensor([[[-0.9390,  0.3285,  0.1017,  0.1897],
         [-0.0820, -0.5011,  0.8615, -0.1150],
         [ 0.3340,  0.8006,  0.4975,  1.0861],
         [ 0.0000,  0.0000,  0.0000,  1.0000]]])
2025-04-28T17:29:36.095462 - Final transform:
[[-0.95  0.28  0.14  0.18]
 [-0.03 -0.52  0.85 -0.12]
 [ 0.31  0.81  0.5   1.09]
 [ 0.    0.    0.    1.  ]]
2025-04-28T17:29:36.095462 - Pose:
tensor([[[-0.9500,  0.2794,  0.1396,  0.1890],
         [-0.0278, -0.5208,  0.8532, -0.1144],
         [ 0.3111,  0.8066,  0.5025,  1.0870],
         [ 0.0000,  0.0000,  0.0000,  1.0000]]])
2025-04-28T17:29:36.167436 - Final transform:
[[-0.95  0.3   0.13  0.18]
 [-0.04 -0.49  0.87 -0.12]
 [ 0.32  0.82  0.47  1.08]
 [ 0.    0.    0.    1.  ]]
2025-04-28T17:29:36.167436 - Pose:
tensor([[[-0.9463,  0.2970,  0.1275,  0.1883],
         [-0.0365, -0.4903,  0.8708, -0.1148],
         [ 0.3211,  0.8194,  0.4748,  1.0851],
         [ 0.0000,  0.0000,  0.0000,  1.0000]]])
2025-04-28T17:29:36.234738 - Final transform:
[[-0.93  0.36  0.12  0.18]
 [-0.08 -0.5   0.86 -0.13]
 [ 0.37  0.79  0.49  1.07]
 [ 0.    0.    0.    1.  ]]
2025-04-28T17:29:36.234738 - Pose:
tensor([[[-0.9260,  0.3572,  0.1221,  0.1856],
         [-0.0786, -0.4990,  0.8630, -0.1214],
         [ 0.3692,  0.7896,  0.4902,  1.0745],
         [ 0.0000,  0.0000,  0.0000,  1.0000]]])
2025-04-28T17:29:36.303896 - Final transform:
[[-0.94  0.31  0.13  0.18]
 [-0.02 -0.43  0.9  -0.12]
 [ 0.33  0.85  0.41  1.08]
 [ 0.    0.    0.    1.  ]]
2025-04-28T17:29:36.303896 - Pose:
tensor([[[-0.9426,  0.3083,  0.1282,  0.1873],
         [-0.0161, -0.4256,  0.9048, -0.1153],
         [ 0.3335,  0.8508,  0.4061,  1.0839],
         [ 0.0000,  0.0000,  0.0000,  1.0000]]])
2025-04-28T17:29:36.373665 - Final transform:
[[-0.93  0.34  0.13  0.18]
 [-0.02 -0.39  0.92 -0.12]
 [ 0.36  0.85  0.37  1.08]
 [ 0.    0.    0.    1.  ]]
2025-04-28T17:29:36.373665 - Pose:
tensor([[[-0.9316,  0.3399,  0.1289,  0.1879],
         [-0.0160, -0.3926,  0.9196, -0.1165],
         [ 0.3631,  0.8546,  0.3712,  1.0828],
         [ 0.0000,  0.0000,  0.0000,  1.0000]]])
2025-04-28T17:29:36.441739 - Final transform:
[[-0.93  0.36  0.07  0.18]
 [-0.1  -0.44  0.89 -0.12]
 [ 0.36  0.82  0.45  1.08]
 [ 0.    0.    0.    1.  ]]
2025-04-28T17:29:36.441739 - Pose:
tensor([[[-0.9293,  0.3618,  0.0743,  0.1868],
         [-0.1008, -0.4419,  0.8914, -0.1170],
         [ 0.3553,  0.8209,  0.4471,  1.0786],
         [ 0.0000,  0.0000,  0.0000,  1.0000]]])
2025-04-28T17:29:36.520180 - Final transform:
[[-0.94  0.32  0.09  0.18]
 [-0.05 -0.41  0.91 -0.12]
 [ 0.33  0.86  0.4   1.08]
 [ 0.    0.    0.    1.  ]]
2025-04-28T17:29:36.520180 - Pose:
tensor([[[-0.9440,  0.3188,  0.0854,  0.1875],
         [-0.0543, -0.4051,  0.9127, -0.1168],
         [ 0.3256,  0.8569,  0.3997,  1.0825],
         [ 0.0000,  0.0000,  0.0000,  1.0000]]])
2025-04-28T17:29:36.587687 - Final transform:
[[-0.93  0.34  0.09  0.18]
 [-0.06 -0.4   0.91 -0.12]
 [ 0.35  0.85  0.39  1.08]
 [ 0.    0.    0.    1.  ]]
2025-04-28T17:29:36.587687 - Pose:
tensor([[[-0.9350,  0.3430,  0.0906,  0.1868],
         [-0.0581, -0.4000,  0.9147, -0.1174],
         [ 0.3499,  0.8499,  0.3939,  1.0776],
         [ 0.0000,  0.0000,  0.0000,  1.0000]]])
2025-04-28T17:29:36.657605 - Final transform:
[[-0.93  0.36  0.11  0.18]
 [-0.06 -0.43  0.9  -0.12]
 [ 0.37  0.83  0.42  1.08]
 [ 0.    0.    0.    1.  ]]
2025-04-28T17:29:36.657605 - Pose:
tensor([[[-0.9283,  0.3562,  0.1064,  0.1860],
         [-0.0611, -0.4283,  0.9016, -0.1200],
         [ 0.3667,  0.8304,  0.4194,  1.0792],
         [ 0.0000,  0.0000,  0.0000,  1.0000]]])
2025-04-28T17:29:36.724367 - Final transform:
[[-0.94  0.32  0.06  0.18]
 [-0.07 -0.38  0.92 -0.12]
 [ 0.32  0.86  0.39  1.08]
 [ 0.    0.    0.    1.  ]]
2025-04-28T17:29:36.724367 - Pose:
tensor([[[-0.9443,  0.3236,  0.0600,  0.1883],
         [-0.0732, -0.3843,  0.9203, -0.1174],
         [ 0.3209,  0.8646,  0.3866,  1.0779],
         [ 0.0000,  0.0000,  0.0000,  1.0000]]])
2025-04-28T17:29:36.792974 - Final transform:
[[-0.95  0.27  0.14  0.18]
 [-0.01 -0.48  0.88 -0.12]
 [ 0.3   0.84  0.46  1.08]
 [ 0.    0.    0.    1.  ]]
2025-04-28T17:29:36.792974 - Pose:
tensor([[[-0.9532,  0.2698,  0.1362,  0.1862],
         [-0.0094, -0.4770,  0.8789, -0.1143],
         [ 0.3021,  0.8365,  0.4572,  1.0844],
         [ 0.0000,  0.0000,  0.0000,  1.0000]]])
2025-04-28T17:29:36.860819 - Final transform:
[[-0.95  0.31  0.11  0.18]
 [-0.04 -0.45  0.89 -0.13]
 [ 0.32  0.84  0.44  1.08]
 [ 0.    0.    0.    1.  ]]
2025-04-28T17:29:36.860819 - Pose:
tensor([[[-0.9461,  0.3052,  0.1088,  0.1871],
         [-0.0437, -0.4528,  0.8905, -0.1218],
         [ 0.3210,  0.8377,  0.4417,  1.0790],
         [ 0.0000,  0.0000,  0.0000,  1.0000]]])
2025-04-28T17:29:36.928238 - Final transform:
[[-0.94  0.31  0.11  0.18]
 [-0.05 -0.47  0.88 -0.12]
 [ 0.32  0.83  0.46  1.09]
 [ 0.    0.    0.    1.  ]]
2025-04-28T17:29:36.928238 - Pose:
tensor([[[-0.9446,  0.3109,  0.1054,  0.1882],
         [-0.0547, -0.4657,  0.8833, -0.1149],
         [ 0.3237,  0.8285,  0.4569,  1.0862],
         [ 0.0000,  0.0000,  0.0000,  1.0000]]])
2025-04-28T17:29:36.999107 - Final transform:
[[-0.94  0.33  0.12  0.18]
 [-0.03 -0.42  0.91 -0.12]
 [ 0.35  0.85  0.4   1.08]
 [ 0.    0.    0.    1.  ]]
2025-04-28T17:29:36.999107 - Pose:
tensor([[[-0.9360,  0.3298,  0.1234,  0.1866],
         [-0.0264, -0.4153,  0.9093, -0.1185],
         [ 0.3511,  0.8478,  0.3974,  1.0804],
         [ 0.0000,  0.0000,  0.0000,  1.0000]]])
2025-04-28T17:29:37.068158 - Final transform:
[[-0.92  0.38  0.11  0.18]
 [-0.08 -0.45  0.89 -0.13]
 [ 0.39  0.81  0.45  1.08]
 [ 0.    0.    0.    1.  ]]
2025-04-28T17:29:37.068158 - Pose:
tensor([[[-0.9183,  0.3807,  0.1089,  0.1867],
         [-0.0818, -0.4514,  0.8885, -0.1207],
         [ 0.3875,  0.8070,  0.4457,  1.0753],
         [ 0.0000,  0.0000,  0.0000,  1.0000]]])
2025-04-28T17:29:37.139834 - Final transform:
[[-0.93  0.35  0.09  0.18]
 [-0.07 -0.43  0.9  -0.12]
 [ 0.36  0.83  0.42  1.08]
 [ 0.    0.    0.    1.  ]]
2025-04-28T17:29:37.139834 - Pose:
tensor([[[-0.9321,  0.3496,  0.0945,  0.1885],
         [-0.0696, -0.4289,  0.9007, -0.1191],
         [ 0.3554,  0.8330,  0.4241,  1.0808],
         [ 0.0000,  0.0000,  0.0000,  1.0000]]])
2025-04-28T17:29:37.208971 - Final transform:
[[-0.95  0.3   0.1   0.18]
 [-0.04 -0.42  0.91 -0.12]
 [ 0.31  0.86  0.41  1.08]
 [ 0.    0.    0.    1.  ]]
2025-04-28T17:29:37.208971 - Pose:
tensor([[[-0.9501,  0.2965,  0.0965,  0.1880],
         [-0.0384, -0.4184,  0.9075, -0.1186],
         [ 0.3095,  0.8585,  0.4089,  1.0785],
         [ 0.0000,  0.0000,  0.0000,  1.0000]]])
2025-04-28T17:29:37.280638 - Final transform:
[[-0.94  0.33  0.1   0.18]
 [-0.08 -0.49  0.87 -0.13]
 [ 0.34  0.81  0.48  1.07]
 [ 0.    0.    0.    1.  ]]
2025-04-28T17:29:37.280638 - Pose:
tensor([[[-0.9378,  0.3336,  0.0961,  0.1876],
         [-0.0833, -0.4850,  0.8705, -0.1211],
         [ 0.3370,  0.8084,  0.4827,  1.0737],
         [ 0.0000,  0.0000,  0.0000,  1.0000]]])
2025-04-28T17:29:37.372208 - Final transform:
[[-0.95  0.3   0.09  0.18]
 [-0.06 -0.45  0.89 -0.12]
 [ 0.31  0.84  0.45  1.08]
 [ 0.    0.    0.    1.  ]]
2025-04-28T17:29:37.372208 - Pose:
tensor([[[-0.9502,  0.2993,  0.0862,  0.1887],
         [-0.0618, -0.4525,  0.8896, -0.1167],
         [ 0.3053,  0.8400,  0.4485,  1.0822],
         [ 0.0000,  0.0000,  0.0000,  1.0000]]])
2025-04-28T17:29:37.443476 - Final transform:
[[-0.94  0.33  0.11  0.18]
 [-0.05 -0.44  0.9  -0.13]
 [ 0.35  0.83  0.43  1.08]
 [ 0.    0.    0.    1.  ]]
2025-04-28T17:29:37.443476 - Pose:
tensor([[[-0.9362,  0.3332,  0.1115,  0.1888],
         [-0.0501, -0.4408,  0.8962, -0.1217],
         [ 0.3478,  0.8335,  0.4294,  1.0776],
         [ 0.0000,  0.0000,  0.0000,  1.0000]]])
2025-04-28T17:29:37.514899 - Final transform:
[[-0.94  0.32  0.1   0.18]
 [-0.05 -0.43  0.9  -0.12]
 [ 0.33  0.84  0.42  1.09]
 [ 0.    0.    0.    1.  ]]
2025-04-28T17:29:37.514899 - Pose:
tensor([[[-0.9423,  0.3201,  0.0981,  0.1873],
         [-0.0532, -0.4323,  0.9001, -0.1148],
         [ 0.3306,  0.8430,  0.4244,  1.0850],
         [ 0.0000,  0.0000,  0.0000,  1.0000]]])
2025-04-28T17:29:37.583136 - Final transform:
[[-0.92  0.39  0.08  0.18]
 [-0.09 -0.4   0.91 -0.12]
 [ 0.39  0.83  0.41  1.08]
 [ 0.    0.    0.    1.  ]]
2025-04-28T17:29:37.583136 - Pose:
tensor([[[-0.9185,  0.3871,  0.0810,  0.1872],
         [-0.0903, -0.4046,  0.9100, -0.1157],
         [ 0.3851,  0.8285,  0.4066,  1.0812],
         [ 0.0000,  0.0000,  0.0000,  1.0000]]])
2025-04-28T17:29:37.649145 - Final transform:
[[-0.94  0.32  0.11  0.18]
 [-0.02 -0.39  0.92 -0.13]
 [ 0.34  0.86  0.37  1.08]
 [ 0.    0.    0.    1.  ]]
2025-04-28T17:29:37.649145 - Pose:
tensor([[[-0.9391,  0.3240,  0.1149,  0.1866],
         [-0.0203, -0.3857,  0.9224, -0.1204],
         [ 0.3431,  0.8639,  0.3688,  1.0803],
         [ 0.0000,  0.0000,  0.0000,  1.0000]]])
2025-04-28T17:29:37.723235 - Final transform:
[[-0.94  0.33  0.09  0.19]
 [-0.09 -0.48  0.87 -0.12]
 [ 0.33  0.81  0.48  1.08]
 [ 0.    0.    0.    1.  ]]
2025-04-28T17:29:37.723235 - Pose:
tensor([[[-0.9394,  0.3310,  0.0888,  0.1894],
         [-0.0882, -0.4838,  0.8707, -0.1139],
         [ 0.3312,  0.8101,  0.4837,  1.0849],
         [ 0.0000,  0.0000,  0.0000,  1.0000]]])
2025-04-28T17:29:37.788842 - Final transform:
[[-0.96  0.26  0.09  0.18]
 [-0.04 -0.47  0.88 -0.12]
 [ 0.27  0.84  0.46  1.08]
 [ 0.    0.    0.    1.  ]]
2025-04-28T17:29:37.788842 - Pose:
tensor([[[-0.9607,  0.2622,  0.0911,  0.1878],
         [-0.0449, -0.4709,  0.8811, -0.1156],
         [ 0.2740,  0.8423,  0.4641,  1.0794],
         [ 0.0000,  0.0000,  0.0000,  1.0000]]])
2025-04-28T17:29:37.857603 - Final transform:
[[-0.96  0.24  0.12  0.18]
 [ 0.02 -0.38  0.92 -0.13]
 [ 0.27  0.89  0.36  1.08]
 [ 0.    0.    0.    1.  ]]
2025-04-28T17:29:37.857603 - Pose:
tensor([[[-0.9635,  0.2382,  0.1224,  0.1869],
         [ 0.0228, -0.3823,  0.9238, -0.1219],
         [ 0.2668,  0.8928,  0.3629,  1.0774],
         [ 0.0000,  0.0000,  0.0000,  1.0000]]])
2025-04-28T17:29:37.925594 - Final transform:
[[-0.95  0.31  0.1   0.18]
 [-0.07 -0.49  0.87 -0.12]
 [ 0.31  0.82  0.49  1.09]
 [ 0.    0.    0.    1.  ]]
2025-04-28T17:29:37.925594 - Pose:
tensor([[[-0.9468,  0.3070,  0.0970,  0.1886],
         [-0.0698, -0.4898,  0.8690, -0.1148],
         [ 0.3143,  0.8160,  0.4852,  1.0857],
         [ 0.0000,  0.0000,  0.0000,  1.0000]]])
2025-04-28T17:29:37.993029 - Final transform:
[[-0.92  0.38  0.12  0.18]
 [-0.04 -0.39  0.92 -0.13]
 [ 0.39  0.84  0.37  1.08]
 [ 0.    0.    0.    1.  ]]
2025-04-28T17:29:37.993029 - Pose:
tensor([[[-0.9195,  0.3758,  0.1152,  0.1864],
         [-0.0429, -0.3872,  0.9210, -0.1204],
         [ 0.3907,  0.8419,  0.3722,  1.0782],
         [ 0.0000,  0.0000,  0.0000,  1.0000]]])
2025-04-28T17:29:38.061116 - Final transform:
[[-0.92  0.37  0.08  0.18]
 [-0.08 -0.4   0.91 -0.13]
 [ 0.38  0.84  0.4   1.08]
 [ 0.    0.    0.    1.  ]]
2025-04-28T17:29:38.061116 - Pose:
tensor([[[-0.9237,  0.3737,  0.0845,  0.1881],
         [-0.0778, -0.3989,  0.9137, -0.1223],
         [ 0.3751,  0.8374,  0.3975,  1.0764],
         [ 0.0000,  0.0000,  0.0000,  1.0000]]])
2025-04-28T17:29:38.128130 - Final transform:
[[-0.95  0.29  0.09  0.18]
 [-0.04 -0.42  0.91 -0.12]
 [ 0.3   0.86  0.41  1.08]
 [ 0.    0.    0.    1.  ]]
2025-04-28T17:29:38.128130 - Pose:
tensor([[[-0.9532,  0.2888,  0.0898,  0.1885],
         [-0.0407, -0.4165,  0.9082, -0.1174],
         [ 0.2997,  0.8620,  0.4087,  1.0830],
         [ 0.0000,  0.0000,  0.0000,  1.0000]]])
2025-04-28T17:29:38.197981 - Final transform:
[[-0.95  0.28  0.14  0.18]
 [-0.01 -0.49  0.87 -0.12]
 [ 0.31  0.82  0.47  1.09]
 [ 0.    0.    0.    1.  ]]
2025-04-28T17:29:38.197981 - Pose:
tensor([[[-0.9490,  0.2803,  0.1444,  0.1883],
         [-0.0135, -0.4936,  0.8696, -0.1145],
         [ 0.3150,  0.8233,  0.4722,  1.0862],
         [ 0.0000,  0.0000,  0.0000,  1.0000]]])
2025-04-28T17:29:38.257141 - Final transform:
[[-0.95  0.29  0.13  0.18]
 [-0.01 -0.44  0.9  -0.12]
 [ 0.31  0.85  0.42  1.08]
 [ 0.    0.    0.    1.  ]]
2025-04-28T17:29:38.257141 - Pose:
tensor([[[-0.9494,  0.2858,  0.1305,  0.1870],
         [-0.0073, -0.4351,  0.9003, -0.1157],
         [ 0.3141,  0.8538,  0.4152,  1.0837],
         [ 0.0000,  0.0000,  0.0000,  1.0000]]])
