2025-04-17T19:00:43.073548 - Final transform:
[[-0.99 -0.05  0.1   0.11]
 [ 0.01 -0.92 -0.39  0.04]
 [ 0.11 -0.39  0.91  0.79]
 [ 0.    0.    0.    1.  ]]
2025-04-17T19:00:43.073548 - Pose:
tensor([[[-0.9938, -0.0524,  0.0981,  0.1070],
         [ 0.0099, -0.9202, -0.3914,  0.0404],
         [ 0.1108, -0.3880,  0.9150,  0.7893],
         [ 0.0000,  0.0000,  0.0000,  1.0000]]])
2025-04-17T19:00:43.157924 - Final transform:
[[-0.99 -0.05  0.09  0.11]
 [ 0.01 -0.92 -0.38  0.04]
 [ 0.1  -0.38  0.92  0.79]
 [ 0.    0.    0.    1.  ]]
2025-04-17T19:00:43.157924 - Pose:
tensor([[[-0.9949, -0.0470,  0.0892,  0.1067],
         [ 0.0095, -0.9245, -0.3810,  0.0404],
         [ 0.1004, -0.3782,  0.9203,  0.7889],
         [ 0.0000,  0.0000,  0.0000,  1.0000]]])
2025-04-17T19:00:43.227610 - Final transform:
[[-0.99 -0.05  0.09  0.11]
 [ 0.01 -0.92 -0.38  0.04]
 [ 0.1  -0.38  0.92  0.79]
 [ 0.    0.    0.    1.  ]]
2025-04-17T19:00:43.227610 - Pose:
tensor([[[-0.9948, -0.0474,  0.0897,  0.1067],
         [ 0.0096, -0.9240, -0.3822,  0.0403],
         [ 0.1010, -0.3794,  0.9197,  0.7892],
         [ 0.0000,  0.0000,  0.0000,  1.0000]]])
2025-04-17T19:00:43.298406 - Final transform:
[[-1.   -0.05  0.08  0.11]
 [ 0.01 -0.93 -0.38  0.04]
 [ 0.1  -0.38  0.92  0.79]
 [ 0.    0.    0.    1.  ]]
2025-04-17T19:00:43.298406 - Pose:
tensor([[[-0.9953, -0.0483,  0.0844,  0.1067],
         [ 0.0128, -0.9254, -0.3787,  0.0405],
         [ 0.0964, -0.3758,  0.9217,  0.7887],
         [ 0.0000,  0.0000,  0.0000,  1.0000]]])
2025-04-17T19:00:43.367547 - Final transform:
[[-0.99 -0.05  0.09  0.11]
 [ 0.01 -0.93 -0.38  0.04]
 [ 0.1  -0.38  0.92  0.79]
 [ 0.    0.    0.    1.  ]]
2025-04-17T19:00:43.367547 - Pose:
tensor([[[-0.9947, -0.0461,  0.0921,  0.1068],
         [ 0.0079, -0.9256, -0.3784,  0.0404],
         [ 0.1027, -0.3757,  0.9211,  0.7888],
         [ 0.0000,  0.0000,  0.0000,  1.0000]]])
2025-04-17T19:00:43.434400 - Final transform:
[[-0.99 -0.05  0.09  0.11]
 [ 0.01 -0.93 -0.38  0.04]
 [ 0.1  -0.37  0.92  0.79]
 [ 0.    0.    0.    1.  ]]
2025-04-17T19:00:43.434400 - Pose:
tensor([[[-0.9950, -0.0511,  0.0861,  0.1067],
         [ 0.0149, -0.9259, -0.3774,  0.0405],
         [ 0.0990, -0.3742,  0.9220,  0.7891],
         [ 0.0000,  0.0000,  0.0000,  1.0000]]])
2025-04-17T19:00:43.503766 - Final transform:
[[-1.   -0.05  0.08  0.11]
 [ 0.02 -0.93 -0.37  0.04]
 [ 0.09 -0.37  0.93  0.79]
 [ 0.    0.    0.    1.  ]]
2025-04-17T19:00:43.503766 - Pose:
tensor([[[-0.9960, -0.0465,  0.0758,  0.1066],
         [ 0.0151, -0.9286, -0.3708,  0.0403],
         [ 0.0876, -0.3682,  0.9256,  0.7886],
         [ 0.0000,  0.0000,  0.0000,  1.0000]]])
2025-04-17T19:00:43.572956 - Final transform:
[[-1.   -0.05  0.08  0.11]
 [ 0.01 -0.93 -0.37  0.04]
 [ 0.1  -0.37  0.92  0.79]
 [ 0.    0.    0.    1.  ]]
2025-04-17T19:00:43.572956 - Pose:
tensor([[[-0.9953, -0.0488,  0.0838,  0.1067],
         [ 0.0139, -0.9271, -0.3745,  0.0406],
         [ 0.0960, -0.3715,  0.9234,  0.7889],
         [ 0.0000,  0.0000,  0.0000,  1.0000]]])
2025-04-17T19:00:43.644416 - Final transform:
[[-0.99 -0.05  0.1   0.11]
 [ 0.01 -0.92 -0.38  0.04]
 [ 0.11 -0.38  0.92  0.79]
 [ 0.    0.    0.    1.  ]]
2025-04-17T19:00:43.644416 - Pose:
tensor([[[-0.9940, -0.0477,  0.0981,  0.1070],
         [ 0.0065, -0.9237, -0.3831,  0.0403],
         [ 0.1089, -0.3801,  0.9185,  0.7891],
         [ 0.0000,  0.0000,  0.0000,  1.0000]]])
2025-04-17T19:00:43.717993 - Final transform:
[[-0.99 -0.05  0.09  0.11]
 [ 0.01 -0.92 -0.38  0.04]
 [ 0.1  -0.38  0.92  0.79]
 [ 0.    0.    0.    1.  ]]
2025-04-17T19:00:43.717993 - Pose:
tensor([[[-0.9947, -0.0518,  0.0893,  0.1068],
         [ 0.0136, -0.9230, -0.3846,  0.0405],
         [ 0.1023, -0.3813,  0.9188,  0.7892],
         [ 0.0000,  0.0000,  0.0000,  1.0000]]])
2025-04-17T19:00:43.790303 - Final transform:
[[-1.   -0.05  0.09  0.11]
 [ 0.01 -0.92 -0.38  0.04]
 [ 0.1  -0.38  0.92  0.79]
 [ 0.    0.    0.    1.  ]]
2025-04-17T19:00:43.790303 - Pose:
tensor([[[-0.9951, -0.0501,  0.0854,  0.1066],
         [ 0.0139, -0.9247, -0.3804,  0.0402],
         [ 0.0981, -0.3773,  0.9209,  0.7888],
         [ 0.0000,  0.0000,  0.0000,  1.0000]]])
2025-04-17T19:00:43.859936 - Final transform:
[[-0.99 -0.05  0.09  0.11]
 [ 0.01 -0.93 -0.38  0.04]
 [ 0.1  -0.37  0.92  0.79]
 [ 0.    0.    0.    1.  ]]
2025-04-17T19:00:43.859936 - Pose:
tensor([[[-0.9949, -0.0468,  0.0888,  0.1067],
         [ 0.0101, -0.9268, -0.3753,  0.0404],
         [ 0.0999, -0.3725,  0.9226,  0.7889],
         [ 0.0000,  0.0000,  0.0000,  1.0000]]])
2025-04-17T19:00:43.929224 - Final transform:
[[-1.   -0.05  0.08  0.11]
 [ 0.01 -0.93 -0.37  0.04]
 [ 0.09 -0.37  0.92  0.79]
 [ 0.    0.    0.    1.  ]]
2025-04-17T19:00:43.929224 - Pose:
tensor([[[-0.9955, -0.0465,  0.0821,  0.1066],
         [ 0.0124, -0.9272, -0.3744,  0.0406],
         [ 0.0935, -0.3717,  0.9236,  0.7889],
         [ 0.0000,  0.0000,  0.0000,  1.0000]]])
2025-04-17T19:00:44.002651 - Final transform:
[[-1.   -0.05  0.08  0.11]
 [ 0.01 -0.92 -0.39  0.04]
 [ 0.1  -0.38  0.92  0.79]
 [ 0.    0.    0.    1.  ]]
2025-04-17T19:00:44.002651 - Pose:
tensor([[[-0.9952, -0.0505,  0.0835,  0.1066],
         [ 0.0145, -0.9226, -0.3856,  0.0402],
         [ 0.0965, -0.3825,  0.9189,  0.7888],
         [ 0.0000,  0.0000,  0.0000,  1.0000]]])
2025-04-17T19:00:44.072889 - Final transform:
[[-1.   -0.05  0.09  0.11]
 [ 0.01 -0.93 -0.37  0.04]
 [ 0.1  -0.37  0.92  0.79]
 [ 0.    0.    0.    1.  ]]
2025-04-17T19:00:44.072889 - Pose:
tensor([[[-0.9952, -0.0469,  0.0862,  0.1065],
         [ 0.0115, -0.9279, -0.3726,  0.0406],
         [ 0.0975, -0.3698,  0.9240,  0.7889],
         [ 0.0000,  0.0000,  0.0000,  1.0000]]])
2025-04-17T19:00:44.146214 - Final transform:
[[-0.99 -0.05  0.1   0.11]
 [ 0.01 -0.93 -0.38  0.04]
 [ 0.11 -0.38  0.92  0.79]
 [ 0.    0.    0.    1.  ]]
2025-04-17T19:00:44.146214 - Pose:
tensor([[[-0.9942, -0.0488,  0.0956,  0.1067],
         [ 0.0089, -0.9251, -0.3797,  0.0406],
         [ 0.1070, -0.3766,  0.9202,  0.7892],
         [ 0.0000,  0.0000,  0.0000,  1.0000]]])
2025-04-17T19:00:44.218646 - Final transform:
[[-0.99 -0.05  0.09  0.11]
 [ 0.02 -0.93 -0.38  0.04]
 [ 0.1  -0.38  0.92  0.79]
 [ 0.    0.    0.    1.  ]]
2025-04-17T19:00:44.218646 - Pose:
tensor([[[-0.9947, -0.0532,  0.0874,  0.1067],
         [ 0.0161, -0.9250, -0.3796,  0.0406],
         [ 0.1011, -0.3762,  0.9210,  0.7890],
         [ 0.0000,  0.0000,  0.0000,  1.0000]]])
2025-04-17T19:00:44.289513 - Final transform:
[[-1.   -0.05  0.08  0.11]
 [ 0.01 -0.93 -0.38  0.04]
 [ 0.1  -0.37  0.92  0.79]
 [ 0.    0.    0.    1.  ]]
2025-04-17T19:00:44.289513 - Pose:
tensor([[[-0.9952, -0.0495,  0.0843,  0.1066],
         [ 0.0142, -0.9265, -0.3759,  0.0405],
         [ 0.0967, -0.3729,  0.9228,  0.7889],
         [ 0.0000,  0.0000,  0.0000,  1.0000]]])
2025-04-17T19:00:44.360809 - Final transform:
[[-0.99 -0.05  0.09  0.11]
 [ 0.02 -0.93 -0.38  0.04]
 [ 0.11 -0.38  0.92  0.79]
 [ 0.    0.    0.    1.  ]]
2025-04-17T19:00:44.360809 - Pose:
tensor([[[-0.9942, -0.0543,  0.0928,  0.1069],
         [ 0.0151, -0.9250, -0.3797,  0.0406],
         [ 0.1064, -0.3761,  0.9205,  0.7889],
         [ 0.0000,  0.0000,  0.0000,  1.0000]]])
2025-04-17T19:00:44.431086 - Final transform:
[[-1.   -0.05  0.09  0.11]
 [ 0.01 -0.93 -0.37  0.04]
 [ 0.1  -0.37  0.92  0.79]
 [ 0.    0.    0.    1.  ]]
2025-04-17T19:00:44.431086 - Pose:
tensor([[[-0.9952, -0.0451,  0.0874,  0.1066],
         [ 0.0095, -0.9286, -0.3709,  0.0405],
         [ 0.0979, -0.3683,  0.9246,  0.7890],
         [ 0.0000,  0.0000,  0.0000,  1.0000]]])
2025-04-17T19:00:44.503474 - Final transform:
[[-0.99 -0.05  0.1   0.11]
 [ 0.01 -0.93 -0.38  0.04]
 [ 0.11 -0.37  0.92  0.79]
 [ 0.    0.    0.    1.  ]]
2025-04-17T19:00:44.503474 - Pose:
tensor([[[-0.9940, -0.0522,  0.0965,  0.1068],
         [ 0.0119, -0.9256, -0.3783,  0.0408],
         [ 0.1091, -0.3749,  0.9206,  0.7889],
         [ 0.0000,  0.0000,  0.0000,  1.0000]]])
2025-04-17T19:00:44.572837 - Final transform:
[[-0.99 -0.05  0.09  0.11]
 [ 0.01 -0.93 -0.38  0.04]
 [ 0.1  -0.38  0.92  0.79]
 [ 0.    0.    0.    1.  ]]
2025-04-17T19:00:44.572837 - Pose:
tensor([[[-0.9947, -0.0495,  0.0901,  0.1067],
         [ 0.0118, -0.9255, -0.3786,  0.0405],
         [ 0.1021, -0.3755,  0.9212,  0.7890],
         [ 0.0000,  0.0000,  0.0000,  1.0000]]])
2025-04-17T19:00:44.646758 - Final transform:
[[-0.99 -0.05  0.09  0.11]
 [ 0.01 -0.93 -0.38  0.04]
 [ 0.1  -0.37  0.92  0.79]
 [ 0.    0.    0.    1.  ]]
2025-04-17T19:00:44.646758 - Pose:
tensor([[[-0.9946, -0.0488,  0.0918,  0.1066],
         [ 0.0108, -0.9268, -0.3753,  0.0405],
         [ 0.1034, -0.3723,  0.9223,  0.7888],
         [ 0.0000,  0.0000,  0.0000,  1.0000]]])
2025-04-17T19:00:44.718705 - Final transform:
[[-0.99 -0.05  0.09  0.11]
 [ 0.01 -0.93 -0.37  0.04]
 [ 0.1  -0.37  0.92  0.79]
 [ 0.    0.    0.    1.  ]]
2025-04-17T19:00:44.718705 - Pose:
tensor([[[-0.9950, -0.0483,  0.0878,  0.1068],
         [ 0.0119, -0.9271, -0.3747,  0.0405],
         [ 0.0995, -0.3718,  0.9230,  0.7887],
         [ 0.0000,  0.0000,  0.0000,  1.0000]]])
2025-04-17T19:00:44.789192 - Final transform:
[[-1.   -0.05  0.08  0.11]
 [ 0.01 -0.93 -0.38  0.04]
 [ 0.1  -0.37  0.92  0.79]
 [ 0.    0.    0.    1.  ]]
2025-04-17T19:00:44.789192 - Pose:
tensor([[[-0.9953, -0.0476,  0.0848,  0.1069],
         [ 0.0123, -0.9264, -0.3764,  0.0403],
         [ 0.0965, -0.3735,  0.9226,  0.7887],
         [ 0.0000,  0.0000,  0.0000,  1.0000]]])
2025-04-17T19:00:44.863246 - Final transform:
[[-0.99 -0.05  0.09  0.11]
 [ 0.01 -0.92 -0.38  0.04]
 [ 0.1  -0.38  0.92  0.79]
 [ 0.    0.    0.    1.  ]]
2025-04-17T19:00:44.863246 - Pose:
tensor([[[-0.9949, -0.0476,  0.0893,  0.1067],
         [ 0.0102, -0.9249, -0.3800,  0.0404],
         [ 0.1007, -0.3772,  0.9207,  0.7889],
         [ 0.0000,  0.0000,  0.0000,  1.0000]]])
2025-04-17T19:00:44.933048 - Final transform:
[[-1.   -0.05  0.09  0.11]
 [ 0.01 -0.93 -0.38  0.04]
 [ 0.1  -0.37  0.92  0.79]
 [ 0.    0.    0.    1.  ]]
2025-04-17T19:00:44.933048 - Pose:
tensor([[[-0.9952, -0.0480,  0.0854,  0.1067],
         [ 0.0125, -0.9269, -0.3752,  0.0405],
         [ 0.0972, -0.3723,  0.9230,  0.7891],
         [ 0.0000,  0.0000,  0.0000,  1.0000]]])
2025-04-17T19:00:45.003175 - Final transform:
[[-1.   -0.05  0.08  0.11]
 [ 0.01 -0.93 -0.38  0.04]
 [ 0.09 -0.37  0.92  0.79]
 [ 0.    0.    0.    1.  ]]
2025-04-17T19:00:45.003175 - Pose:
tensor([[[-0.9955, -0.0477,  0.0814,  0.1067],
         [ 0.0135, -0.9261, -0.3770,  0.0404],
         [ 0.0933, -0.3742,  0.9226,  0.7887],
         [ 0.0000,  0.0000,  0.0000,  1.0000]]])
2025-04-17T19:00:45.072572 - Final transform:
[[-0.99 -0.05  0.09  0.11]
 [ 0.01 -0.92 -0.38  0.04]
 [ 0.1  -0.38  0.92  0.79]
 [ 0.    0.    0.    1.  ]]
2025-04-17T19:00:45.072572 - Pose:
tensor([[[-0.9948, -0.0514,  0.0884,  0.1066],
         [ 0.0136, -0.9231, -0.3843,  0.0404],
         [ 0.1013, -0.3811,  0.9190,  0.7886],
         [ 0.0000,  0.0000,  0.0000,  1.0000]]])
2025-04-17T19:00:45.143814 - Final transform:
[[-0.99 -0.05  0.09  0.11]
 [ 0.02 -0.92 -0.38  0.04]
 [ 0.11 -0.38  0.92  0.79]
 [ 0.    0.    0.    1.  ]]
2025-04-17T19:00:45.143814 - Pose:
tensor([[[-0.9943, -0.0549,  0.0914,  0.1069],
         [ 0.0159, -0.9242, -0.3817,  0.0408],
         [ 0.1054, -0.3781,  0.9198,  0.7893],
         [ 0.0000,  0.0000,  0.0000,  1.0000]]])
2025-04-17T19:00:45.216180 - Final transform:
[[-1.   -0.05  0.08  0.11]
 [ 0.01 -0.93 -0.37  0.04]
 [ 0.09 -0.37  0.92  0.79]
 [ 0.    0.    0.    1.  ]]
2025-04-17T19:00:45.216180 - Pose:
tensor([[[-0.9955, -0.0471,  0.0819,  0.1066],
         [ 0.0134, -0.9285, -0.3711,  0.0405],
         [ 0.0935, -0.3683,  0.9250,  0.7888],
         [ 0.0000,  0.0000,  0.0000,  1.0000]]])
2025-04-17T19:00:45.286184 - Final transform:
[[-0.99 -0.05  0.1   0.11]
 [ 0.01 -0.93 -0.38  0.04]
 [ 0.11 -0.38  0.92  0.79]
 [ 0.    0.    0.    1.  ]]
2025-04-17T19:00:45.286184 - Pose:
tensor([[[-0.9941, -0.0500,  0.0963,  0.1068],
         [ 0.0099, -0.9253, -0.3791,  0.0405],
         [ 0.1081, -0.3759,  0.9203,  0.7887],
         [ 0.0000,  0.0000,  0.0000,  1.0000]]])
2025-04-17T19:00:45.352579 - Final transform:
[[-1.   -0.05  0.09  0.11]
 [ 0.01 -0.93 -0.38  0.04]
 [ 0.1  -0.37  0.92  0.79]
 [ 0.    0.    0.    1.  ]]
2025-04-17T19:00:45.352579 - Pose:
tensor([[[-0.9952, -0.0488,  0.0854,  0.1066],
         [ 0.0130, -0.9258, -0.3779,  0.0405],
         [ 0.0974, -0.3749,  0.9219,  0.7889],
         [ 0.0000,  0.0000,  0.0000,  1.0000]]])
2025-04-17T19:00:45.421226 - Final transform:
[[-1.   -0.05  0.09  0.11]
 [ 0.01 -0.93 -0.37  0.04]
 [ 0.1  -0.37  0.92  0.79]
 [ 0.    0.    0.    1.  ]]
2025-04-17T19:00:45.421226 - Pose:
tensor([[[-0.9952, -0.0472,  0.0853,  0.1067],
         [ 0.0121, -0.9278, -0.3729,  0.0404],
         [ 0.0967, -0.3701,  0.9239,  0.7888],
         [ 0.0000,  0.0000,  0.0000,  1.0000]]])
2025-04-17T19:00:45.489738 - Final transform:
[[-0.99 -0.05  0.09  0.11]
 [ 0.01 -0.93 -0.38  0.04]
 [ 0.1  -0.38  0.92  0.79]
 [ 0.    0.    0.    1.  ]]
2025-04-17T19:00:45.489738 - Pose:
tensor([[[-0.9945, -0.0498,  0.0921,  0.1069],
         [ 0.0112, -0.9252, -0.3793,  0.0407],
         [ 0.1041, -0.3762,  0.9207,  0.7891],
         [ 0.0000,  0.0000,  0.0000,  1.0000]]])
2025-04-17T19:00:45.559153 - Final transform:
[[-0.99 -0.06  0.1   0.11]
 [ 0.01 -0.92 -0.38  0.04]
 [ 0.11 -0.38  0.92  0.79]
 [ 0.    0.    0.    1.  ]]
2025-04-17T19:00:45.559153 - Pose:
tensor([[[-0.9934, -0.0562,  0.1002,  0.1070],
         [ 0.0134, -0.9230, -0.3846,  0.0407],
         [ 0.1141, -0.3807,  0.9176,  0.7891],
         [ 0.0000,  0.0000,  0.0000,  1.0000]]])
2025-04-17T19:00:45.631117 - Final transform:
[[-0.99 -0.05  0.09  0.11]
 [ 0.01 -0.93 -0.38  0.04]
 [ 0.1  -0.37  0.92  0.79]
 [ 0.    0.    0.    1.  ]]
2025-04-17T19:00:45.631117 - Pose:
tensor([[[-0.9946, -0.0486,  0.0920,  0.1068],
         [ 0.0104, -0.9262, -0.3770,  0.0405],
         [ 0.1035, -0.3740,  0.9217,  0.7889],
         [ 0.0000,  0.0000,  0.0000,  1.0000]]])
2025-04-17T19:00:45.701358 - Final transform:
[[-1.   -0.05  0.08  0.11]
 [ 0.01 -0.93 -0.37  0.04]
 [ 0.1  -0.37  0.92  0.79]
 [ 0.    0.    0.    1.  ]]
2025-04-17T19:00:45.701358 - Pose:
tensor([[[-0.9954, -0.0462,  0.0841,  0.1066],
         [ 0.0114, -0.9271, -0.3745,  0.0402],
         [ 0.0953, -0.3719,  0.9234,  0.7886],
         [ 0.0000,  0.0000,  0.0000,  1.0000]]])
2025-04-17T19:00:45.771556 - Final transform:
[[-1.   -0.05  0.08  0.11]
 [ 0.01 -0.93 -0.38  0.04]
 [ 0.09 -0.37  0.92  0.79]
 [ 0.    0.    0.    1.  ]]
2025-04-17T19:00:45.771556 - Pose:
tensor([[[-0.9954, -0.0483,  0.0827,  0.1066],
         [ 0.0138, -0.9268, -0.3754,  0.0404],
         [ 0.0948, -0.3725,  0.9232,  0.7887],
         [ 0.0000,  0.0000,  0.0000,  1.0000]]])
2025-04-17T19:00:45.840364 - Final transform:
[[-0.99 -0.05  0.09  0.11]
 [ 0.01 -0.93 -0.38  0.04]
 [ 0.1  -0.37  0.92  0.79]
 [ 0.    0.    0.    1.  ]]
2025-04-17T19:00:45.840364 - Pose:
tensor([[[-0.9945, -0.0503,  0.0920,  0.1067],
         [ 0.0122, -0.9269, -0.3751,  0.0404],
         [ 0.1041, -0.3719,  0.9224,  0.7888],
         [ 0.0000,  0.0000,  0.0000,  1.0000]]])
2025-04-17T19:00:45.914996 - Final transform:
[[-0.99 -0.05  0.09  0.11]
 [ 0.01 -0.93 -0.37  0.04]
 [ 0.1  -0.37  0.92  0.79]
 [ 0.    0.    0.    1.  ]]
2025-04-17T19:00:45.914996 - Pose:
tensor([[[-0.9949, -0.0467,  0.0892,  0.1067],
         [ 0.0099, -0.9270, -0.3749,  0.0405],
         [ 0.1002, -0.3721,  0.9228,  0.7889],
         [ 0.0000,  0.0000,  0.0000,  1.0000]]])
2025-04-17T19:00:45.986242 - Final transform:
[[-0.99 -0.05  0.09  0.11]
 [ 0.01 -0.92 -0.38  0.04]
 [ 0.11 -0.38  0.92  0.79]
 [ 0.    0.    0.    1.  ]]
2025-04-17T19:00:45.986242 - Pose:
tensor([[[-0.9943, -0.0526,  0.0928,  0.1066],
         [ 0.0133, -0.9244, -0.3811,  0.0406],
         [ 0.1059, -0.3777,  0.9198,  0.7889],
         [ 0.0000,  0.0000,  0.0000,  1.0000]]])
2025-04-17T19:00:46.055709 - Final transform:
[[-0.99 -0.05  0.09  0.11]
 [ 0.01 -0.93 -0.37  0.04]
 [ 0.1  -0.37  0.92  0.79]
 [ 0.    0.    0.    1.  ]]
2025-04-17T19:00:46.055709 - Pose:
tensor([[[-0.9949, -0.0457,  0.0894,  0.1068],
         [ 0.0091, -0.9279, -0.3728,  0.0402],
         [ 0.1000, -0.3701,  0.9236,  0.7889],
         [ 0.0000,  0.0000,  0.0000,  1.0000]]])
2025-04-17T19:00:46.129770 - Final transform:
[[-0.99 -0.04  0.09  0.11]
 [ 0.01 -0.93 -0.37  0.04]
 [ 0.1  -0.37  0.93  0.79]
 [ 0.    0.    0.    1.  ]]
2025-04-17T19:00:46.129770 - Pose:
tensor([[[-0.9950, -0.0437,  0.0899,  0.1065],
         [ 0.0075, -0.9294, -0.3689,  0.0405],
         [ 0.0997, -0.3664,  0.9251,  0.7886],
         [ 0.0000,  0.0000,  0.0000,  1.0000]]])
2025-04-17T19:00:46.202127 - Final transform:
[[-0.99 -0.05  0.1   0.11]
 [ 0.01 -0.93 -0.38  0.04]
 [ 0.11 -0.37  0.92  0.79]
 [ 0.    0.    0.    1.  ]]
2025-04-17T19:00:46.202127 - Pose:
tensor([[[-0.9941, -0.0460,  0.0983,  0.1068],
         [ 0.0056, -0.9263, -0.3767,  0.0407],
         [ 0.1084, -0.3739,  0.9211,  0.7893],
         [ 0.0000,  0.0000,  0.0000,  1.0000]]])
2025-04-17T19:00:46.270592 - Final transform:
[[-1.   -0.05  0.09  0.11]
 [ 0.01 -0.93 -0.37  0.04]
 [ 0.1  -0.37  0.92  0.79]
 [ 0.    0.    0.    1.  ]]
2025-04-17T19:00:46.270592 - Pose:
tensor([[[-0.9950, -0.0456,  0.0886,  0.1068],
         [ 0.0092, -0.9273, -0.3741,  0.0404],
         [ 0.0992, -0.3714,  0.9231,  0.7888],
         [ 0.0000,  0.0000,  0.0000,  1.0000]]])
2025-04-17T19:00:46.340341 - Final transform:
[[-0.99 -0.04  0.09  0.11]
 [ 0.01 -0.93 -0.37  0.04]
 [ 0.1  -0.37  0.92  0.79]
 [ 0.    0.    0.    1.  ]]
2025-04-17T19:00:46.340341 - Pose:
tensor([[[-0.9946, -0.0449,  0.0938,  0.1067],
         [ 0.0065, -0.9270, -0.3750,  0.0406],
         [ 0.1038, -0.3724,  0.9223,  0.7891],
         [ 0.0000,  0.0000,  0.0000,  1.0000]]])
2025-04-17T19:00:46.413832 - Final transform:
[[-0.99 -0.05  0.1   0.11]
 [ 0.01 -0.92 -0.38  0.04]
 [ 0.11 -0.38  0.92  0.79]
 [ 0.    0.    0.    1.  ]]
2025-04-17T19:00:46.413832 - Pose:
tensor([[[-0.9938, -0.0542,  0.0969,  0.1070],
         [ 0.0133, -0.9245, -0.3810,  0.0403],
         [ 0.1103, -0.3773,  0.9195,  0.7893],
         [ 0.0000,  0.0000,  0.0000,  1.0000]]])
2025-04-17T19:00:46.483606 - Final transform:
[[-0.99 -0.06  0.11  0.11]
 [ 0.01 -0.93 -0.38  0.04]
 [ 0.12 -0.37  0.92  0.79]
 [ 0.    0.    0.    1.  ]]
2025-04-17T19:00:46.483606 - Pose:
tensor([[[-0.9923, -0.0554,  0.1107,  0.1070],
         [ 0.0096, -0.9260, -0.3773,  0.0408],
         [ 0.1234, -0.3734,  0.9194,  0.7891],
         [ 0.0000,  0.0000,  0.0000,  1.0000]]])
2025-04-17T19:00:46.551466 - Final transform:
[[-0.99 -0.04  0.1   0.11]
 [-0.   -0.93 -0.37  0.04]
 [ 0.11 -0.37  0.92  0.79]
 [ 0.    0.    0.    1.  ]]
2025-04-17T19:00:46.551466 - Pose:
tensor([[[-0.9937, -0.0405,  0.1041,  0.1066],
         [-0.0015, -0.9270, -0.3750,  0.0407],
         [ 0.1117, -0.3728,  0.9212,  0.7890],
         [ 0.0000,  0.0000,  0.0000,  1.0000]]])
2025-04-17T19:00:46.621237 - Final transform:
[[-0.99 -0.05  0.1   0.11]
 [ 0.01 -0.92 -0.39  0.04]
 [ 0.11 -0.38  0.92  0.79]
 [ 0.    0.    0.    1.  ]]
2025-04-17T19:00:46.621237 - Pose:
tensor([[[-0.9937, -0.0543,  0.0982,  0.1072],
         [ 0.0121, -0.9218, -0.3875,  0.0406],
         [ 0.1115, -0.3838,  0.9166,  0.7888],
         [ 0.0000,  0.0000,  0.0000,  1.0000]]])
2025-04-17T19:00:46.692138 - Final transform:
[[-1.   -0.04  0.09  0.11]
 [ 0.01 -0.93 -0.38  0.04]
 [ 0.1  -0.37  0.92  0.79]
 [ 0.    0.    0.    1.  ]]
2025-04-17T19:00:46.692138 - Pose:
tensor([[[-0.9951, -0.0447,  0.0880,  0.1067],
         [ 0.0083, -0.9264, -0.3764,  0.0407],
         [ 0.0984, -0.3738,  0.9223,  0.7894],
         [ 0.0000,  0.0000,  0.0000,  1.0000]]])
2025-04-17T19:00:46.761835 - Final transform:
[[-0.99 -0.05  0.09  0.11]
 [ 0.01 -0.93 -0.38  0.04]
 [ 0.1  -0.38  0.92  0.79]
 [ 0.    0.    0.    1.  ]]
2025-04-17T19:00:46.761835 - Pose:
tensor([[[-0.9947, -0.0459,  0.0922,  0.1066],
         [ 0.0076, -0.9257, -0.3781,  0.0407],
         [ 0.1027, -0.3754,  0.9212,  0.7889],
         [ 0.0000,  0.0000,  0.0000,  1.0000]]])
2025-04-17T19:00:46.832966 - Final transform:
[[-0.99 -0.05  0.1   0.11]
 [ 0.01 -0.92 -0.39  0.04]
 [ 0.11 -0.38  0.92  0.79]
 [ 0.    0.    0.    1.  ]]
2025-04-17T19:00:46.832966 - Pose:
tensor([[[-0.9938, -0.0546,  0.0967,  0.1069],
         [ 0.0129, -0.9217, -0.3877,  0.0404],
         [ 0.1103, -0.3841,  0.9167,  0.7888],
         [ 0.0000,  0.0000,  0.0000,  1.0000]]])
2025-04-17T19:00:46.904919 - Final transform:
[[-0.99 -0.04  0.09  0.11]
 [ 0.   -0.93 -0.38  0.04]
 [ 0.1  -0.37  0.92  0.79]
 [ 0.    0.    0.    1.  ]]
2025-04-17T19:00:46.904919 - Pose:
tensor([[[-0.9948, -0.0399,  0.0933,  0.1067],
         [ 0.0020, -0.9269, -0.3753,  0.0404],
         [ 0.1014, -0.3731,  0.9222,  0.7890],
         [ 0.0000,  0.0000,  0.0000,  1.0000]]])
2025-04-17T19:00:46.974883 - Final transform:
[[-0.99 -0.05  0.1   0.11]
 [ 0.01 -0.92 -0.38  0.04]
 [ 0.11 -0.38  0.92  0.79]
 [ 0.    0.    0.    1.  ]]
2025-04-17T19:00:46.974883 - Pose:
tensor([[[-0.9940, -0.0521,  0.0962,  0.1067],
         [ 0.0113, -0.9235, -0.3835,  0.0405],
         [ 0.1089, -0.3802,  0.9185,  0.7891],
         [ 0.0000,  0.0000,  0.0000,  1.0000]]])
2025-04-17T19:00:47.044698 - Final transform:
[[-0.99 -0.05  0.09  0.11]
 [ 0.01 -0.93 -0.38  0.04]
 [ 0.1  -0.37  0.92  0.79]
 [ 0.    0.    0.    1.  ]]
2025-04-17T19:00:47.044698 - Pose:
tensor([[[-0.9949, -0.0465,  0.0900,  0.1068],
         [ 0.0093, -0.9266, -0.3759,  0.0404],
         [ 0.1009, -0.3731,  0.9223,  0.7890],
         [ 0.0000,  0.0000,  0.0000,  1.0000]]])
2025-04-17T19:00:47.113546 - Final transform:
[[-0.99 -0.05  0.1   0.11]
 [ 0.01 -0.93 -0.38  0.04]
 [ 0.11 -0.37  0.92  0.79]
 [ 0.    0.    0.    1.  ]]
2025-04-17T19:00:47.113546 - Pose:
tensor([[[-0.9940, -0.0527,  0.0961,  0.1067],
         [ 0.0126, -0.9258, -0.3777,  0.0405],
         [ 0.1088, -0.3743,  0.9209,  0.7888],
         [ 0.0000,  0.0000,  0.0000,  1.0000]]])
2025-04-17T19:00:47.184251 - Final transform:
[[-0.99 -0.05  0.09  0.11]
 [ 0.01 -0.93 -0.38  0.04]
 [ 0.11 -0.37  0.92  0.79]
 [ 0.    0.    0.    1.  ]]
2025-04-17T19:00:47.184251 - Pose:
tensor([[[-0.9941, -0.0529,  0.0946,  0.1068],
         [ 0.0134, -0.9262, -0.3768,  0.0406],
         [ 0.1076, -0.3733,  0.9214,  0.7894],
         [ 0.0000,  0.0000,  0.0000,  1.0000]]])
2025-04-17T19:00:47.254035 - Final transform:
[[-0.99 -0.05  0.09  0.11]
 [ 0.01 -0.93 -0.38  0.04]
 [ 0.11 -0.38  0.92  0.79]
 [ 0.    0.    0.    1.  ]]
2025-04-17T19:00:47.254035 - Pose:
tensor([[[-0.9943, -0.0489,  0.0943,  0.1066],
         [ 0.0096, -0.9254, -0.3789,  0.0404],
         [ 0.1058, -0.3759,  0.9206,  0.7888],
         [ 0.0000,  0.0000,  0.0000,  1.0000]]])
2025-04-17T19:00:47.325822 - Final transform:
[[-1.   -0.04  0.09  0.11]
 [ 0.01 -0.93 -0.38  0.04]
 [ 0.1  -0.37  0.92  0.79]
 [ 0.    0.    0.    1.  ]]
2025-04-17T19:00:47.325822 - Pose:
tensor([[[-0.9951, -0.0439,  0.0889,  0.1067],
         [ 0.0073, -0.9267, -0.3758,  0.0403],
         [ 0.0989, -0.3733,  0.9224,  0.7885],
         [ 0.0000,  0.0000,  0.0000,  1.0000]]])
2025-04-17T19:00:47.398269 - Final transform:
[[-1.   -0.05  0.09  0.11]
 [ 0.01 -0.93 -0.38  0.04]
 [ 0.1  -0.37  0.92  0.79]
 [ 0.    0.    0.    1.  ]]
2025-04-17T19:00:47.398269 - Pose:
tensor([[[-0.9951, -0.0458,  0.0877,  0.1067],
         [ 0.0093, -0.9259, -0.3776,  0.0406],
         [ 0.0985, -0.3749,  0.9218,  0.7889],
         [ 0.0000,  0.0000,  0.0000,  1.0000]]])
2025-04-17T19:00:47.466640 - Final transform:
[[-1.   -0.04  0.08  0.11]
 [ 0.01 -0.93 -0.37  0.04]
 [ 0.09 -0.37  0.92  0.79]
 [ 0.    0.    0.    1.  ]]
2025-04-17T19:00:47.466640 - Pose:
tensor([[[-0.9957, -0.0419,  0.0825,  0.1067],
         [ 0.0079, -0.9270, -0.3750,  0.0403],
         [ 0.0922, -0.3727,  0.9234,  0.7883],
         [ 0.0000,  0.0000,  0.0000,  1.0000]]])
2025-04-17T19:00:47.537058 - Final transform:
[[-0.99 -0.05  0.09  0.11]
 [ 0.01 -0.92 -0.38  0.04]
 [ 0.1  -0.38  0.92  0.79]
 [ 0.    0.    0.    1.  ]]
2025-04-17T19:00:47.537058 - Pose:
tensor([[[-0.9946, -0.0465,  0.0933,  0.1067],
         [ 0.0074, -0.9243, -0.3816,  0.0405],
         [ 0.1040, -0.3788,  0.9196,  0.7887],
         [ 0.0000,  0.0000,  0.0000,  1.0000]]])
2025-04-17T19:00:47.608753 - Final transform:
[[-0.99 -0.04  0.09  0.11]
 [ 0.01 -0.93 -0.38  0.04]
 [ 0.1  -0.38  0.92  0.79]
 [ 0.    0.    0.    1.  ]]
2025-04-17T19:00:47.608753 - Pose:
tensor([[[-0.9947, -0.0441,  0.0926,  0.1065],
         [ 0.0057, -0.9255, -0.3787,  0.0407],
         [ 0.1024, -0.3762,  0.9209,  0.7888],
         [ 0.0000,  0.0000,  0.0000,  1.0000]]])
2025-04-17T19:00:47.688866 - Final transform:
[[-1.   -0.05  0.09  0.11]
 [ 0.01 -0.92 -0.38  0.04]
 [ 0.1  -0.38  0.92  0.79]
 [ 0.    0.    0.    1.  ]]
2025-04-17T19:00:47.688866 - Pose:
tensor([[[-0.9951, -0.0464,  0.0875,  0.1065],
         [ 0.0093, -0.9232, -0.3842,  0.0404],
         [ 0.0986, -0.3815,  0.9191,  0.7889],
         [ 0.0000,  0.0000,  0.0000,  1.0000]]])
2025-04-17T19:00:47.757650 - Final transform:
[[-1.   -0.04  0.09  0.11]
 [ 0.01 -0.93 -0.38  0.04]
 [ 0.1  -0.37  0.92  0.79]
 [ 0.    0.    0.    1.  ]]
2025-04-17T19:00:47.757650 - Pose:
tensor([[[-0.9950, -0.0441,  0.0893,  0.1066],
         [ 0.0072, -0.9261, -0.3773,  0.0406],
         [ 0.0993, -0.3748,  0.9218,  0.7890],
         [ 0.0000,  0.0000,  0.0000,  1.0000]]])
2025-04-17T19:00:47.840987 - Final transform:
[[-0.99 -0.04  0.09  0.11]
 [ 0.01 -0.93 -0.37  0.04]
 [ 0.1  -0.37  0.92  0.79]
 [ 0.    0.    0.    1.  ]]
2025-04-17T19:00:47.840987 - Pose:
tensor([[[-0.9947, -0.0434,  0.0929,  0.1068],
         [ 0.0056, -0.9274, -0.3740,  0.0405],
         [ 0.1024, -0.3715,  0.9228,  0.7890],
         [ 0.0000,  0.0000,  0.0000,  1.0000]]])
2025-04-17T19:00:47.913368 - Final transform:
[[-1.   -0.05  0.09  0.11]
 [ 0.01 -0.92 -0.38  0.04]
 [ 0.1  -0.38  0.92  0.79]
 [ 0.    0.    0.    1.  ]]
2025-04-17T19:00:47.913368 - Pose:
tensor([[[-0.9952, -0.0473,  0.0857,  0.1066],
         [ 0.0112, -0.9249, -0.3800,  0.0401],
         [ 0.0972, -0.3772,  0.9210,  0.7888],
         [ 0.0000,  0.0000,  0.0000,  1.0000]]])
2025-04-17T19:00:47.982987 - Final transform:
[[-0.99 -0.05  0.09  0.11]
 [ 0.02 -0.93 -0.37  0.04]
 [ 0.1  -0.37  0.92  0.79]
 [ 0.    0.    0.    1.  ]]
2025-04-17T19:00:47.982987 - Pose:
tensor([[[-0.9945, -0.0539,  0.0894,  0.1067],
         [ 0.0167, -0.9278, -0.3728,  0.0405],
         [ 0.1030, -0.3693,  0.9236,  0.7889],
         [ 0.0000,  0.0000,  0.0000,  1.0000]]])
2025-04-17T19:00:48.054885 - Final transform:
[[-0.99 -0.05  0.09  0.11]
 [ 0.01 -0.93 -0.38  0.04]
 [ 0.1  -0.37  0.92  0.79]
 [ 0.    0.    0.    1.  ]]
2025-04-17T19:00:48.054885 - Pose:
tensor([[[-0.9948, -0.0484,  0.0901,  0.1065],
         [ 0.0108, -0.9260, -0.3774,  0.0405],
         [ 0.1017, -0.3744,  0.9217,  0.7888],
         [ 0.0000,  0.0000,  0.0000,  1.0000]]])
2025-04-17T19:00:48.125730 - Final transform:
[[-0.99 -0.05  0.1   0.11]
 [ 0.01 -0.93 -0.38  0.04]
 [ 0.11 -0.38  0.92  0.79]
 [ 0.    0.    0.    1.  ]]
2025-04-17T19:00:48.125730 - Pose:
tensor([[[-0.9942, -0.0468,  0.0968,  0.1067],
         [ 0.0067, -0.9256, -0.3785,  0.0405],
         [ 0.1073, -0.3756,  0.9205,  0.7890],
         [ 0.0000,  0.0000,  0.0000,  1.0000]]])
2025-04-17T19:00:48.194256 - Final transform:
[[-0.99 -0.05  0.1   0.11]
 [ 0.01 -0.93 -0.38  0.04]
 [ 0.11 -0.38  0.92  0.79]
 [ 0.    0.    0.    1.  ]]
2025-04-17T19:00:48.194256 - Pose:
tensor([[[-0.9942, -0.0457,  0.0973,  0.1069],
         [ 0.0053, -0.9251, -0.3798,  0.0404],
         [ 0.1074, -0.3771,  0.9199,  0.7890],
         [ 0.0000,  0.0000,  0.0000,  1.0000]]])
2025-04-17T19:00:48.262204 - Final transform:
[[-1.   -0.05  0.09  0.11]
 [ 0.02 -0.92 -0.38  0.04]
 [ 0.1  -0.38  0.92  0.79]
 [ 0.    0.    0.    1.  ]]
2025-04-17T19:00:48.262204 - Pose:
tensor([[[-0.9951, -0.0513,  0.0851,  0.1066],
         [ 0.0151, -0.9247, -0.3804,  0.0404],
         [ 0.0982, -0.3773,  0.9209,  0.7887],
         [ 0.0000,  0.0000,  0.0000,  1.0000]]])
2025-04-17T19:00:48.331182 - Final transform:
[[-0.99 -0.05  0.09  0.11]
 [ 0.01 -0.92 -0.38  0.04]
 [ 0.1  -0.38  0.92  0.79]
 [ 0.    0.    0.    1.  ]]
2025-04-17T19:00:48.331182 - Pose:
tensor([[[-0.9944, -0.0534,  0.0912,  0.1068],
         [ 0.0144, -0.9232, -0.3840,  0.0405],
         [ 0.1048, -0.3806,  0.9188,  0.7891],
         [ 0.0000,  0.0000,  0.0000,  1.0000]]])
2025-04-17T19:00:48.399429 - Final transform:
[[-1.   -0.05  0.08  0.11]
 [ 0.01 -0.93 -0.37  0.04]
 [ 0.1  -0.37  0.92  0.79]
 [ 0.    0.    0.    1.  ]]
2025-04-17T19:00:48.399429 - Pose:
tensor([[[-0.9954, -0.0466,  0.0840,  0.1065],
         [ 0.0118, -0.9271, -0.3745,  0.0404],
         [ 0.0953, -0.3718,  0.9234,  0.7886],
         [ 0.0000,  0.0000,  0.0000,  1.0000]]])
2025-04-17T19:00:48.469913 - Final transform:
[[-0.99 -0.05  0.09  0.11]
 [ 0.01 -0.92 -0.38  0.04]
 [ 0.1  -0.38  0.92  0.79]
 [ 0.    0.    0.    1.  ]]
2025-04-17T19:00:48.469913 - Pose:
tensor([[[-0.9946, -0.0513,  0.0898,  0.1067],
         [ 0.0129, -0.9232, -0.3842,  0.0405],
         [ 0.1026, -0.3809,  0.9189,  0.7887],
         [ 0.0000,  0.0000,  0.0000,  1.0000]]])
2025-04-17T19:00:48.538787 - Final transform:
[[-1.   -0.05  0.09  0.11]
 [ 0.01 -0.93 -0.37  0.04]
 [ 0.1  -0.37  0.92  0.79]
 [ 0.    0.    0.    1.  ]]
2025-04-17T19:00:48.538787 - Pose:
tensor([[[-0.9953, -0.0459,  0.0853,  0.1067],
         [ 0.0110, -0.9282, -0.3720,  0.0403],
         [ 0.0962, -0.3693,  0.9243,  0.7889],
         [ 0.0000,  0.0000,  0.0000,  1.0000]]])
2025-04-17T19:00:48.607203 - Final transform:
[[-1.   -0.05  0.08  0.11]
 [ 0.01 -0.92 -0.38  0.04]
 [ 0.09 -0.38  0.92  0.79]
 [ 0.    0.    0.    1.  ]]
2025-04-17T19:00:48.607203 - Pose:
tensor([[[-0.9955, -0.0452,  0.0827,  0.1067],
         [ 0.0101, -0.9237, -0.3829,  0.0402],
         [ 0.0937, -0.3804,  0.9201,  0.7888],
         [ 0.0000,  0.0000,  0.0000,  1.0000]]])
2025-04-17T19:00:48.676092 - Final transform:
[[-1.   -0.05  0.09  0.11]
 [ 0.01 -0.93 -0.38  0.04]
 [ 0.1  -0.38  0.92  0.79]
 [ 0.    0.    0.    1.  ]]
2025-04-17T19:00:48.676092 - Pose:
tensor([[[-0.9950, -0.0454,  0.0885,  0.1066],
         [ 0.0086, -0.9254, -0.3789,  0.0404],
         [ 0.0991, -0.3763,  0.9212,  0.7890],
         [ 0.0000,  0.0000,  0.0000,  1.0000]]])
2025-04-17T19:00:48.744947 - Final transform:
[[-1.   -0.04  0.09  0.11]
 [ 0.01 -0.93 -0.38  0.04]
 [ 0.1  -0.37  0.92  0.79]
 [ 0.    0.    0.    1.  ]]
2025-04-17T19:00:48.744947 - Pose:
tensor([[[-0.9954, -0.0409,  0.0867,  0.1066],
         [ 0.0054, -0.9270, -0.3751,  0.0403],
         [ 0.0957, -0.3729,  0.9229,  0.7889],
         [ 0.0000,  0.0000,  0.0000,  1.0000]]])
2025-04-17T19:00:48.814228 - Final transform:
[[-1.   -0.05  0.09  0.11]
 [ 0.01 -0.92 -0.38  0.04]
 [ 0.1  -0.38  0.92  0.79]
 [ 0.    0.    0.    1.  ]]
2025-04-17T19:00:48.814228 - Pose:
tensor([[[-0.9951, -0.0470,  0.0867,  0.1067],
         [ 0.0103, -0.9239, -0.3824,  0.0404],
         [ 0.0980, -0.3797,  0.9199,  0.7890],
         [ 0.0000,  0.0000,  0.0000,  1.0000]]])
2025-04-17T19:00:48.881194 - Final transform:
[[-1.   -0.04  0.08  0.11]
 [ 0.01 -0.93 -0.37  0.04]
 [ 0.09 -0.37  0.92  0.79]
 [ 0.    0.    0.    1.  ]]
2025-04-17T19:00:48.881194 - Pose:
tensor([[[-0.9955, -0.0449,  0.0838,  0.1065],
         [ 0.0104, -0.9276, -0.3735,  0.0404],
         [ 0.0945, -0.3709,  0.9239,  0.7884],
         [ 0.0000,  0.0000,  0.0000,  1.0000]]])
2025-04-17T19:00:48.949732 - Final transform:
[[-0.99 -0.05  0.09  0.11]
 [ 0.01 -0.92 -0.38  0.04]
 [ 0.11 -0.38  0.92  0.79]
 [ 0.    0.    0.    1.  ]]
2025-04-17T19:00:48.949732 - Pose:
tensor([[[-0.9943, -0.0526,  0.0925,  0.1068],
         [ 0.0132, -0.9234, -0.3837,  0.0403],
         [ 0.1056, -0.3803,  0.9188,  0.7890],
         [ 0.0000,  0.0000,  0.0000,  1.0000]]])
2025-04-17T19:00:49.018343 - Final transform:
[[-0.99 -0.05  0.09  0.11]
 [ 0.02 -0.93 -0.38  0.04]
 [ 0.1  -0.37  0.92  0.79]
 [ 0.    0.    0.    1.  ]]
2025-04-17T19:00:49.018343 - Pose:
tensor([[[-0.9947, -0.0542,  0.0878,  0.1068],
         [ 0.0170, -0.9255, -0.3785,  0.0406],
         [ 0.1018, -0.3749,  0.9214,  0.7891],
         [ 0.0000,  0.0000,  0.0000,  1.0000]]])
2025-04-17T19:00:49.088108 - Final transform:
[[-0.99 -0.05  0.09  0.11]
 [ 0.01 -0.92 -0.38  0.04]
 [ 0.1  -0.38  0.92  0.79]
 [ 0.    0.    0.    1.  ]]
2025-04-17T19:00:49.088108 - Pose:
tensor([[[-0.9947, -0.0518,  0.0887,  0.1066],
         [ 0.0143, -0.9248, -0.3802,  0.0404],
         [ 0.1017, -0.3769,  0.9206,  0.7886],
         [ 0.0000,  0.0000,  0.0000,  1.0000]]])
2025-04-17T19:00:49.159531 - Final transform:
[[-0.99 -0.05  0.1   0.11]
 [ 0.01 -0.93 -0.38  0.04]
 [ 0.11 -0.37  0.92  0.79]
 [ 0.    0.    0.    1.  ]]
2025-04-17T19:00:49.159531 - Pose:
tensor([[[-0.9943, -0.0486,  0.0953,  0.1066],
         [ 0.0093, -0.9267, -0.3757,  0.0405],
         [ 0.1066, -0.3726,  0.9218,  0.7887],
         [ 0.0000,  0.0000,  0.0000,  1.0000]]])
2025-04-17T19:00:49.227750 - Final transform:
[[-0.99 -0.05  0.09  0.11]
 [ 0.01 -0.92 -0.38  0.04]
 [ 0.1  -0.38  0.92  0.79]
 [ 0.    0.    0.    1.  ]]
2025-04-17T19:00:49.227750 - Pose:
tensor([[[-0.9945, -0.0532,  0.0906,  0.1067],
         [ 0.0148, -0.9247, -0.3804,  0.0404],
         [ 0.1040, -0.3770,  0.9204,  0.7889],
         [ 0.0000,  0.0000,  0.0000,  1.0000]]])
2025-04-17T19:00:49.297136 - Final transform:
[[-0.99 -0.05  0.09  0.11]
 [ 0.01 -0.92 -0.39  0.04]
 [ 0.1  -0.38  0.92  0.79]
 [ 0.    0.    0.    1.  ]]
2025-04-17T19:00:49.297136 - Pose:
tensor([[[-0.9949, -0.0485,  0.0884,  0.1069],
         [ 0.0108, -0.9228, -0.3852,  0.0402],
         [ 0.1003, -0.3822,  0.9186,  0.7892],
         [ 0.0000,  0.0000,  0.0000,  1.0000]]])
2025-04-17T19:00:49.367059 - Final transform:
[[-0.99 -0.06  0.11  0.11]
 [ 0.01 -0.93 -0.38  0.04]
 [ 0.12 -0.37  0.92  0.79]
 [ 0.    0.    0.    1.  ]]
2025-04-17T19:00:49.367059 - Pose:
tensor([[[-0.9925, -0.0578,  0.1078,  0.1071],
         [ 0.0129, -0.9258, -0.3778,  0.0406],
         [ 0.1216, -0.3736,  0.9196,  0.7890],
         [ 0.0000,  0.0000,  0.0000,  1.0000]]])
2025-04-17T19:00:49.436231 - Final transform:
[[-1.   -0.05  0.09  0.11]
 [ 0.01 -0.92 -0.38  0.04]
 [ 0.1  -0.38  0.92  0.79]
 [ 0.    0.    0.    1.  ]]
2025-04-17T19:00:49.436231 - Pose:
tensor([[[-0.9952, -0.0461,  0.0864,  0.1066],
         [ 0.0098, -0.9246, -0.3807,  0.0407],
         [ 0.0974, -0.3780,  0.9207,  0.7889],
         [ 0.0000,  0.0000,  0.0000,  1.0000]]])
2025-04-17T19:00:49.508471 - Final transform:
[[-1.   -0.05  0.08  0.11]
 [ 0.01 -0.93 -0.37  0.04]
 [ 0.09 -0.37  0.92  0.79]
 [ 0.    0.    0.    1.  ]]
2025-04-17T19:00:49.508471 - Pose:
tensor([[[-0.9955, -0.0480,  0.0819,  0.1067],
         [ 0.0139, -0.9271, -0.3746,  0.0406],
         [ 0.0940, -0.3718,  0.9235,  0.7889],
         [ 0.0000,  0.0000,  0.0000,  1.0000]]])
2025-04-17T19:00:49.578704 - Final transform:
[[-0.99 -0.05  0.09  0.11]
 [ 0.01 -0.93 -0.38  0.04]
 [ 0.1  -0.37  0.92  0.79]
 [ 0.    0.    0.    1.  ]]
2025-04-17T19:00:49.578704 - Pose:
tensor([[[-0.9949, -0.0480,  0.0887,  0.1067],
         [ 0.0110, -0.9258, -0.3779,  0.0407],
         [ 0.1002, -0.3750,  0.9216,  0.7890],
         [ 0.0000,  0.0000,  0.0000,  1.0000]]])
2025-04-17T19:00:49.645162 - Final transform:
[[-0.99 -0.05  0.09  0.11]
 [ 0.01 -0.93 -0.38  0.04]
 [ 0.1  -0.38  0.92  0.79]
 [ 0.    0.    0.    1.  ]]
2025-04-17T19:00:49.645162 - Pose:
tensor([[[-0.9946, -0.0508,  0.0901,  0.1067],
         [ 0.0128, -0.9250, -0.3797,  0.0406],
         [ 0.1026, -0.3765,  0.9207,  0.7891],
         [ 0.0000,  0.0000,  0.0000,  1.0000]]])
2025-04-17T19:00:49.714301 - Final transform:
[[-0.99 -0.05  0.09  0.11]
 [ 0.01 -0.93 -0.38  0.04]
 [ 0.1  -0.37  0.92  0.79]
 [ 0.    0.    0.    1.  ]]
2025-04-17T19:00:49.714301 - Pose:
tensor([[[-0.9950, -0.0474,  0.0879,  0.1068],
         [ 0.0110, -0.9267, -0.3755,  0.0407],
         [ 0.0993, -0.3727,  0.9226,  0.7893],
         [ 0.0000,  0.0000,  0.0000,  1.0000]]])
2025-04-17T19:00:49.783850 - Final transform:
[[-0.99 -0.05  0.09  0.11]
 [ 0.01 -0.93 -0.38  0.04]
 [ 0.1  -0.37  0.92  0.79]
 [ 0.    0.    0.    1.  ]]
2025-04-17T19:00:49.783850 - Pose:
tensor([[[-0.9948, -0.0468,  0.0902,  0.1067],
         [ 0.0093, -0.9259, -0.3776,  0.0404],
         [ 0.1012, -0.3748,  0.9216,  0.7888],
         [ 0.0000,  0.0000,  0.0000,  1.0000]]])
2025-04-17T19:00:49.853001 - Final transform:
[[-0.99 -0.05  0.09  0.11]
 [ 0.01 -0.93 -0.37  0.04]
 [ 0.1  -0.37  0.92  0.79]
 [ 0.    0.    0.    1.  ]]
2025-04-17T19:00:49.853001 - Pose:
tensor([[[-0.9949, -0.0491,  0.0878,  0.1067],
         [ 0.0128, -0.9272, -0.3743,  0.0406],
         [ 0.0997, -0.3713,  0.9232,  0.7890],
         [ 0.0000,  0.0000,  0.0000,  1.0000]]])
2025-04-17T19:00:49.923462 - Final transform:
[[-0.99 -0.05  0.1   0.11]
 [ 0.01 -0.92 -0.38  0.04]
 [ 0.11 -0.38  0.92  0.79]
 [ 0.    0.    0.    1.  ]]
2025-04-17T19:00:49.923462 - Pose:
tensor([[[-0.9941, -0.0493,  0.0967,  0.1067],
         [ 0.0085, -0.9234, -0.3838,  0.0408],
         [ 0.1082, -0.3807,  0.9184,  0.7891],
         [ 0.0000,  0.0000,  0.0000,  1.0000]]])
2025-04-17T19:00:49.992555 - Final transform:
[[-1.   -0.04  0.09  0.11]
 [ 0.01 -0.93 -0.37  0.04]
 [ 0.1  -0.37  0.92  0.79]
 [ 0.    0.    0.    1.  ]]
2025-04-17T19:00:49.992555 - Pose:
tensor([[[-0.9953, -0.0414,  0.0881,  0.1069],
         [ 0.0055, -0.9274, -0.3740,  0.0403],
         [ 0.0972, -0.3717,  0.9233,  0.7892],
         [ 0.0000,  0.0000,  0.0000,  1.0000]]])
2025-04-17T19:00:50.061798 - Final transform:
[[-1.   -0.04  0.09  0.11]
 [ 0.01 -0.93 -0.38  0.04]
 [ 0.1  -0.37  0.92  0.79]
 [ 0.    0.    0.    1.  ]]
2025-04-17T19:00:50.061798 - Pose:
tensor([[[-0.9953, -0.0441,  0.0857,  0.1066],
         [ 0.0086, -0.9265, -0.3763,  0.0405],
         [ 0.0960, -0.3738,  0.9225,  0.7888],
         [ 0.0000,  0.0000,  0.0000,  1.0000]]])
2025-04-17T19:00:50.133995 - Final transform:
[[-1.   -0.05  0.08  0.11]
 [ 0.01 -0.92 -0.38  0.04]
 [ 0.1  -0.38  0.92  0.79]
 [ 0.    0.    0.    1.  ]]
2025-04-17T19:00:50.133995 - Pose:
tensor([[[-0.9953, -0.0487,  0.0837,  0.1065],
         [ 0.0130, -0.9233, -0.3838,  0.0405],
         [ 0.0960, -0.3809,  0.9196,  0.7888],
         [ 0.0000,  0.0000,  0.0000,  1.0000]]])
2025-04-17T19:00:50.205916 - Final transform:
[[-1.   -0.04  0.09  0.11]
 [ 0.01 -0.93 -0.37  0.04]
 [ 0.1  -0.37  0.92  0.79]
 [ 0.    0.    0.    1.  ]]
2025-04-17T19:00:50.205916 - Pose:
tensor([[[-0.9951, -0.0443,  0.0887,  0.1064],
         [ 0.0078, -0.9270, -0.3749,  0.0403],
         [ 0.0988, -0.3723,  0.9228,  0.7885],
         [ 0.0000,  0.0000,  0.0000,  1.0000]]])
2025-04-17T19:00:50.274291 - Final transform:
[[-0.99 -0.05  0.09  0.11]
 [ 0.01 -0.93 -0.37  0.04]
 [ 0.1  -0.37  0.92  0.79]
 [ 0.    0.    0.    1.  ]]
2025-04-17T19:00:50.274291 - Pose:
tensor([[[-0.9949, -0.0469,  0.0888,  0.1067],
         [ 0.0103, -0.9270, -0.3748,  0.0407],
         [ 0.0999, -0.3720,  0.9228,  0.7887],
         [ 0.0000,  0.0000,  0.0000,  1.0000]]])
2025-04-17T19:00:50.341188 - Final transform:
[[-1.   -0.05  0.08  0.11]
 [ 0.02 -0.92 -0.38  0.04]
 [ 0.09 -0.38  0.92  0.79]
 [ 0.    0.    0.    1.  ]]
2025-04-17T19:00:50.341188 - Pose:
tensor([[[-0.9954, -0.0505,  0.0817,  0.1067],
         [ 0.0154, -0.9233, -0.3837,  0.0402],
         [ 0.0948, -0.3807,  0.9198,  0.7886],
         [ 0.0000,  0.0000,  0.0000,  1.0000]]])
2025-04-17T19:00:50.410249 - Final transform:
[[-0.99 -0.06  0.09  0.11]
 [ 0.02 -0.92 -0.38  0.04]
 [ 0.11 -0.38  0.92  0.79]
 [ 0.    0.    0.    1.  ]]
2025-04-17T19:00:50.410249 - Pose:
tensor([[[-0.9942, -0.0556,  0.0919,  0.1068],
         [ 0.0166, -0.9249, -0.3799,  0.0406],
         [ 0.1061, -0.3762,  0.9204,  0.7888],
         [ 0.0000,  0.0000,  0.0000,  1.0000]]])
2025-04-17T19:00:50.487534 - Final transform:
[[-0.99 -0.05  0.09  0.11]
 [ 0.01 -0.93 -0.38  0.04]
