2025-04-28T15:28:37.709857 - Final transform:
[[ 0.66 -0.03  0.75 -0.09]
 [-0.47 -0.79  0.39  0.11]
 [ 0.58 -0.61 -0.54  0.66]
 [ 0.    0.    0.    1.  ]]
2025-04-28T15:28:37.709857 - Pose:
tensor([[[ 0.6647, -0.0294,  0.7465, -0.0303],
         [-0.4688, -0.7944,  0.3862,  0.0800],
         [ 0.5816, -0.6067, -0.5418,  0.7116],
         [ 0.0000,  0.0000,  0.0000,  1.0000]]])
2025-04-28T15:28:37.797972 - Final transform:
[[ 0.7  -0.03  0.72 -0.09]
 [-0.45 -0.8   0.4   0.11]
 [ 0.56 -0.6  -0.57  0.66]
 [ 0.    0.    0.    1.  ]]
2025-04-28T15:28:37.797972 - Pose:
tensor([[[ 0.6983, -0.0332,  0.7151, -0.0300],
         [-0.4499, -0.7973,  0.4024,  0.0801],
         [ 0.5568, -0.6027, -0.5716,  0.7115],
         [ 0.0000,  0.0000,  0.0000,  1.0000]]])
2025-04-28T15:28:37.875217 - Final transform:
[[ 0.71 -0.03  0.7  -0.09]
 [-0.44 -0.8   0.41  0.11]
 [ 0.55 -0.6  -0.58  0.66]
 [ 0.    0.    0.    1.  ]]
2025-04-28T15:28:37.875217 - Pose:
tensor([[[ 0.7122, -0.0256,  0.7016, -0.0301],
         [-0.4358, -0.7996,  0.4132,  0.0801],
         [ 0.5504, -0.6000, -0.5806,  0.7122],
         [ 0.0000,  0.0000,  0.0000,  1.0000]]])
2025-04-28T15:28:37.941079 - Final transform:
[[ 0.72 -0.03  0.69 -0.09]
 [-0.43 -0.8   0.42  0.11]
 [ 0.54 -0.6  -0.59  0.66]
 [ 0.    0.    0.    1.  ]]
2025-04-28T15:28:37.941079 - Pose:
tensor([[[ 0.7218, -0.0289,  0.6915, -0.0299],
         [-0.4312, -0.8004,  0.4166,  0.0801],
         [ 0.5414, -0.5988, -0.5902,  0.7121],
         [ 0.0000,  0.0000,  0.0000,  1.0000]]])
2025-04-28T15:28:38.015134 - Final transform:
[[ 0.73 -0.03  0.68 -0.09]
 [-0.43 -0.8   0.42  0.11]
 [ 0.53 -0.6  -0.59  0.66]
 [ 0.    0.    0.    1.  ]]
2025-04-28T15:28:38.015134 - Pose:
tensor([[[ 0.7297, -0.0285,  0.6832, -0.0300],
         [-0.4282, -0.7980,  0.4240,  0.0803],
         [ 0.5331, -0.6020, -0.5945,  0.7120],
         [ 0.0000,  0.0000,  0.0000,  1.0000]]])
2025-04-28T15:28:38.085747 - Final transform:
[[ 0.73 -0.03  0.68 -0.09]
 [-0.43 -0.8   0.42  0.11]
 [ 0.53 -0.6  -0.59  0.66]
 [ 0.    0.    0.    1.  ]]
2025-04-28T15:28:38.085747 - Pose:
tensor([[[ 0.7295, -0.0278,  0.6834, -0.0300],
         [-0.4275, -0.7985,  0.4238,  0.0803],
         [ 0.5340, -0.6013, -0.5944,  0.7120],
         [ 0.0000,  0.0000,  0.0000,  1.0000]]])
2025-04-28T15:28:38.154171 - Final transform:
[[ 0.73 -0.03  0.68 -0.09]
 [-0.43 -0.8   0.43  0.11]
 [ 0.53 -0.6  -0.59  0.66]
 [ 0.    0.    0.    1.  ]]
2025-04-28T15:28:38.154171 - Pose:
tensor([[[ 0.7292, -0.0258,  0.6838, -0.0300],
         [-0.4282, -0.7966,  0.4267,  0.0796],
         [ 0.5337, -0.6040, -0.5919,  0.7117],
         [ 0.0000,  0.0000,  0.0000,  1.0000]]])
2025-04-28T15:28:38.222907 - Final transform:
[[ 0.72 -0.03  0.69 -0.09]
 [-0.43 -0.8   0.42  0.11]
 [ 0.54 -0.6  -0.59  0.66]
 [ 0.    0.    0.    1.  ]]
2025-04-28T15:28:38.222907 - Pose:
tensor([[[ 0.7233, -0.0304,  0.6898, -0.0299],
         [-0.4342, -0.7969,  0.4201,  0.0792],
         [ 0.5369, -0.6034, -0.5896,  0.7111],
         [ 0.0000,  0.0000,  0.0000,  1.0000]]])
2025-04-28T15:28:38.305582 - Final transform:
[[ 0.72 -0.03  0.7  -0.09]
 [-0.43 -0.8   0.42  0.11]
 [ 0.55 -0.6  -0.58  0.66]
 [ 0.    0.    0.    1.  ]]
2025-04-28T15:28:38.305582 - Pose:
tensor([[[ 0.7158, -0.0256,  0.6979, -0.0299],
         [-0.4349, -0.7983,  0.4167,  0.0797],
         [ 0.5464, -0.6018, -0.5825,  0.7120],
         [ 0.0000,  0.0000,  0.0000,  1.0000]]])
2025-04-28T15:28:38.375715 - Final transform:
[[ 0.72 -0.03  0.7  -0.09]
 [-0.43 -0.8   0.41  0.11]
 [ 0.55 -0.6  -0.59  0.66]
 [ 0.    0.    0.    1.  ]]
2025-04-28T15:28:38.375715 - Pose:
tensor([[[ 0.7169, -0.0265,  0.6967, -0.0300],
         [-0.4320, -0.8012,  0.4141,  0.0803],
         [ 0.5472, -0.5979, -0.5858,  0.7119],
         [ 0.0000,  0.0000,  0.0000,  1.0000]]])
2025-04-28T15:28:38.442875 - Final transform:
[[ 0.71 -0.03  0.7  -0.09]
 [-0.44 -0.8   0.42  0.11]
 [ 0.55 -0.6  -0.58  0.66]
 [ 0.    0.    0.    1.  ]]
2025-04-28T15:28:38.442875 - Pose:
tensor([[[ 0.7149, -0.0258,  0.6987, -0.0304],
         [-0.4367, -0.7969,  0.4174,  0.0790],
         [ 0.5461, -0.6036, -0.5810,  0.7115],
         [ 0.0000,  0.0000,  0.0000,  1.0000]]])
2025-04-28T15:28:38.515993 - Final transform:
[[ 0.71 -0.03  0.7  -0.09]
 [-0.44 -0.8   0.41  0.11]
 [ 0.55 -0.6  -0.58  0.66]
 [ 0.    0.    0.    1.  ]]
2025-04-28T15:28:38.515993 - Pose:
tensor([[[ 0.7129, -0.0302,  0.7006, -0.0300],
         [-0.4367, -0.8008,  0.4098,  0.0801],
         [ 0.5487, -0.5981, -0.5841,  0.7122],
         [ 0.0000,  0.0000,  0.0000,  1.0000]]])
2025-04-28T15:28:38.584809 - Final transform:
[[ 0.72 -0.03  0.69 -0.09]
 [-0.43 -0.8   0.42  0.11]
 [ 0.54 -0.6  -0.59  0.66]
 [ 0.    0.    0.    1.  ]]
2025-04-28T15:28:38.584809 - Pose:
tensor([[[ 0.7244, -0.0292,  0.6888, -0.0300],
         [-0.4324, -0.7974,  0.4210,  0.0793],
         [ 0.5369, -0.6028, -0.5902,  0.7119],
         [ 0.0000,  0.0000,  0.0000,  1.0000]]])
2025-04-28T15:28:38.654323 - Final transform:
[[ 0.73 -0.03  0.69 -0.09]
 [-0.43 -0.8   0.42  0.11]
 [ 0.54 -0.6  -0.59  0.66]
 [ 0.    0.    0.    1.  ]]
2025-04-28T15:28:38.654323 - Pose:
tensor([[[ 0.7266, -0.0298,  0.6864, -0.0300],
         [-0.4295, -0.7994,  0.4201,  0.0795],
         [ 0.5362, -0.6001, -0.5937,  0.7116],
         [ 0.0000,  0.0000,  0.0000,  1.0000]]])
2025-04-28T15:28:38.729075 - Final transform:
[[ 0.73 -0.03  0.69 -0.09]
 [-0.43 -0.8   0.42  0.11]
 [ 0.54 -0.6  -0.6   0.66]
 [ 0.    0.    0.    1.  ]]
2025-04-28T15:28:38.729075 - Pose:
tensor([[[ 0.7275, -0.0302,  0.6854, -0.0300],
         [-0.4277, -0.8012,  0.4186,  0.0798],
         [ 0.5365, -0.5977, -0.5958,  0.7120],
         [ 0.0000,  0.0000,  0.0000,  1.0000]]])
2025-04-28T15:28:38.795452 - Final transform:
[[ 0.74 -0.03  0.68 -0.09]
 [-0.43 -0.8   0.43  0.11]
 [ 0.53 -0.6  -0.6   0.66]
 [ 0.    0.    0.    1.  ]]
2025-04-28T15:28:38.795452 - Pose:
tensor([[[ 0.7359, -0.0315,  0.6764, -0.0298],
         [-0.4270, -0.7969,  0.4274,  0.0795],
         [ 0.5255, -0.6033, -0.5999,  0.7116],
         [ 0.0000,  0.0000,  0.0000,  1.0000]]])
2025-04-28T15:28:38.863849 - Final transform:
[[ 0.73 -0.03  0.68 -0.09]
 [-0.43 -0.8   0.43  0.11]
 [ 0.53 -0.6  -0.6   0.66]
 [ 0.    0.    0.    1.  ]]
2025-04-28T15:28:38.863849 - Pose:
tensor([[[ 0.7335, -0.0304,  0.6791, -0.0299],
         [-0.4268, -0.7981,  0.4253,  0.0795],
         [ 0.5290, -0.6018, -0.5983,  0.7109],
         [ 0.0000,  0.0000,  0.0000,  1.0000]]])
2025-04-28T15:28:38.933243 - Final transform:
[[ 0.73 -0.04  0.68 -0.09]
 [-0.43 -0.8   0.42  0.11]
 [ 0.53 -0.6  -0.6   0.66]
 [ 0.    0.    0.    1.  ]]
2025-04-28T15:28:38.933243 - Pose:
tensor([[[ 0.7322, -0.0358,  0.6802, -0.0299],
         [-0.4304, -0.7983,  0.4213,  0.0794],
         [ 0.5279, -0.6012, -0.5999,  0.7111],
         [ 0.0000,  0.0000,  0.0000,  1.0000]]])
2025-04-28T15:28:38.999112 - Final transform:
[[ 0.71 -0.03  0.7  -0.09]
 [-0.44 -0.8   0.41  0.11]
 [ 0.55 -0.6  -0.58  0.66]
 [ 0.    0.    0.    1.  ]]
2025-04-28T15:28:38.999112 - Pose:
tensor([[[ 0.7116, -0.0293,  0.7020, -0.0298],
         [-0.4387, -0.7990,  0.4113,  0.0798],
         [ 0.5488, -0.6007, -0.5814,  0.7112],
         [ 0.0000,  0.0000,  0.0000,  1.0000]]])
2025-04-28T15:28:39.066390 - Final transform:
[[ 0.67 -0.03  0.75 -0.09]
 [-0.47 -0.79  0.39  0.11]
 [ 0.58 -0.61 -0.54  0.66]
 [ 0.    0.    0.    1.  ]]
2025-04-28T15:28:39.066390 - Pose:
tensor([[[ 0.6652, -0.0257,  0.7462, -0.0305],
         [-0.4667, -0.7944,  0.3887,  0.0790],
         [ 0.5828, -0.6068, -0.5404,  0.7109],
         [ 0.0000,  0.0000,  0.0000,  1.0000]]])
2025-04-28T15:28:39.143005 - Final transform:
[[ 0.68 -0.03  0.74 -0.09]
 [-0.46 -0.8   0.39  0.11]
 [ 0.58 -0.6  -0.55  0.66]
 [ 0.    0.    0.    1.  ]]
2025-04-28T15:28:39.143005 - Pose:
tensor([[[ 0.6750, -0.0302,  0.7372, -0.0302],
         [-0.4596, -0.7988,  0.3882,  0.0797],
         [ 0.5772, -0.6008, -0.5531,  0.7109],
         [ 0.0000,  0.0000,  0.0000,  1.0000]]])
2025-04-28T15:28:39.211816 - Final transform:
[[ 0.68 -0.04  0.73 -0.09]
 [-0.46 -0.8   0.39  0.11]
 [ 0.57 -0.6  -0.56  0.66]
 [ 0.    0.    0.    1.  ]]
2025-04-28T15:28:39.211816 - Pose:
tensor([[[ 0.6840, -0.0355,  0.7286, -0.0303],
         [-0.4574, -0.7989,  0.3905,  0.0795],
         [ 0.5682, -0.6004, -0.5627,  0.7108],
         [ 0.0000,  0.0000,  0.0000,  1.0000]]])
2025-04-28T15:28:39.280801 - Final transform:
[[ 0.66 -0.04  0.75 -0.09]
 [-0.47 -0.8   0.37  0.11]
 [ 0.59 -0.6  -0.54  0.66]
 [ 0.    0.    0.    1.  ]]
2025-04-28T15:28:39.280801 - Pose:
tensor([[[ 0.6558, -0.0389,  0.7540, -0.0316],
         [-0.4725, -0.8001,  0.3696,  0.0787],
         [ 0.5888, -0.5986, -0.5431,  0.7108],
         [ 0.0000,  0.0000,  0.0000,  1.0000]]])
2025-04-28T15:28:39.350115 - Final transform:
[[ 0.67 -0.06  0.74 -0.09]
 [-0.46 -0.82  0.34  0.1 ]
 [ 0.59 -0.57 -0.58  0.66]
 [ 0.    0.    0.    1.  ]]
2025-04-28T15:28:39.350115 - Pose:
tensor([[[ 0.6692, -0.0627,  0.7404, -0.0308],
         [-0.4572, -0.8202,  0.3438,  0.0719],
         [ 0.5858, -0.5686, -0.5776,  0.7083],
         [ 0.0000,  0.0000,  0.0000,  1.0000]]])
2025-04-28T15:28:39.419449 - Final transform:
[[ 0.67 -0.06  0.74 -0.09]
 [-0.45 -0.83  0.34  0.1 ]
 [ 0.6  -0.56 -0.58  0.65]
 [ 0.    0.    0.    1.  ]]
2025-04-28T15:28:39.419449 - Pose:
tensor([[[ 0.6655, -0.0566,  0.7442, -0.0306],
         [-0.4501, -0.8259,  0.3397,  0.0716],
         [ 0.5954, -0.5610, -0.5751,  0.7075],
         [ 0.0000,  0.0000,  0.0000,  1.0000]]])
2025-04-28T15:28:39.488304 - Final transform:
[[ 0.66 -0.06  0.75 -0.09]
 [-0.45 -0.83  0.33  0.1 ]
 [ 0.6  -0.56 -0.57  0.65]
 [ 0.    0.    0.    1.  ]]
2025-04-28T15:28:39.488304 - Pose:
tensor([[[ 0.6561, -0.0595,  0.7523, -0.0312],
         [-0.4521, -0.8292,  0.3287,  0.0722],
         [ 0.6043, -0.5558, -0.5709,  0.7091],
         [ 0.0000,  0.0000,  0.0000,  1.0000]]])
2025-04-28T15:28:39.560762 - Final transform:
[[ 0.65 -0.05  0.76 -0.08]
 [-0.46 -0.83  0.33  0.1 ]
 [ 0.61 -0.56 -0.56  0.65]
 [ 0.    0.    0.    1.  ]]
2025-04-28T15:28:39.560762 - Pose:
tensor([[[ 0.6493, -0.0546,  0.7586, -0.0304],
         [-0.4566, -0.8257,  0.3314,  0.0727],
         [ 0.6082, -0.5615, -0.5610,  0.7088],
         [ 0.0000,  0.0000,  0.0000,  1.0000]]])
2025-04-28T15:28:39.629582 - Final transform:
[[ 0.67 -0.06  0.74 -0.09]
 [-0.44 -0.83  0.34  0.1 ]
 [ 0.59 -0.55 -0.59  0.65]
 [ 0.    0.    0.    1.  ]]
2025-04-28T15:28:39.629582 - Pose:
tensor([[[ 0.6745, -0.0583,  0.7360, -0.0311],
         [-0.4396, -0.8326,  0.3369,  0.0716],
         [ 0.5932, -0.5508, -0.5872,  0.7080],
         [ 0.0000,  0.0000,  0.0000,  1.0000]]])
2025-04-28T15:28:39.702329 - Final transform:
[[ 0.69 -0.04  0.72 -0.09]
 [-0.42 -0.84  0.35  0.1 ]
 [ 0.59 -0.54 -0.6   0.66]
 [ 0.    0.    0.    1.  ]]
2025-04-28T15:28:39.702329 - Pose:
tensor([[[ 0.6887, -0.0441,  0.7237, -0.0318],
         [-0.4173, -0.8403,  0.3459,  0.0735],
         [ 0.5929, -0.5403, -0.5972,  0.7113],
         [ 0.0000,  0.0000,  0.0000,  1.0000]]])
2025-04-28T15:28:39.775082 - Final transform:
[[ 0.73 -0.03  0.68 -0.1 ]
 [-0.4  -0.83  0.39  0.1 ]
 [ 0.55 -0.56 -0.62  0.66]
 [ 0.    0.    0.    1.  ]]
2025-04-28T15:28:39.775082 - Pose:
tensor([[[ 0.7287, -0.0315,  0.6841, -0.0353],
         [-0.4017, -0.8287,  0.3898,  0.0738],
         [ 0.5547, -0.5589, -0.6165,  0.7150],
         [ 0.0000,  0.0000,  0.0000,  1.0000]]])
2025-04-28T15:28:39.847929 - Final transform:
[[ 0.72 -0.02  0.69 -0.1 ]
 [-0.4  -0.83  0.39  0.1 ]
 [ 0.56 -0.56 -0.61  0.67]
 [ 0.    0.    0.    1.  ]]
2025-04-28T15:28:39.847929 - Pose:
tensor([[[ 0.7219, -0.0242,  0.6916, -0.0414],
         [-0.4006, -0.8295,  0.3891,  0.0717],
         [ 0.5643, -0.5579, -0.6085,  0.7178],
         [ 0.0000,  0.0000,  0.0000,  1.0000]]])
2025-04-28T15:28:39.918249 - Final transform:
[[ 0.74 -0.02  0.67 -0.11]
 [-0.39 -0.83  0.41  0.1 ]
 [ 0.55 -0.56 -0.62  0.67]
 [ 0.    0.    0.    1.  ]]
2025-04-28T15:28:39.918249 - Pose:
tensor([[[ 0.7395, -0.0176,  0.6729, -0.0493],
         [-0.3903, -0.8257,  0.4073,  0.0722],
         [ 0.5484, -0.5639, -0.6175,  0.7230],
         [ 0.0000,  0.0000,  0.0000,  1.0000]]])
2025-04-28T15:28:39.986127 - Final transform:
[[ 0.73 -0.02  0.68 -0.12]
 [-0.39 -0.83  0.4   0.09]
 [ 0.56 -0.56 -0.61  0.68]
 [ 0.    0.    0.    1.  ]]
2025-04-28T15:28:39.986127 - Pose:
tensor([[[ 0.7336, -0.0173,  0.6793, -0.0551],
         [-0.3917, -0.8277,  0.4019,  0.0714],
         [ 0.5553, -0.5610, -0.6140,  0.7256],
         [ 0.0000,  0.0000,  0.0000,  1.0000]]])
2025-04-28T15:28:40.055081 - Final transform:
[[ 0.73 -0.01  0.68 -0.12]
 [-0.39 -0.83  0.4   0.09]
 [ 0.56 -0.56 -0.61  0.68]
 [ 0.    0.    0.    1.  ]]
2025-04-28T15:28:40.055081 - Pose:
tensor([[[ 0.7299, -0.0118,  0.6835, -0.0593],
         [-0.3894, -0.8290,  0.4015,  0.0699],
         [ 0.5619, -0.5592, -0.6096,  0.7266],
         [ 0.0000,  0.0000,  0.0000,  1.0000]]])
2025-04-28T15:28:40.123556 - Final transform:
[[ 0.74 -0.02  0.68 -0.12]
 [-0.38 -0.84  0.39  0.09]
 [ 0.56 -0.55 -0.62  0.68]
 [ 0.    0.    0.    1.  ]]
2025-04-28T15:28:40.123556 - Pose:
tensor([[[ 0.7360, -0.0207,  0.6767, -0.0623],
         [-0.3844, -0.8355,  0.3925,  0.0697],
         [ 0.5573, -0.5490, -0.6229,  0.7281],
         [ 0.0000,  0.0000,  0.0000,  1.0000]]])
2025-04-28T15:28:40.192688 - Final transform:
[[ 0.74 -0.03  0.67 -0.12]
 [-0.39 -0.83  0.39  0.09]
 [ 0.55 -0.55 -0.63  0.68]
 [ 0.    0.    0.    1.  ]]
2025-04-28T15:28:40.192688 - Pose:
tensor([[[ 0.7393, -0.0328,  0.6726, -0.0625],
         [-0.3920, -0.8331,  0.3902,  0.0690],
         [ 0.5476, -0.5521, -0.6288,  0.7272],
         [ 0.0000,  0.0000,  0.0000,  1.0000]]])
2025-04-28T15:28:40.260872 - Final transform:
[[ 0.76 -0.02  0.65 -0.12]
 [-0.38 -0.83  0.41  0.09]
 [ 0.53 -0.56 -0.64  0.68]
 [ 0.    0.    0.    1.  ]]
2025-04-28T15:28:40.260872 - Pose:
tensor([[[ 0.7569, -0.0244,  0.6531, -0.0620],
         [-0.3805, -0.8290,  0.4100,  0.0707],
         [ 0.5313, -0.5588, -0.6367,  0.7283],
         [ 0.0000,  0.0000,  0.0000,  1.0000]]])
2025-04-28T15:28:40.332196 - Final transform:
[[ 0.77 -0.04  0.64 -0.13]
 [-0.39 -0.82  0.42  0.09]
 [ 0.51 -0.57 -0.65  0.68]
 [ 0.    0.    0.    1.  ]]
2025-04-28T15:28:40.332196 - Pose:
tensor([[[ 0.7672, -0.0355,  0.6404, -0.0621],
         [-0.3857, -0.8233,  0.4164,  0.0707],
         [ 0.5125, -0.5665, -0.6454,  0.7282],
         [ 0.0000,  0.0000,  0.0000,  1.0000]]])
2025-04-28T15:28:40.406033 - Final transform:
[[ 0.81 -0.04  0.58 -0.13]
 [-0.37 -0.81  0.45  0.09]
 [ 0.45 -0.58 -0.68  0.68]
 [ 0.    0.    0.    1.  ]]
2025-04-28T15:28:40.406033 - Pose:
tensor([[[ 0.8125, -0.0441,  0.5813, -0.0624],
         [-0.3690, -0.8109,  0.4542,  0.0705],
         [ 0.4513, -0.5836, -0.6751,  0.7266],
         [ 0.0000,  0.0000,  0.0000,  1.0000]]])
2025-04-28T15:28:40.473547 - Final transform:
[[ 0.85 -0.05  0.52 -0.13]
 [-0.34 -0.81  0.48  0.09]
 [ 0.4  -0.58 -0.71  0.69]
 [ 0.    0.    0.    1.  ]]
2025-04-28T15:28:40.473547 - Pose:
tensor([[[ 0.8539, -0.0475,  0.5183, -0.0621],
         [-0.3366, -0.8099,  0.4803,  0.0702],
         [ 0.3970, -0.5846, -0.7076,  0.7278],
         [ 0.0000,  0.0000,  0.0000,  1.0000]]])
2025-04-28T15:28:40.541698 - Final transform:
[[ 0.84 -0.04  0.54 -0.13]
 [-0.35 -0.8   0.48  0.09]
 [ 0.42 -0.6  -0.69  0.69]
 [ 0.    0.    0.    1.  ]]
2025-04-28T15:28:40.541698 - Pose:
tensor([[[ 0.8383, -0.0379,  0.5439, -0.0654],
         [-0.3506, -0.8016,  0.4844,  0.0687],
         [ 0.4176, -0.5967, -0.6852,  0.7277],
         [ 0.0000,  0.0000,  0.0000,  1.0000]]])
2025-04-28T15:28:40.607921 - Final transform:
[[ 0.84 -0.05  0.53 -0.14]
 [-0.35 -0.81  0.47  0.09]
 [ 0.41 -0.58 -0.7   0.69]
 [ 0.    0.    0.    1.  ]]
2025-04-28T15:28:40.607921 - Pose:
tensor([[[ 0.8435, -0.0517,  0.5346, -0.0720],
         [-0.3479, -0.8110,  0.4704,  0.0672],
         [ 0.4093, -0.5828, -0.7021,  0.7294],
         [ 0.0000,  0.0000,  0.0000,  1.0000]]])
2025-04-28T15:28:40.675303 - Final transform:
[[ 0.87 -0.04  0.5  -0.14]
 [-0.31 -0.82  0.48  0.08]
 [ 0.39 -0.57 -0.73  0.69]
 [ 0.    0.    0.    1.  ]]
2025-04-28T15:28:40.675303 - Pose:
tensor([[[ 0.8664, -0.0364,  0.4981, -0.0723],
         [-0.3081, -0.8239,  0.4757,  0.0678],
         [ 0.3931, -0.5656, -0.7250,  0.7308],
         [ 0.0000,  0.0000,  0.0000,  1.0000]]])
2025-04-28T15:28:40.742397 - Final transform:
[[ 0.88 -0.04  0.48 -0.14]
 [-0.31 -0.81  0.5   0.09]
 [ 0.37 -0.59 -0.72  0.69]
 [ 0.    0.    0.    1.  ]]
2025-04-28T15:28:40.742397 - Pose:
tensor([[[ 0.8755, -0.0370,  0.4817, -0.0730],
         [-0.3094, -0.8087,  0.5002,  0.0684],
         [ 0.3711, -0.5870, -0.7195,  0.7304],
         [ 0.0000,  0.0000,  0.0000,  1.0000]]])
2025-04-28T15:28:40.809805 - Final transform:
[[ 0.91 -0.05  0.42 -0.15]
 [-0.29 -0.8   0.53  0.09]
 [ 0.31 -0.6  -0.74  0.7 ]
 [ 0.    0.    0.    1.  ]]
2025-04-28T15:28:40.809805 - Pose:
tensor([[[ 0.9074, -0.0485,  0.4175, -0.0733],
         [-0.2858, -0.7996,  0.5282,  0.0717],
         [ 0.3081, -0.5986, -0.7394,  0.7312],
         [ 0.0000,  0.0000,  0.0000,  1.0000]]])
2025-04-28T15:28:40.878056 - Final transform:
[[ 0.93 -0.03  0.36 -0.15]
 [-0.24 -0.8   0.56  0.08]
 [ 0.27 -0.61 -0.75  0.71]
 [ 0.    0.    0.    1.  ]]
2025-04-28T15:28:40.878056 - Pose:
tensor([[[ 0.9341, -0.0309,  0.3557, -0.0727],
         [-0.2386, -0.7951,  0.5576,  0.0730],
         [ 0.2656, -0.6057, -0.7500,  0.7324],
         [ 0.0000,  0.0000,  0.0000,  1.0000]]])
2025-04-28T15:28:40.945980 - Final transform:
[[ 0.95 -0.03  0.3  -0.15]
 [-0.21 -0.79  0.57  0.08]
 [ 0.22 -0.61 -0.76  0.71]
 [ 0.    0.    0.    1.  ]]
2025-04-28T15:28:40.945980 - Pose:
tensor([[[ 0.9526, -0.0278,  0.3029, -0.0728],
         [-0.2053, -0.7935,  0.5728,  0.0724],
         [ 0.2245, -0.6079, -0.7616,  0.7323],
         [ 0.0000,  0.0000,  0.0000,  1.0000]]])
2025-04-28T15:28:41.014353 - Final transform:
[[ 0.97 -0.03  0.23 -0.15]
 [-0.16 -0.79  0.59  0.08]
 [ 0.16 -0.61 -0.78  0.71]
 [ 0.    0.    0.    1.  ]]
2025-04-28T15:28:41.014353 - Pose:
tensor([[[ 0.9732, -0.0316,  0.2277, -0.0725],
         [-0.1629, -0.7935,  0.5864,  0.0724],
         [ 0.1621, -0.6078, -0.7774,  0.7322],
         [ 0.0000,  0.0000,  0.0000,  1.0000]]])
2025-04-28T15:28:41.081365 - Final transform:
[[ 0.99 -0.05  0.16 -0.15]
 [-0.14 -0.79  0.59  0.07]
 [ 0.1  -0.61 -0.79  0.72]
 [ 0.    0.    0.    1.  ]]
2025-04-28T15:28:41.081365 - Pose:
tensor([[[ 0.9855, -0.0523,  0.1617, -0.0723],
         [-0.1393, -0.7934,  0.5925,  0.0715],
         [ 0.0973, -0.6064, -0.7892,  0.7318],
         [ 0.0000,  0.0000,  0.0000,  1.0000]]])
2025-04-28T15:28:41.150221 - Final transform:
[[ 0.99 -0.06  0.1  -0.15]
 [-0.11 -0.79  0.6   0.07]
 [ 0.04 -0.61 -0.79  0.72]
 [ 0.    0.    0.    1.  ]]
2025-04-28T15:28:41.150221 - Pose:
tensor([[[ 0.9934, -0.0597,  0.0983, -0.0721],
         [-0.1073, -0.7895,  0.6043,  0.0714],
         [ 0.0415, -0.6108, -0.7907,  0.7325],
         [ 0.0000,  0.0000,  0.0000,  1.0000]]])
2025-04-28T15:28:41.215987 - Final transform:
[[ 1.   -0.07  0.04 -0.15]
 [-0.07 -0.79  0.61  0.07]
 [-0.01 -0.61 -0.79  0.73]
 [ 0.    0.    0.    1.  ]]
2025-04-28T15:28:41.215987 - Pose:
tensor([[[ 0.9971, -0.0658,  0.0371, -0.0721],
         [-0.0748, -0.7898,  0.6088,  0.0706],
         [-0.0108, -0.6099, -0.7924,  0.7314],
         [ 0.0000,  0.0000,  0.0000,  1.0000]]])
2025-04-28T15:28:41.284534 - Final transform:
[[ 1.    0.07  0.   -0.14]
 [ 0.06 -0.78  0.62  0.06]
 [ 0.05 -0.62 -0.79  0.72]
 [ 0.    0.    0.    1.  ]]
2025-04-28T15:28:41.284534 - Pose:
tensor([[[ 9.9727e-01,  7.3820e-02,  2.3231e-04, -6.0375e-02],
         [ 5.7865e-02, -7.8368e-01,  6.1847e-01,  7.0788e-02],
         [ 4.5837e-02, -6.1677e-01, -7.8581e-01,  7.2988e-01],
         [ 0.0000e+00,  0.0000e+00,  0.0000e+00,  1.0000e+00]]])
2025-04-28T15:28:41.355483 - Final transform:
[[ 0.96  0.29  0.01 -0.11]
 [ 0.2  -0.69  0.7   0.05]
 [ 0.21 -0.66 -0.72  0.7 ]
 [ 0.    0.    0.    1.  ]]
2025-04-28T15:28:41.355483 - Pose:
tensor([[[ 0.9570,  0.2899,  0.0093, -0.0324],
         [ 0.2021, -0.6894,  0.6957,  0.0717],
         [ 0.2081, -0.6639, -0.7183,  0.7213],
         [ 0.0000,  0.0000,  0.0000,  1.0000]]])
2025-04-28T15:28:41.425359 - Final transform:
[[ 0.81  0.58 -0.11 -0.06]
 [ 0.49 -0.55  0.68  0.04]
 [ 0.33 -0.61 -0.72  0.68]
 [ 0.    0.    0.    1.  ]]
2025-04-28T15:28:41.425359 - Pose:
tensor([[[ 0.8080,  0.5782, -0.1134, -0.0033],
         [ 0.4867, -0.5465,  0.6815,  0.0817],
         [ 0.3321, -0.6059, -0.7229,  0.7172],
         [ 0.0000,  0.0000,  0.0000,  1.0000]]])
2025-04-28T15:28:41.496134 - Final transform:
[[ 0.42  0.88 -0.23  0.  ]
 [ 0.74 -0.18  0.65  0.05]
 [ 0.53 -0.44 -0.73  0.68]
 [ 0.    0.    0.    1.  ]]
2025-04-28T15:28:41.496134 - Pose:
tensor([[[ 0.4164,  0.8809, -0.2251,  0.0281],
         [ 0.7380, -0.1829,  0.6495,  0.1140],
         [ 0.5309, -0.4366, -0.7263,  0.7281],
         [ 0.0000,  0.0000,  0.0000,  1.0000]]])
2025-04-28T15:28:41.569958 - Final transform:
[[ 0.07  0.94 -0.34  0.07]
 [ 0.85  0.12  0.51  0.07]
 [ 0.52 -0.32 -0.79  0.69]
 [ 0.    0.    0.    1.  ]]
2025-04-28T15:28:41.569958 - Pose:
tensor([[[ 0.0651,  0.9392, -0.3370,  0.0629],
         [ 0.8509,  0.1242,  0.5105,  0.1382],
         [ 0.5214, -0.3200, -0.7911,  0.7337],
         [ 0.0000,  0.0000,  0.0000,  1.0000]]])
2025-04-28T15:28:41.644048 - Final transform:
[[ 0.05  0.93 -0.36  0.09]
 [ 0.88  0.12  0.45  0.07]
 [ 0.46 -0.34 -0.82  0.69]
 [ 0.    0.    0.    1.  ]]
2025-04-28T15:28:41.644048 - Pose:
tensor([[[ 0.0505,  0.9327, -0.3571,  0.0893],
         [ 0.8841,  0.1245,  0.4503,  0.1389],
         [ 0.4645, -0.3384, -0.8184,  0.7298],
         [ 0.0000,  0.0000,  0.0000,  1.0000]]])
2025-04-28T15:28:41.712907 - Final transform:
[[ 0.    0.94 -0.33  0.13]
 [ 0.92  0.13  0.37  0.06]
 [ 0.4  -0.31 -0.87  0.69]
 [ 0.    0.    0.    1.  ]]
2025-04-28T15:28:41.712907 - Pose:
tensor([[[ 0.0039,  0.9431, -0.3324,  0.1188],
         [ 0.9182,  0.1283,  0.3747,  0.1375],
         [ 0.3961, -0.3067, -0.8655,  0.7289],
         [ 0.0000,  0.0000,  0.0000,  1.0000]]])
2025-04-28T15:28:41.782770 - Final transform:
[[-0.01  0.94 -0.34  0.15]
 [ 0.94  0.13  0.31  0.06]
 [ 0.34 -0.31 -0.89  0.7 ]
 [ 0.    0.    0.    1.  ]]
2025-04-28T15:28:41.782770 - Pose:
tensor([[[-0.0144,  0.9417, -0.3360,  0.1346],
         [ 0.9415,  0.1259,  0.3126,  0.1377],
         [ 0.3367, -0.3119, -0.8885,  0.7303],
         [ 0.0000,  0.0000,  0.0000,  1.0000]]])
2025-04-28T15:28:41.857697 - Final transform:
[[-0.04  0.93 -0.36  0.15]
 [ 0.97  0.12  0.2   0.06]
 [ 0.23 -0.35 -0.91  0.71]
 [ 0.    0.    0.    1.  ]]
2025-04-28T15:28:41.857697 - Pose:
tensor([[[-0.0425,  0.9304, -0.3642,  0.1398],
         [ 0.9717,  0.1232,  0.2015,  0.1377],
         [ 0.2323, -0.3453, -0.9093,  0.7307],
         [ 0.0000,  0.0000,  0.0000,  1.0000]]])
2025-04-28T15:28:41.928845 - Final transform:
[[-0.06  0.92 -0.39  0.16]
 [ 0.98  0.13  0.16  0.06]
 [ 0.2  -0.37 -0.91  0.71]
 [ 0.    0.    0.    1.  ]]
2025-04-28T15:28:41.928845 - Pose:
tensor([[[-0.0634,  0.9207, -0.3852,  0.1450],
         [ 0.9776,  0.1350,  0.1617,  0.1382],
         [ 0.2009, -0.3663, -0.9086,  0.7296],
         [ 0.0000,  0.0000,  0.0000,  1.0000]]])
2025-04-28T15:28:41.998775 - Final transform:
[[-0.08  0.92 -0.39  0.16]
 [ 0.98  0.15  0.13  0.06]
 [ 0.18 -0.38 -0.91  0.71]
 [ 0.    0.    0.    1.  ]]
2025-04-28T15:28:41.998775 - Pose:
tensor([[[-0.0818,  0.9153, -0.3945,  0.1432],
         [ 0.9803,  0.1453,  0.1340,  0.1385],
         [ 0.1800, -0.3757, -0.9091,  0.7292],
         [ 0.0000,  0.0000,  0.0000,  1.0000]]])
2025-04-28T15:28:42.067650 - Final transform:
[[-0.09  0.91 -0.41  0.16]
 [ 0.98  0.16  0.14  0.06]
 [ 0.19 -0.39 -0.9   0.71]
 [ 0.    0.    0.    1.  ]]
2025-04-28T15:28:42.067650 - Pose:
tensor([[[-0.0891,  0.9080, -0.4095,  0.1441],
         [ 0.9776,  0.1585,  0.1387,  0.1399],
         [ 0.1909, -0.3880, -0.9017,  0.7266],
         [ 0.0000,  0.0000,  0.0000,  1.0000]]])
2025-04-28T15:28:42.136028 - Final transform:
[[-0.08  0.91 -0.41  0.16]
 [ 0.98  0.15  0.14  0.06]
 [ 0.19 -0.39 -0.9   0.7 ]
 [ 0.    0.    0.    1.  ]]
2025-04-28T15:28:42.136028 - Pose:
tensor([[[-0.0814,  0.9095, -0.4075,  0.1435],
         [ 0.9780,  0.1518,  0.1433,  0.1418],
         [ 0.1922, -0.3869, -0.9019,  0.7231],
         [ 0.0000,  0.0000,  0.0000,  1.0000]]])
2025-04-28T15:28:42.206108 - Final transform:
[[-0.05  0.9  -0.43  0.15]
 [ 0.97  0.15  0.2   0.07]
 [ 0.25 -0.4  -0.88  0.7 ]
 [ 0.    0.    0.    1.  ]]
2025-04-28T15:28:42.206108 - Pose:
tensor([[[-0.0492,  0.9036, -0.4256,  0.1416],
         [ 0.9678,  0.1484,  0.2032,  0.1430],
         [ 0.2468, -0.4019, -0.8818,  0.7209],
         [ 0.0000,  0.0000,  0.0000,  1.0000]]])
2025-04-28T15:28:42.275372 - Final transform:
[[-0.06  0.91 -0.4   0.15]
 [ 0.97  0.14  0.19  0.07]
 [ 0.23 -0.38 -0.89  0.7 ]
 [ 0.    0.    0.    1.  ]]
2025-04-28T15:28:42.275372 - Pose:
tensor([[[-0.0561,  0.9132, -0.4037,  0.1358],
         [ 0.9712,  0.1437,  0.1902,  0.1443],
         [ 0.2317, -0.3814, -0.8949,  0.7203],
         [ 0.0000,  0.0000,  0.0000,  1.0000]]])
2025-04-28T15:28:42.340595 - Final transform:
[[-0.06  0.92 -0.38  0.14]
 [ 0.98  0.12  0.14  0.07]
 [ 0.18 -0.36 -0.92  0.7 ]
 [ 0.    0.    0.    1.  ]]
2025-04-28T15:28:42.340595 - Pose:
tensor([[[-0.0614,  0.9241, -0.3773,  0.1304],
         [ 0.9821,  0.1234,  0.1423,  0.1460],
         [ 0.1780, -0.3618, -0.9151,  0.7189],
         [ 0.0000,  0.0000,  0.0000,  1.0000]]])
2025-04-28T15:28:42.409660 - Final transform:
[[-0.09  0.93 -0.37  0.15]
 [ 0.99  0.13  0.1   0.07]
 [ 0.15 -0.35 -0.92  0.7 ]
 [ 0.    0.    0.    1.  ]]
2025-04-28T15:28:42.409660 - Pose:
tensor([[[-0.0868,  0.9264, -0.3665,  0.1291],
         [ 0.9856,  0.1335,  0.1039,  0.1463],
         [ 0.1452, -0.3522, -0.9246,  0.7181],
         [ 0.0000,  0.0000,  0.0000,  1.0000]]])
2025-04-28T15:28:42.481887 - Final transform:
[[-0.1   0.93 -0.35  0.15]
 [ 0.99  0.12  0.05  0.07]
 [ 0.09 -0.34 -0.94  0.71]
 [ 0.    0.    0.    1.  ]]
2025-04-28T15:28:42.481887 - Pose:
tensor([[[-0.0987,  0.9314, -0.3504,  0.1291],
         [ 0.9913,  0.1229,  0.0475,  0.1474],
         [ 0.0873, -0.3427, -0.9354,  0.7176],
         [ 0.0000,  0.0000,  0.0000,  1.0000]]])
2025-04-28T15:28:42.553405 - Final transform:
[[-0.12  0.92 -0.37  0.15]
 [ 0.99  0.12 -0.04  0.07]
 [ 0.01 -0.37 -0.93  0.72]
 [ 0.    0.    0.    1.  ]]
2025-04-28T15:28:42.553405 - Pose:
tensor([[[-0.1246,  0.9224, -0.3655,  0.1305],
         [ 0.9922,  0.1178, -0.0409,  0.1473],
         [ 0.0054, -0.3677, -0.9299,  0.7189],
         [ 0.0000,  0.0000,  0.0000,  1.0000]]])
2025-04-28T15:28:42.629873 - Final transform:
[[-0.18  0.91 -0.37  0.16]
 [ 0.98  0.13 -0.18  0.07]
 [-0.11 -0.39 -0.91  0.73]
 [ 0.    0.    0.    1.  ]]
2025-04-28T15:28:42.629873 - Pose:
tensor([[[-0.1850,  0.9119, -0.3665,  0.1346],
         [ 0.9761,  0.1272, -0.1761,  0.1448],
         [-0.1140, -0.3903, -0.9136,  0.7214],
         [ 0.0000,  0.0000,  0.0000,  1.0000]]])
2025-04-28T15:28:42.706133 - Final transform:
[[-0.23  0.92 -0.31  0.16]
 [ 0.93  0.12 -0.35  0.07]
 [-0.29 -0.37 -0.88  0.74]
 [ 0.    0.    0.    1.  ]]
2025-04-28T15:28:42.706133 - Pose:
tensor([[[-0.2347,  0.9208, -0.3115,  0.1333],
         [ 0.9279,  0.1167, -0.3541,  0.1443],
         [-0.2897, -0.3721, -0.8818,  0.7246],
         [ 0.0000,  0.0000,  0.0000,  1.0000]]])
2025-04-28T15:28:42.777276 - Final transform:
[[-0.27  0.92 -0.29  0.17]
 [ 0.89  0.12 -0.43  0.07]
 [-0.36 -0.38 -0.85  0.75]
 [ 0.    0.    0.    1.  ]]
2025-04-28T15:28:42.777276 - Pose:
tensor([[[-0.2679,  0.9180, -0.2925,  0.1359],
         [ 0.8937,  0.1234, -0.4313,  0.1427],
         [-0.3598, -0.3769, -0.8535,  0.7277],
         [ 0.0000,  0.0000,  0.0000,  1.0000]]])
2025-04-28T15:28:42.848015 - Final transform:
[[-0.31  0.9  -0.3   0.17]
 [ 0.84  0.11 -0.52  0.08]
 [-0.44 -0.42 -0.8   0.77]
 [ 0.    0.    0.    1.  ]]
2025-04-28T15:28:42.848015 - Pose:
tensor([[[-0.3088,  0.9023, -0.3008,  0.1404],
         [ 0.8437,  0.1139, -0.5246,  0.1437],
         [-0.4391, -0.4157, -0.7965,  0.7359],
         [ 0.0000,  0.0000,  0.0000,  1.0000]]])
2025-04-28T15:28:42.917042 - Final transform:
[[-0.31  0.91 -0.28  0.17]
 [ 0.82  0.1  -0.57  0.08]
 [-0.49 -0.4  -0.77  0.77]
 [ 0.    0.    0.    1.  ]]
2025-04-28T15:28:42.917042 - Pose:
tensor([[[-0.3094,  0.9101, -0.2758,  0.1385],
         [ 0.8154,  0.1046, -0.5693,  0.1435],
         [-0.4893, -0.4010, -0.7744,  0.7357],
         [ 0.0000,  0.0000,  0.0000,  1.0000]]])
2025-04-28T15:28:42.986083 - Final transform:
[[-0.32  0.92 -0.23  0.18]
 [ 0.75  0.1  -0.65  0.08]
 [-0.58 -0.38 -0.72  0.78]
 [ 0.    0.    0.    1.  ]]
2025-04-28T15:28:42.986083 - Pose:
tensor([[[-0.3218,  0.9178, -0.2325,  0.1395],
         [ 0.7509,  0.0978, -0.6531,  0.1432],
         [-0.5767, -0.3847, -0.7207,  0.7355],
         [ 0.0000,  0.0000,  0.0000,  1.0000]]])
2025-04-28T15:28:43.055865 - Final transform:
[[-0.35  0.92 -0.18  0.18]
 [ 0.68  0.12 -0.73  0.09]
 [-0.65 -0.38 -0.66  0.78]
 [ 0.    0.    0.    1.  ]]
2025-04-28T15:28:43.055865 - Pose:
tensor([[[-0.3512,  0.9188, -0.1801,  0.1388],
         [ 0.6769,  0.1162, -0.7269,  0.1421],
         [-0.6469, -0.3771, -0.6627,  0.7328],
         [ 0.0000,  0.0000,  0.0000,  1.0000]]])
2025-04-28T15:28:43.123659 - Final transform:
[[-0.35  0.93 -0.13  0.17]
 [ 0.6   0.11 -0.79  0.1 ]
 [-0.72 -0.35 -0.59  0.79]
 [ 0.    0.    0.    1.  ]]
2025-04-28T15:28:43.123659 - Pose:
tensor([[[-0.3476,  0.9286, -0.1297,  0.1365],
         [ 0.5973,  0.1126, -0.7941,  0.1426],
         [-0.7228, -0.3535, -0.5938,  0.7313],
         [ 0.0000,  0.0000,  0.0000,  1.0000]]])
2025-04-28T15:28:43.191370 - Final transform:
[[-0.36  0.92 -0.12  0.17]
 [ 0.54  0.11 -0.83  0.1 ]
 [-0.76 -0.37 -0.54  0.79]
 [ 0.    0.    0.    1.  ]]
2025-04-28T15:28:43.191370 - Pose:
tensor([[[-0.3628,  0.9246, -0.1157,  0.1359],
         [ 0.5401,  0.1075, -0.8347,  0.1438],
         [-0.7593, -0.3653, -0.5385,  0.7295],
         [ 0.0000,  0.0000,  0.0000,  1.0000]]])
2025-04-28T15:28:43.258887 - Final transform:
[[-0.36  0.93 -0.09  0.17]
 [ 0.47  0.1  -0.87  0.11]
 [-0.8  -0.36 -0.48  0.79]
 [ 0.    0.    0.    1.  ]]
2025-04-28T15:28:43.258887 - Pose:
tensor([[[-0.3619,  0.9281, -0.0878,  0.1359],
         [ 0.4746,  0.1024, -0.8742,  0.1438],
         [-0.8024, -0.3581, -0.4775,  0.7292],
         [ 0.0000,  0.0000,  0.0000,  1.0000]]])
2025-04-28T15:28:43.325932 - Final transform:
[[-0.25  0.97 -0.06  0.17]
 [ 0.43  0.05 -0.9   0.11]
 [-0.86 -0.25 -0.43  0.8 ]
 [ 0.    0.    0.    1.  ]]
2025-04-28T15:28:43.325932 - Pose:
tensor([[[-0.2524,  0.9655, -0.0640,  0.1360],
         [ 0.4341,  0.0538, -0.8993,  0.1430],
         [-0.8648, -0.2547, -0.4327,  0.7277],
         [ 0.0000,  0.0000,  0.0000,  1.0000]]])
2025-04-28T15:28:43.391005 - Final transform:
[[-0.2   0.98 -0.07  0.16]
 [ 0.36  0.   -0.93  0.11]
 [-0.91 -0.21 -0.35  0.8 ]
 [ 0.    0.    0.    1.  ]]
2025-04-28T15:28:43.391005 - Pose:
tensor([[[-0.1953,  0.9780, -0.0732,  0.1365],
         [ 0.3592,  0.0019, -0.9333,  0.1407],
         [-0.9126, -0.2085, -0.3517,  0.7317],
         [ 0.0000,  0.0000,  0.0000,  1.0000]]])
2025-04-28T15:28:43.460766 - Final transform:
[[-0.13  0.99 -0.08  0.15]
 [ 0.24 -0.05 -0.97  0.12]
 [-0.96 -0.15 -0.23  0.8 ]
 [ 0.    0.    0.    1.  ]]
2025-04-28T15:28:43.460766 - Pose:
tensor([[[-0.1307,  0.9881, -0.0806,  0.1325],
         [ 0.2428, -0.0469, -0.9689,  0.1378],
         [-0.9612, -0.1462, -0.2338,  0.7276],
         [ 0.0000,  0.0000,  0.0000,  1.0000]]])
2025-04-28T15:28:43.531955 - Final transform:
[[-0.1   0.98 -0.16  0.14]
 [ 0.16 -0.14 -0.98  0.12]
 [-0.98 -0.12 -0.14  0.8 ]
 [ 0.    0.    0.    1.  ]]
2025-04-28T15:28:43.531955 - Pose:
tensor([[[-0.0970,  0.9825, -0.1593,  0.1256],
         [ 0.1573, -0.1429, -0.9772,  0.1342],
         [-0.9828, -0.1199, -0.1406,  0.7192],
         [ 0.0000,  0.0000,  0.0000,  1.0000]]])
2025-04-28T15:28:43.602241 - Final transform:
[[-0.21  0.94 -0.26  0.15]
 [ 0.15 -0.23 -0.96  0.11]
 [-0.97 -0.24 -0.09  0.79]
 [ 0.    0.    0.    1.  ]]
2025-04-28T15:28:43.602241 - Pose:
tensor([[[-0.2060,  0.9431, -0.2609,  0.1233],
         [ 0.1463, -0.2339, -0.9612,  0.1270],
         [-0.9676, -0.2362, -0.0898,  0.7106],
         [ 0.0000,  0.0000,  0.0000,  1.0000]]])
2025-04-28T15:28:43.674786 - Final transform:
[[-0.26  0.89 -0.36  0.15]
 [ 0.12 -0.34 -0.93  0.11]
 [-0.96 -0.29 -0.01  0.77]
 [ 0.    0.    0.    1.  ]]
2025-04-28T15:28:43.674786 - Pose:
tensor([[[-0.2648,  0.8937, -0.3621,  0.1196],
         [ 0.1163, -0.3432, -0.9320,  0.1178],
         [-0.9573, -0.2889, -0.0131,  0.6999],
         [ 0.0000,  0.0000,  0.0000,  1.0000]]])
2025-04-28T15:28:43.744528 - Final transform:
[[-0.47  0.76 -0.45  0.16]
 [ 0.13 -0.44 -0.89  0.1 ]
 [-0.87 -0.48  0.1   0.76]
 [ 0.    0.    0.    1.  ]]
2025-04-28T15:28:43.744528 - Pose:
tensor([[[-0.4686,  0.7631, -0.4450,  0.1153],
         [ 0.1342, -0.4364, -0.8897,  0.1103],
         [-0.8732, -0.4766,  0.1021,  0.6923],
         [ 0.0000,  0.0000,  0.0000,  1.0000]]])
2025-04-28T15:28:43.814600 - Final transform:
[[-0.59  0.62 -0.52  0.17]
 [ 0.23 -0.48 -0.84  0.08]
 [-0.77 -0.62  0.14  0.74]
 [ 0.    0.    0.    1.  ]]
2025-04-28T15:28:43.814600 - Pose:
tensor([[[-0.5921,  0.6188, -0.5162,  0.1106],
         [ 0.2305, -0.4837, -0.8443,  0.1061],
         [-0.7722, -0.6189,  0.1438,  0.6833],
         [ 0.0000,  0.0000,  0.0000,  1.0000]]])
2025-04-28T15:28:43.882537 - Final transform:
[[-0.62  0.52 -0.59  0.16]
 [ 0.33 -0.52 -0.79  0.07]
 [-0.71 -0.68  0.15  0.73]
 [ 0.    0.    0.    1.  ]]
2025-04-28T15:28:43.882537 - Pose:
tensor([[[-0.6177,  0.5155, -0.5939,  0.1050],
         [ 0.3287, -0.5168, -0.7905,  0.0982],
         [-0.7144, -0.6835,  0.1497,  0.6763],
         [ 0.0000,  0.0000,  0.0000,  1.0000]]])
2025-04-28T15:28:43.951417 - Final transform:
[[-0.55  0.33 -0.77  0.15]
 [ 0.53 -0.57 -0.62  0.05]
 [-0.64 -0.75  0.14  0.72]
 [ 0.    0.    0.    1.  ]]
2025-04-28T15:28:43.951417 - Pose:
tensor([[[-0.5467,  0.3251, -0.7716,  0.1043],
         [ 0.5343, -0.5742, -0.6204,  0.0961],
         [-0.6447, -0.7515,  0.1402,  0.6709],
         [ 0.0000,  0.0000,  0.0000,  1.0000]]])
2025-04-28T15:28:44.026034 - Final transform:
[[-0.46  0.21 -0.87  0.14]
 [ 0.59 -0.66 -0.47  0.04]
 [-0.67 -0.72  0.18  0.72]
 [ 0.    0.    0.    1.  ]]
2025-04-28T15:28:44.026034 - Pose:
tensor([[[-0.4565,  0.2072, -0.8652,  0.0972],
         [ 0.5871, -0.6605, -0.4680,  0.0964],
         [-0.6685, -0.7217,  0.1799,  0.6731],
         [ 0.0000,  0.0000,  0.0000,  1.0000]]])
2025-04-28T15:28:44.097773 - Final transform:
[[-0.41  0.12 -0.9   0.12]
 [ 0.58 -0.73 -0.36  0.04]
 [-0.71 -0.67  0.23  0.73]
 [ 0.    0.    0.    1.  ]]
2025-04-28T15:28:44.097773 - Pose:
tensor([[[-0.4086,  0.1221, -0.9045,  0.0875],
         [ 0.5756, -0.7346, -0.3592,  0.0946],
         [-0.7083, -0.6674,  0.2298,  0.6777],
         [ 0.0000,  0.0000,  0.0000,  1.0000]]])
2025-04-28T15:28:44.167368 - Final transform:
[[-0.28  0.   -0.96  0.09]
 [ 0.57 -0.81 -0.17  0.04]
 [-0.78 -0.59  0.23  0.75]
 [ 0.    0.    0.    1.  ]]
2025-04-28T15:28:44.167368 - Pose:
tensor([[[-0.2826,  0.0014, -0.9592,  0.0708],
         [ 0.5652, -0.8077, -0.1677,  0.0905],
         [-0.7750, -0.5895,  0.2275,  0.6880],
         [ 0.0000,  0.0000,  0.0000,  1.0000]]])
2025-04-28T15:28:44.237801 - Final transform:
[[-0.31 -0.08 -0.95  0.08]
 [ 0.58 -0.8  -0.12  0.03]
 [-0.75 -0.59  0.3   0.75]
 [ 0.    0.    0.    1.  ]]
2025-04-28T15:28:44.237801 - Pose:
tensor([[[-0.3097, -0.0809, -0.9474,  0.0535],
         [ 0.5843, -0.8022, -0.1225,  0.0861],
         [-0.7501, -0.5915,  0.2957,  0.6957],
         [ 0.0000,  0.0000,  0.0000,  1.0000]]])
2025-04-28T15:28:44.307472 - Final transform:
[[-0.32 -0.05 -0.95  0.07]
 [ 0.59 -0.79 -0.16  0.03]
 [-0.74 -0.61  0.29  0.76]
 [ 0.    0.    0.    1.  ]]
2025-04-28T15:28:44.307472 - Pose:
tensor([[[-0.3216, -0.0533, -0.9454,  0.0414],
         [ 0.5909, -0.7914, -0.1564,  0.0842],
         [-0.7398, -0.6089,  0.2860,  0.7031],
         [ 0.0000,  0.0000,  0.0000,  1.0000]]])
2025-04-28T15:28:44.392361 - Final transform:
[[-0.38 -0.03 -0.92  0.06]
 [ 0.54 -0.82 -0.19  0.03]
 [-0.75 -0.57  0.33  0.76]
 [ 0.    0.    0.    1.  ]]
2025-04-28T15:28:44.392361 - Pose:
tensor([[[-0.3791, -0.0325, -0.9248,  0.0300],
         [ 0.5384, -0.8205, -0.1919,  0.0864],
         [-0.7526, -0.5707,  0.3286,  0.7040],
         [ 0.0000,  0.0000,  0.0000,  1.0000]]])
2025-04-28T15:28:44.462296 - Final transform:
[[-0.35 -0.05 -0.94  0.05]
 [ 0.57 -0.8  -0.17  0.03]
 [-0.74 -0.59  0.31  0.76]
 [ 0.    0.    0.    1.  ]]
2025-04-28T15:28:44.462296 - Pose:
tensor([[[-0.3492, -0.0497, -0.9357,  0.0196],
         [ 0.5710, -0.8030, -0.1705,  0.0812],
         [-0.7430, -0.5939,  0.3088,  0.7087],
         [ 0.0000,  0.0000,  0.0000,  1.0000]]])
2025-04-28T15:28:44.531698 - Final transform:
[[-0.35 -0.03 -0.93  0.04]
 [ 0.56 -0.81 -0.18  0.03]
 [-0.75 -0.58  0.31  0.76]
 [ 0.    0.    0.    1.  ]]
2025-04-28T15:28:44.531698 - Pose:
tensor([[[-0.3537, -0.0331, -0.9348,  0.0097],
         [ 0.5569, -0.8104, -0.1820,  0.0817],
         [-0.7515, -0.5849,  0.3051,  0.7092],
         [ 0.0000,  0.0000,  0.0000,  1.0000]]])
2025-04-28T15:28:44.601359 - Final transform:
[[-0.33 -0.07 -0.94  0.02]
 [ 0.58 -0.8  -0.14  0.03]
 [-0.75 -0.59  0.3   0.77]
 [ 0.    0.    0.    1.  ]]
2025-04-28T15:28:44.601359 - Pose:
tensor([[[-0.3271, -0.0677, -0.9426, -0.0024],
         [ 0.5763, -0.8048, -0.1422,  0.0817],
         [-0.7489, -0.5897,  0.3022,  0.7114],
         [ 0.0000,  0.0000,  0.0000,  1.0000]]])
2025-04-28T15:28:44.670257 - Final transform:
[[-0.35 -0.06 -0.94  0.02]
 [ 0.55 -0.82 -0.15  0.03]
 [-0.76 -0.57  0.32  0.77]
 [ 0.    0.    0.    1.  ]]
2025-04-28T15:28:44.670257 - Pose:
tensor([[[-0.3497, -0.0573, -0.9351, -0.0084],
         [ 0.5482, -0.8219, -0.1546,  0.0828],
         [-0.7597, -0.5667,  0.3188,  0.7121],
         [ 0.0000,  0.0000,  0.0000,  1.0000]]])
2025-04-28T15:28:44.739342 - Final transform:
[[-0.35 -0.05 -0.93  0.02]
 [ 0.55 -0.82 -0.17  0.03]
 [-0.76 -0.57  0.32  0.77]
 [ 0.    0.    0.    1.  ]]
2025-04-28T15:28:44.739342 - Pose:
tensor([[[-0.3543, -0.0476, -0.9339, -0.0087],
         [ 0.5495, -0.8187, -0.1668,  0.0816],
         [-0.7566, -0.5723,  0.3162,  0.7137],
         [ 0.0000,  0.0000,  0.0000,  1.0000]]])
2025-04-28T15:28:44.806645 - Final transform:
[[-0.38 -0.07 -0.92  0.02]
 [ 0.55 -0.82 -0.16  0.03]
 [-0.75 -0.57  0.35  0.76]
 [ 0.    0.    0.    1.  ]]
2025-04-28T15:28:44.806645 - Pose:
tensor([[[-0.3786, -0.0712, -0.9228, -0.0087],
         [ 0.5463, -0.8220, -0.1607,  0.0814],
         [-0.7471, -0.5650,  0.3501,  0.7093],
         [ 0.0000,  0.0000,  0.0000,  1.0000]]])
2025-04-28T15:28:44.873001 - Final transform:
[[-0.38 -0.07 -0.92  0.02]
 [ 0.53 -0.83 -0.16  0.03]
 [-0.76 -0.55  0.35  0.76]
 [ 0.    0.    0.    1.  ]]
2025-04-28T15:28:44.873001 - Pose:
tensor([[[-0.3784, -0.0657, -0.9233, -0.0090],
         [ 0.5316, -0.8320, -0.1586,  0.0827],
         [-0.7578, -0.5508,  0.3498,  0.7054],
         [ 0.0000,  0.0000,  0.0000,  1.0000]]])
2025-04-28T15:28:44.942926 - Final transform:
[[-0.47 -0.08 -0.88  0.03]
 [ 0.52 -0.83 -0.2   0.03]
 [-0.72 -0.55  0.43  0.76]
 [ 0.    0.    0.    1.  ]]
2025-04-28T15:28:44.942926 - Pose:
tensor([[[-0.4687, -0.0771, -0.8800, -0.0088],
         [ 0.5177, -0.8312, -0.2028,  0.0814],
         [-0.7158, -0.5506,  0.4295,  0.7043],
         [ 0.0000,  0.0000,  0.0000,  1.0000]]])
2025-04-28T15:28:45.014936 - Final transform:
[[-0.54 -0.06 -0.84  0.04]
 [ 0.49 -0.84 -0.25  0.03]
 [-0.69 -0.54  0.49  0.75]
 [ 0.    0.    0.    1.  ]]
2025-04-28T15:28:45.014936 - Pose:
tensor([[[-0.5411, -0.0647, -0.8385, -0.0087],
         [ 0.4850, -0.8385, -0.2483,  0.0815],
         [-0.6870, -0.5410,  0.4851,  0.7042],
         [ 0.0000,  0.0000,  0.0000,  1.0000]]])
