2025-04-23T17:03:18.023769 - Final transform:
[[-0.09 -1.   -0.02  0.02]
 [-0.62  0.08 -0.78 -0.09]
 [ 0.78 -0.06 -0.62  0.76]
 [ 0.    0.    0.    1.  ]]
2025-04-23T17:03:18.023769 - Pose:
tensor([[[-0.0942, -0.9952, -0.0248,  0.0239],
         [-0.6193,  0.0781, -0.7812, -0.0937],
         [ 0.7795, -0.0583, -0.6237,  0.7543],
         [ 0.0000,  0.0000,  0.0000,  1.0000]]])
2025-04-23T17:03:18.090580 - Final transform:
[[-0.12 -0.99 -0.02  0.02]
 [-0.62  0.09 -0.78 -0.09]
 [ 0.78 -0.08 -0.63  0.76]
 [ 0.    0.    0.    1.  ]]
2025-04-23T17:03:18.090580 - Pose:
tensor([[[-0.1160, -0.9930, -0.0235,  0.0240],
         [-0.6189,  0.0908, -0.7802, -0.0935],
         [ 0.7768, -0.0759, -0.6251,  0.7551],
         [ 0.0000,  0.0000,  0.0000,  1.0000]]])
2025-04-23T17:03:18.155893 - Final transform:
[[-0.14 -0.99 -0.02  0.02]
 [-0.62  0.1  -0.78 -0.09]
 [ 0.77 -0.09 -0.63  0.76]
 [ 0.    0.    0.    1.  ]]
2025-04-23T17:03:18.155893 - Pose:
tensor([[[-0.1362, -0.9904, -0.0230,  0.0240],
         [-0.6198,  0.1033, -0.7779, -0.0937],
         [ 0.7729, -0.0917, -0.6279,  0.7538],
         [ 0.0000,  0.0000,  0.0000,  1.0000]]])
2025-04-23T17:03:18.221656 - Final transform:
[[-0.11 -0.99 -0.03  0.02]
 [-0.62  0.09 -0.78 -0.09]
 [ 0.78 -0.07 -0.63  0.76]
 [ 0.    0.    0.    1.  ]]
2025-04-23T17:03:18.221656 - Pose:
tensor([[[-0.1107, -0.9935, -0.0258,  0.0240],
         [-0.6193,  0.0893, -0.7800, -0.0934],
         [ 0.7773, -0.0704, -0.6252,  0.7555],
         [ 0.0000,  0.0000,  0.0000,  1.0000]]])
2025-04-23T17:03:18.287394 - Final transform:
[[-0.13 -0.99 -0.02  0.02]
 [-0.62  0.1  -0.78 -0.09]
 [ 0.77 -0.09 -0.63  0.76]
 [ 0.    0.    0.    1.  ]]
2025-04-23T17:03:18.287394 - Pose:
tensor([[[-0.1331, -0.9909, -0.0220,  0.0240],
         [-0.6195,  0.1005, -0.7786, -0.0941],
         [ 0.7737, -0.0900, -0.6272,  0.7544],
         [ 0.0000,  0.0000,  0.0000,  1.0000]]])
2025-04-23T17:03:18.353456 - Final transform:
[[-0.11 -0.99 -0.02  0.02]
 [-0.62  0.09 -0.78 -0.09]
 [ 0.78 -0.07 -0.63  0.76]
 [ 0.    0.    0.    1.  ]]
2025-04-23T17:03:18.353456 - Pose:
tensor([[[-0.1138, -0.9932, -0.0236,  0.0239],
         [-0.6214,  0.0897, -0.7783, -0.0935],
         [ 0.7751, -0.0739, -0.6274,  0.7545],
         [ 0.0000,  0.0000,  0.0000,  1.0000]]])
2025-04-23T17:03:18.422863 - Final transform:
[[-0.1  -0.99 -0.02  0.02]
 [-0.62  0.08 -0.78 -0.09]
 [ 0.78 -0.07 -0.62  0.76]
 [ 0.    0.    0.    1.  ]]
2025-04-23T17:03:18.422863 - Pose:
tensor([[[-0.1034, -0.9943, -0.0246,  0.0239],
         [-0.6195,  0.0838, -0.7805, -0.0934],
         [ 0.7781, -0.0655, -0.6247,  0.7549],
         [ 0.0000,  0.0000,  0.0000,  1.0000]]])
2025-04-23T17:03:18.487462 - Final transform:
[[-0.08 -1.   -0.03  0.02]
 [-0.62  0.07 -0.78 -0.09]
 [ 0.78 -0.05 -0.62  0.76]
 [ 0.    0.    0.    1.  ]]
2025-04-23T17:03:18.487462 - Pose:
tensor([[[-0.0848, -0.9961, -0.0255,  0.0240],
         [-0.6177,  0.0726, -0.7830, -0.0932],
         [ 0.7818, -0.0507, -0.6215,  0.7549],
         [ 0.0000,  0.0000,  0.0000,  1.0000]]])
2025-04-23T17:03:18.552676 - Final transform:
[[-0.12 -0.99 -0.02  0.02]
 [-0.61  0.09 -0.78 -0.09]
 [ 0.78 -0.08 -0.62  0.76]
 [ 0.    0.    0.    1.  ]]
2025-04-23T17:03:18.552676 - Pose:
tensor([[[-0.1176, -0.9928, -0.0245,  0.0241],
         [-0.6127,  0.0919, -0.7850, -0.0936],
         [ 0.7816, -0.0773, -0.6190,  0.7554],
         [ 0.0000,  0.0000,  0.0000,  1.0000]]])
2025-04-23T17:03:18.618420 - Final transform:
[[-0.13 -0.99 -0.02  0.02]
 [-0.61  0.1  -0.78 -0.09]
 [ 0.78 -0.09 -0.62  0.76]
 [ 0.    0.    0.    1.  ]]
2025-04-23T17:03:18.618420 - Pose:
tensor([[[-0.1270, -0.9916, -0.0224,  0.0241],
         [-0.6129,  0.0962, -0.7843, -0.0933],
         [ 0.7799, -0.0859, -0.6200,  0.7544],
         [ 0.0000,  0.0000,  0.0000,  1.0000]]])
2025-04-23T17:03:18.682347 - Final transform:
[[-0.12 -0.99 -0.02  0.02]
 [-0.62  0.09 -0.78 -0.09]
 [ 0.78 -0.08 -0.63  0.76]
 [ 0.    0.    0.    1.  ]]
2025-04-23T17:03:18.682347 - Pose:
tensor([[[-0.1193, -0.9926, -0.0243,  0.0240],
         [-0.6191,  0.0935, -0.7797, -0.0935],
         [ 0.7762, -0.0779, -0.6257,  0.7549],
         [ 0.0000,  0.0000,  0.0000,  1.0000]]])
2025-04-23T17:03:18.747711 - Final transform:
[[-0.1  -0.99 -0.03  0.02]
 [-0.62  0.08 -0.78 -0.09]
 [ 0.78 -0.06 -0.63  0.76]
 [ 0.    0.    0.    1.  ]]
2025-04-23T17:03:18.747711 - Pose:
tensor([[[-0.0972, -0.9949, -0.0264,  0.0241],
         [-0.6207,  0.0813, -0.7798, -0.0935],
         [ 0.7780, -0.0595, -0.6255,  0.7545],
         [ 0.0000,  0.0000,  0.0000,  1.0000]]])
2025-04-23T17:03:18.812915 - Final transform:
[[-0.1  -0.99 -0.03  0.02]
 [-0.61  0.08 -0.78 -0.09]
 [ 0.78 -0.06 -0.62  0.76]
 [ 0.    0.    0.    1.  ]]
2025-04-23T17:03:18.812915 - Pose:
tensor([[[-0.0996, -0.9947, -0.0253,  0.0240],
         [-0.6141,  0.0815, -0.7850, -0.0932],
         [ 0.7829, -0.0626, -0.6190,  0.7549],
         [ 0.0000,  0.0000,  0.0000,  1.0000]]])
2025-04-23T17:03:18.878357 - Final transform:
[[-0.1  -1.   -0.03  0.02]
 [-0.62  0.08 -0.78 -0.09]
 [ 0.78 -0.06 -0.62  0.76]
 [ 0.    0.    0.    1.  ]]
2025-04-23T17:03:18.878357 - Pose:
tensor([[[-0.0951, -0.9951, -0.0267,  0.0241],
         [-0.6182,  0.0800, -0.7820, -0.0934],
         [ 0.7803, -0.0578, -0.6227,  0.7547],
         [ 0.0000,  0.0000,  0.0000,  1.0000]]])
2025-04-23T17:03:18.947054 - Final transform:
[[-0.12 -0.99 -0.03  0.02]
 [-0.62  0.09 -0.78 -0.09]
 [ 0.78 -0.07 -0.62  0.76]
 [ 0.    0.    0.    1.  ]]
2025-04-23T17:03:18.947054 - Pose:
tensor([[[-0.1155, -0.9930, -0.0259,  0.0240],
         [-0.6177,  0.0922, -0.7810, -0.0933],
         [ 0.7779, -0.0742, -0.6240,  0.7548],
         [ 0.0000,  0.0000,  0.0000,  1.0000]]])
2025-04-23T17:03:19.013653 - Final transform:
[[-0.1  -0.99 -0.03  0.02]
 [-0.62  0.08 -0.78 -0.09]
 [ 0.78 -0.06 -0.63  0.76]
 [ 0.    0.    0.    1.  ]]
2025-04-23T17:03:19.013653 - Pose:
tensor([[[-0.0998, -0.9947, -0.0251,  0.0241],
         [-0.6206,  0.0820, -0.7798, -0.0936],
         [ 0.7778, -0.0623, -0.6255,  0.7549],
         [ 0.0000,  0.0000,  0.0000,  1.0000]]])
2025-04-23T17:03:19.078113 - Final transform:
[[-0.13 -0.99 -0.02  0.02]
 [-0.62  0.1  -0.78 -0.09]
 [ 0.77 -0.09 -0.63  0.76]
 [ 0.    0.    0.    1.  ]]
2025-04-23T17:03:19.078113 - Pose:
tensor([[[-0.1329, -0.9909, -0.0228,  0.0241],
         [-0.6228,  0.1014, -0.7758, -0.0938],
         [ 0.7710, -0.0889, -0.6306,  0.7544],
         [ 0.0000,  0.0000,  0.0000,  1.0000]]])
2025-04-23T17:03:19.143193 - Final transform:
[[-0.13 -0.99 -0.02  0.02]
 [-0.61  0.1  -0.78 -0.09]
 [ 0.78 -0.09 -0.62  0.76]
 [ 0.    0.    0.    1.  ]]
2025-04-23T17:03:19.143193 - Pose:
tensor([[[-0.1329, -0.9908, -0.0249,  0.0240],
         [-0.6147,  0.1021, -0.7821, -0.0934],
         [ 0.7775, -0.0886, -0.6226,  0.7544],
         [ 0.0000,  0.0000,  0.0000,  1.0000]]])
2025-04-23T17:03:19.208018 - Final transform:
[[-0.13 -0.99 -0.02  0.02]
 [-0.62  0.1  -0.78 -0.09]
 [ 0.77 -0.09 -0.63  0.76]
 [ 0.    0.    0.    1.  ]]
2025-04-23T17:03:19.208018 - Pose:
tensor([[[-0.1336, -0.9908, -0.0224,  0.0241],
         [-0.6185,  0.1010, -0.7793, -0.0937],
         [ 0.7743, -0.0902, -0.6263,  0.7546],
         [ 0.0000,  0.0000,  0.0000,  1.0000]]])
2025-04-23T17:03:19.273132 - Final transform:
[[-0.1  -1.   -0.02  0.02]
 [-0.62  0.08 -0.78 -0.09]
 [ 0.78 -0.06 -0.62  0.76]
 [ 0.    0.    0.    1.  ]]
2025-04-23T17:03:19.273132 - Pose:
tensor([[[-0.0952, -0.9952, -0.0246,  0.0241],
         [-0.6199,  0.0786, -0.7807, -0.0930],
         [ 0.7789, -0.0591, -0.6244,  0.7552],
         [ 0.0000,  0.0000,  0.0000,  1.0000]]])
2025-04-23T17:03:19.344850 - Final transform:
[[-0.11 -0.99 -0.02  0.02]
 [-0.62  0.09 -0.78 -0.09]
 [ 0.78 -0.07 -0.63  0.76]
 [ 0.    0.    0.    1.  ]]
2025-04-23T17:03:19.344850 - Pose:
tensor([[[-0.1105, -0.9936, -0.0228,  0.0240],
         [-0.6213,  0.0869, -0.7788, -0.0938],
         [ 0.7758, -0.0719, -0.6269,  0.7548],
         [ 0.0000,  0.0000,  0.0000,  1.0000]]])
2025-04-23T17:03:19.412362 - Final transform:
[[-0.13 -0.99 -0.02  0.02]
 [-0.62  0.09 -0.78 -0.09]
 [ 0.78 -0.09 -0.63  0.76]
 [ 0.    0.    0.    1.  ]]
2025-04-23T17:03:19.412362 - Pose:
tensor([[[-0.1271, -0.9917, -0.0197,  0.0240],
         [-0.6183,  0.0948, -0.7802, -0.0935],
         [ 0.7756, -0.0870, -0.6252,  0.7540],
         [ 0.0000,  0.0000,  0.0000,  1.0000]]])
2025-04-23T17:03:19.479265 - Final transform:
[[-0.11 -0.99 -0.03  0.02]
 [-0.62  0.09 -0.78 -0.09]
 [ 0.78 -0.07 -0.62  0.76]
 [ 0.    0.    0.    1.  ]]
2025-04-23T17:03:19.479265 - Pose:
tensor([[[-0.1068, -0.9939, -0.0255,  0.0241],
         [-0.6195,  0.0866, -0.7802, -0.0936],
         [ 0.7777, -0.0676, -0.6250,  0.7550],
         [ 0.0000,  0.0000,  0.0000,  1.0000]]])
2025-04-23T17:03:19.549892 - Final transform:
[[-0.15 -0.99 -0.02  0.02]
 [-0.61  0.11 -0.78 -0.09]
 [ 0.78 -0.1  -0.62  0.76]
 [ 0.    0.    0.    1.  ]]
2025-04-23T17:03:19.549892 - Pose:
tensor([[[-0.1478, -0.9888, -0.0194,  0.0242],
         [-0.6125,  0.1069, -0.7832, -0.0938],
         [ 0.7765, -0.1039, -0.6214,  0.7544],
         [ 0.0000,  0.0000,  0.0000,  1.0000]]])
2025-04-23T17:03:19.619863 - Final transform:
[[-0.13 -0.99 -0.02  0.02]
 [-0.61  0.09 -0.79 -0.09]
 [ 0.78 -0.09 -0.62  0.76]
 [ 0.    0.    0.    1.  ]]
2025-04-23T17:03:19.619863 - Pose:
tensor([[[-0.1250, -0.9920, -0.0198,  0.0240],
         [-0.6099,  0.0926, -0.7871, -0.0931],
         [ 0.7826, -0.0863, -0.6166,  0.7548],
         [ 0.0000,  0.0000,  0.0000,  1.0000]]])
2025-04-23T17:03:19.688784 - Final transform:
[[-0.14 -0.99 -0.02  0.02]
 [-0.61  0.11 -0.78 -0.09]
 [ 0.78 -0.1  -0.62  0.76]
 [ 0.    0.    0.    1.  ]]
2025-04-23T17:03:19.688784 - Pose:
tensor([[[-0.1447, -0.9892, -0.0242,  0.0242],
         [-0.6145,  0.1090, -0.7814, -0.0934],
         [ 0.7756, -0.0981, -0.6236,  0.7548],
         [ 0.0000,  0.0000,  0.0000,  1.0000]]])
2025-04-23T17:03:19.757377 - Final transform:
[[-0.15 -0.99 -0.02  0.02]
 [-0.61  0.11 -0.78 -0.09]
 [ 0.78 -0.11 -0.62  0.76]
 [ 0.    0.    0.    1.  ]]
2025-04-23T17:03:19.757377 - Pose:
tensor([[[-0.1531, -0.9879, -0.0234,  0.0240],
         [-0.6120,  0.1134, -0.7826, -0.0938],
         [ 0.7758, -0.1055, -0.6220,  0.7548],
         [ 0.0000,  0.0000,  0.0000,  1.0000]]])
2025-04-23T17:03:19.821815 - Final transform:
[[-0.11 -0.99 -0.02  0.02]
 [-0.63  0.08 -0.78 -0.09]
 [ 0.77 -0.07 -0.63  0.76]
 [ 0.    0.    0.    1.  ]]
2025-04-23T17:03:19.821815 - Pose:
tensor([[[-0.1060, -0.9942, -0.0195,  0.0242],
         [-0.6257,  0.0820, -0.7758, -0.0937],
         [ 0.7728, -0.0700, -0.6307,  0.7547],
         [ 0.0000,  0.0000,  0.0000,  1.0000]]])
2025-04-23T17:03:19.892437 - Final transform:
[[-0.12 -0.99 -0.02  0.02]
 [-0.62  0.1  -0.78 -0.09]
 [ 0.77 -0.08 -0.63  0.76]
 [ 0.    0.    0.    1.  ]]
2025-04-23T17:03:19.892437 - Pose:
tensor([[[-0.1244, -0.9919, -0.0242,  0.0241],
         [-0.6215,  0.0969, -0.7774, -0.0937],
         [ 0.7735, -0.0816, -0.6285,  0.7542],
         [ 0.0000,  0.0000,  0.0000,  1.0000]]])
2025-04-23T17:03:19.960469 - Final transform:
[[-0.13 -0.99 -0.02  0.02]
 [-0.62  0.1  -0.78 -0.09]
 [ 0.77 -0.09 -0.63  0.76]
 [ 0.    0.    0.    1.  ]]
2025-04-23T17:03:19.960469 - Pose:
tensor([[[-0.1341, -0.9907, -0.0233,  0.0240],
         [-0.6197,  0.1022, -0.7781, -0.0936],
         [ 0.7733, -0.0899, -0.6277,  0.7544],
         [ 0.0000,  0.0000,  0.0000,  1.0000]]])
2025-04-23T17:03:20.028544 - Final transform:
[[-0.11 -0.99 -0.03  0.02]
 [-0.61  0.09 -0.79 -0.09]
 [ 0.78 -0.07 -0.62  0.76]
 [ 0.    0.    0.    1.  ]]
2025-04-23T17:03:20.028544 - Pose:
tensor([[[-0.1054, -0.9941, -0.0267,  0.0240],
         [-0.6127,  0.0861, -0.7856, -0.0932],
         [ 0.7832, -0.0664, -0.6181,  0.7544],
         [ 0.0000,  0.0000,  0.0000,  1.0000]]])
2025-04-23T17:03:20.094218 - Final transform:
[[-0.13 -0.99 -0.02  0.02]
 [-0.62  0.1  -0.78 -0.09]
 [ 0.78 -0.08 -0.62  0.76]
 [ 0.    0.    0.    1.  ]]
2025-04-23T17:03:20.094218 - Pose:
tensor([[[-0.1259, -0.9917, -0.0247,  0.0241],
         [-0.6152,  0.0976, -0.7823, -0.0933],
         [ 0.7782, -0.0833, -0.6224,  0.7550],
         [ 0.0000,  0.0000,  0.0000,  1.0000]]])
2025-04-23T17:03:20.160183 - Final transform:
[[-0.12 -0.99 -0.02  0.02]
 [-0.61  0.09 -0.78 -0.09]
 [ 0.78 -0.08 -0.62  0.76]
 [ 0.    0.    0.    1.  ]]
2025-04-23T17:03:20.160183 - Pose:
tensor([[[-0.1200, -0.9925, -0.0242,  0.0240],
         [-0.6141,  0.0934, -0.7837, -0.0932],
         [ 0.7801, -0.0791, -0.6207,  0.7548],
         [ 0.0000,  0.0000,  0.0000,  1.0000]]])
2025-04-23T17:03:20.226070 - Final transform:
[[-0.1  -0.99 -0.02  0.02]
 [-0.62  0.08 -0.78 -0.09]
 [ 0.78 -0.06 -0.62  0.76]
 [ 0.    0.    0.    1.  ]]
2025-04-23T17:03:20.226070 - Pose:
tensor([[[-0.0999, -0.9947, -0.0234,  0.0241],
         [-0.6195,  0.0806, -0.7809, -0.0932],
         [ 0.7786, -0.0635, -0.6242,  0.7545],
         [ 0.0000,  0.0000,  0.0000,  1.0000]]])
2025-04-23T17:03:20.292512 - Final transform:
[[-0.13 -0.99 -0.02  0.02]
 [-0.62  0.1  -0.78 -0.09]
 [ 0.78 -0.08 -0.62  0.76]
 [ 0.    0.    0.    1.  ]]
2025-04-23T17:03:20.292512 - Pose:
tensor([[[-0.1252, -0.9919, -0.0217,  0.0241],
         [-0.6178,  0.0951, -0.7805, -0.0934],
         [ 0.7763, -0.0843, -0.6247,  0.7547],
         [ 0.0000,  0.0000,  0.0000,  1.0000]]])
2025-04-23T17:03:20.358966 - Final transform:
[[-0.11 -0.99 -0.03  0.02]
 [-0.61  0.09 -0.79 -0.09]
 [ 0.78 -0.07 -0.62  0.76]
 [ 0.    0.    0.    1.  ]]
2025-04-23T17:03:20.358966 - Pose:
tensor([[[-0.1058, -0.9940, -0.0285,  0.0241],
         [-0.6124,  0.0877, -0.7857, -0.0931],
         [ 0.7834, -0.0657, -0.6180,  0.7545],
         [ 0.0000,  0.0000,  0.0000,  1.0000]]])
2025-04-23T17:03:20.429177 - Final transform:
[[-0.11 -0.99 -0.03  0.02]
 [-0.62  0.09 -0.78 -0.09]
 [ 0.78 -0.07 -0.62  0.76]
 [ 0.    0.    0.    1.  ]]
2025-04-23T17:03:20.429177 - Pose:
tensor([[[-0.1076, -0.9939, -0.0253,  0.0241],
         [-0.6187,  0.0869, -0.7808, -0.0933],
         [ 0.7782, -0.0684, -0.6242,  0.7546],
         [ 0.0000,  0.0000,  0.0000,  1.0000]]])
2025-04-23T17:03:20.492114 - Final transform:
[[-0.1  -0.99 -0.03  0.02]
 [-0.62  0.08 -0.78 -0.09]
 [ 0.78 -0.06 -0.63  0.76]
 [ 0.    0.    0.    1.  ]]
2025-04-23T17:03:20.492114 - Pose:
tensor([[[-0.0995, -0.9947, -0.0262,  0.0241],
         [-0.6207,  0.0826, -0.7797, -0.0935],
         [ 0.7777, -0.0613, -0.6256,  0.7546],
         [ 0.0000,  0.0000,  0.0000,  1.0000]]])
2025-04-23T17:03:20.555654 - Final transform:
[[-0.14 -0.99 -0.02  0.02]
 [-0.62  0.1  -0.78 -0.09]
 [ 0.77 -0.09 -0.63  0.76]
 [ 0.    0.    0.    1.  ]]
2025-04-23T17:03:20.555654 - Pose:
tensor([[[-0.1352, -0.9906, -0.0226,  0.0243],
         [-0.6193,  0.1022, -0.7785, -0.0935],
         [ 0.7735, -0.0913, -0.6272,  0.7546],
         [ 0.0000,  0.0000,  0.0000,  1.0000]]])
2025-04-23T17:03:20.621276 - Final transform:
[[-0.14 -0.99 -0.02  0.02]
 [-0.61  0.11 -0.78 -0.09]
 [ 0.78 -0.1  -0.62  0.76]
 [ 0.    0.    0.    1.  ]]
2025-04-23T17:03:20.621276 - Pose:
tensor([[[-0.1443, -0.9893, -0.0206,  0.0240],
         [-0.6143,  0.1059, -0.7820, -0.0936],
         [ 0.7758, -0.1002, -0.6230,  0.7540],
         [ 0.0000,  0.0000,  0.0000,  1.0000]]])
2025-04-23T17:03:20.687046 - Final transform:
[[-0.13 -0.99 -0.02  0.02]
 [-0.61  0.1  -0.78 -0.09]
 [ 0.78 -0.09 -0.62  0.76]
 [ 0.    0.    0.    1.  ]]
2025-04-23T17:03:20.687046 - Pose:
tensor([[[-0.1295, -0.9913, -0.0226,  0.0240],
         [-0.6128,  0.0980, -0.7841, -0.0935],
         [ 0.7795, -0.0877, -0.6202,  0.7542],
         [ 0.0000,  0.0000,  0.0000,  1.0000]]])
2025-04-23T17:03:20.751240 - Final transform:
[[-0.12 -0.99 -0.02  0.02]
 [-0.62  0.09 -0.78 -0.09]
 [ 0.78 -0.08 -0.63  0.76]
 [ 0.    0.    0.    1.  ]]
2025-04-23T17:03:20.751240 - Pose:
tensor([[[-0.1182, -0.9927, -0.0240,  0.0240],
         [-0.6190,  0.0925, -0.7799, -0.0939],
         [ 0.7764, -0.0774, -0.6254,  0.7549],
         [ 0.0000,  0.0000,  0.0000,  1.0000]]])
2025-04-23T17:03:20.817968 - Final transform:
[[-0.11 -0.99 -0.02  0.02]
 [-0.62  0.09 -0.78 -0.09]
 [ 0.78 -0.07 -0.63  0.76]
 [ 0.    0.    0.    1.  ]]
2025-04-23T17:03:20.817968 - Pose:
tensor([[[-0.1064, -0.9940, -0.0250,  0.0239],
         [-0.6219,  0.0861, -0.7784, -0.0936],
         [ 0.7759, -0.0673, -0.6273,  0.7544],
         [ 0.0000,  0.0000,  0.0000,  1.0000]]])
2025-04-23T17:03:20.885019 - Final transform:
[[-0.13 -0.99 -0.02  0.02]
 [-0.62  0.1  -0.78 -0.09]
 [ 0.78 -0.09 -0.62  0.76]
 [ 0.    0.    0.    1.  ]]
2025-04-23T17:03:20.885019 - Pose:
tensor([[[-0.1298, -0.9913, -0.0213,  0.0240],
         [-0.6171,  0.0975, -0.7808, -0.0931],
         [ 0.7761, -0.0882, -0.6244,  0.7549],
         [ 0.0000,  0.0000,  0.0000,  1.0000]]])
2025-04-23T17:03:20.950392 - Final transform:
[[-0.13 -0.99 -0.03  0.02]
 [-0.61  0.1  -0.78 -0.09]
 [ 0.78 -0.09 -0.62  0.76]
 [ 0.    0.    0.    1.  ]]
2025-04-23T17:03:20.950392 - Pose:
tensor([[[-0.1328, -0.9908, -0.0252,  0.0241],
         [-0.6132,  0.1021, -0.7833, -0.0933],
         [ 0.7786, -0.0885, -0.6212,  0.7542],
         [ 0.0000,  0.0000,  0.0000,  1.0000]]])
2025-04-23T17:03:21.013617 - Final transform:
[[-0.15 -0.99 -0.02  0.02]
 [-0.61  0.11 -0.78 -0.09]
 [ 0.78 -0.1  -0.62  0.76]
 [ 0.    0.    0.    1.  ]]
2025-04-23T17:03:21.013617 - Pose:
tensor([[[-0.1450, -0.9891, -0.0241,  0.0241],
         [-0.6133,  0.1090, -0.7823, -0.0934],
         [ 0.7764, -0.0987, -0.6224,  0.7545],
         [ 0.0000,  0.0000,  0.0000,  1.0000]]])
2025-04-23T17:03:21.077533 - Final transform:
[[-0.13 -0.99 -0.02  0.02]
 [-0.61  0.1  -0.78 -0.09]
 [ 0.78 -0.09 -0.62  0.76]
 [ 0.    0.    0.    1.  ]]
2025-04-23T17:03:21.077533 - Pose:
tensor([[[-0.1327, -0.9909, -0.0243,  0.0240],
         [-0.6133,  0.1013, -0.7833, -0.0933],
         [ 0.7786, -0.0891, -0.6211,  0.7547],
         [ 0.0000,  0.0000,  0.0000,  1.0000]]])
2025-04-23T17:03:21.140694 - Final transform:
[[-0.12 -0.99 -0.02  0.02]
 [-0.62  0.1  -0.78 -0.09]
 [ 0.77 -0.08 -0.63  0.76]
 [ 0.    0.    0.    1.  ]]
2025-04-23T17:03:21.140694 - Pose:
tensor([[[-0.1237, -0.9920, -0.0231,  0.0240],
         [-0.6202,  0.0955, -0.7787, -0.0937],
         [ 0.7747, -0.0821, -0.6270,  0.7551],
         [ 0.0000,  0.0000,  0.0000,  1.0000]]])
2025-04-23T17:03:21.204455 - Final transform:
[[-0.1  -0.99 -0.02  0.02]
 [-0.62  0.08 -0.78 -0.09]
 [ 0.77 -0.07 -0.63  0.76]
 [ 0.    0.    0.    1.  ]]
2025-04-23T17:03:21.204455 - Pose:
tensor([[[-0.1038, -0.9943, -0.0235,  0.0241],
         [-0.6236,  0.0835, -0.7773, -0.0933],
         [ 0.7749, -0.0660, -0.6287,  0.7545],
         [ 0.0000,  0.0000,  0.0000,  1.0000]]])
2025-04-23T17:03:21.269744 - Final transform:
[[-0.13 -0.99 -0.02  0.02]
 [-0.62  0.1  -0.78 -0.09]
 [ 0.78 -0.09 -0.62  0.76]
 [ 0.    0.    0.    1.  ]]
2025-04-23T17:03:21.269744 - Pose:
tensor([[[-0.1320, -0.9910, -0.0220,  0.0240],
         [-0.6165,  0.0994, -0.7811, -0.0936],
         [ 0.7762, -0.0896, -0.6241,  0.7545],
         [ 0.0000,  0.0000,  0.0000,  1.0000]]])
2025-04-23T17:03:21.342383 - Final transform:
[[-0.11 -0.99 -0.02  0.02]
 [-0.62  0.09 -0.78 -0.09]
 [ 0.78 -0.08 -0.63  0.76]
 [ 0.    0.    0.    1.  ]]
2025-04-23T17:03:21.342383 - Pose:
tensor([[[-0.1148, -0.9931, -0.0228,  0.0241],
         [-0.6196,  0.0896, -0.7798, -0.0935],
         [ 0.7764, -0.0754, -0.6257,  0.7544],
         [ 0.0000,  0.0000,  0.0000,  1.0000]]])
2025-04-23T17:03:21.410242 - Final transform:
[[-0.11 -0.99 -0.02  0.02]
 [-0.63  0.09 -0.77 -0.09]
 [ 0.77 -0.07 -0.63  0.76]
 [ 0.    0.    0.    1.  ]]
2025-04-23T17:03:21.410242 - Pose:
tensor([[[-0.1118, -0.9935, -0.0232,  0.0241],
         [-0.6275,  0.0887, -0.7735, -0.0940],
         [ 0.7705, -0.0720, -0.6333,  0.7552],
         [ 0.0000,  0.0000,  0.0000,  1.0000]]])
2025-04-23T17:03:21.473371 - Final transform:
[[-0.12 -0.99 -0.03  0.02]
 [-0.61  0.1  -0.78 -0.09]
 [ 0.78 -0.08 -0.62  0.76]
 [ 0.    0.    0.    1.  ]]
2025-04-23T17:03:21.473371 - Pose:
tensor([[[-0.1211, -0.9923, -0.0264,  0.0242],
         [-0.6121,  0.0956, -0.7850, -0.0935],
         [ 0.7815, -0.0789, -0.6189,  0.7551],
         [ 0.0000,  0.0000,  0.0000,  1.0000]]])
2025-04-23T17:03:21.538708 - Final transform:
[[-0.13 -0.99 -0.02  0.02]
 [-0.62  0.1  -0.78 -0.09]
 [ 0.78 -0.09 -0.63  0.76]
 [ 0.    0.    0.    1.  ]]
2025-04-23T17:03:21.538708 - Pose:
tensor([[[-0.1284, -0.9914, -0.0235,  0.0241],
         [-0.6183,  0.0985, -0.7798, -0.0937],
         [ 0.7754, -0.0856, -0.6256,  0.7547],
         [ 0.0000,  0.0000,  0.0000,  1.0000]]])
2025-04-23T17:03:21.606012 - Final transform:
[[-0.11 -0.99 -0.03  0.02]
 [-0.61  0.09 -0.78 -0.09]
 [ 0.78 -0.07 -0.62  0.76]
 [ 0.    0.    0.    1.  ]]
2025-04-23T17:03:21.606012 - Pose:
tensor([[[-0.1127, -0.9933, -0.0267,  0.0241],
         [-0.6150,  0.0909, -0.7833, -0.0930],
         [ 0.7804, -0.0719, -0.6211,  0.7547],
         [ 0.0000,  0.0000,  0.0000,  1.0000]]])
2025-04-23T17:03:21.673045 - Final transform:
[[-0.14 -0.99 -0.02  0.02]
 [-0.61  0.11 -0.79 -0.09]
 [ 0.78 -0.1  -0.62  0.76]
 [ 0.    0.    0.    1.  ]]
2025-04-23T17:03:21.673045 - Pose:
tensor([[[-0.1447, -0.9892, -0.0236,  0.0242],
         [-0.6082,  0.1077, -0.7864, -0.0933],
         [ 0.7805, -0.0995, -0.6172,  0.7544],
         [ 0.0000,  0.0000,  0.0000,  1.0000]]])
2025-04-23T17:03:21.740881 - Final transform:
[[-0.14 -0.99 -0.02  0.02]
 [-0.61  0.1  -0.78 -0.09]
 [ 0.78 -0.09 -0.62  0.76]
 [ 0.    0.    0.    1.  ]]
2025-04-23T17:03:21.740881 - Pose:
tensor([[[-0.1391, -0.9900, -0.0236,  0.0241],
         [-0.6115,  0.1046, -0.7843, -0.0936],
         [ 0.7789, -0.0946, -0.6200,  0.7548],
         [ 0.0000,  0.0000,  0.0000,  1.0000]]])
2025-04-23T17:03:21.804805 - Final transform:
[[-0.12 -0.99 -0.03  0.02]
 [-0.61  0.1  -0.79 -0.09]
 [ 0.78 -0.08 -0.62  0.76]
 [ 0.    0.    0.    1.  ]]
2025-04-23T17:03:21.804805 - Pose:
tensor([[[-0.1248, -0.9918, -0.0257,  0.0241],
         [-0.6080,  0.0970, -0.7880, -0.0933],
         [ 0.7841, -0.0827, -0.6151,  0.7545],
         [ 0.0000,  0.0000,  0.0000,  1.0000]]])
2025-04-23T17:03:21.870363 - Final transform:
[[-0.12 -0.99 -0.02  0.02]
 [-0.62  0.1  -0.78 -0.09]
 [ 0.78 -0.08 -0.62  0.76]
 [ 0.    0.    0.    1.  ]]
2025-04-23T17:03:21.870363 - Pose:
tensor([[[-0.1233, -0.9921, -0.0233,  0.0241],
         [-0.6172,  0.0950, -0.7810, -0.0937],
         [ 0.7771, -0.0819, -0.6240,  0.7543],
         [ 0.0000,  0.0000,  0.0000,  1.0000]]])
2025-04-23T17:03:21.935406 - Final transform:
[[-0.13 -0.99 -0.02  0.02]
 [-0.62  0.1  -0.78 -0.09]
 [ 0.77 -0.09 -0.63  0.76]
 [ 0.    0.    0.    1.  ]]
2025-04-23T17:03:21.935406 - Pose:
tensor([[[-0.1330, -0.9908, -0.0236,  0.0240],
         [-0.6223,  0.1020, -0.7761, -0.0936],
         [ 0.7714, -0.0885, -0.6301,  0.7541],
         [ 0.0000,  0.0000,  0.0000,  1.0000]]])
2025-04-23T17:03:21.999069 - Final transform:
[[-0.1  -0.99 -0.03  0.02]
 [-0.62  0.09 -0.78 -0.09]
 [ 0.78 -0.07 -0.62  0.76]
 [ 0.    0.    0.    1.  ]]
2025-04-23T17:03:21.999069 - Pose:
tensor([[[-0.1045, -0.9942, -0.0266,  0.0240],
         [-0.6152,  0.0856, -0.7837, -0.0933],
         [ 0.7814, -0.0656, -0.6206,  0.7546],
         [ 0.0000,  0.0000,  0.0000,  1.0000]]])
2025-04-23T17:03:22.064642 - Final transform:
[[-0.14 -0.99 -0.02  0.02]
 [-0.61  0.1  -0.78 -0.09]
 [ 0.78 -0.09 -0.62  0.76]
 [ 0.    0.    0.    1.  ]]
2025-04-23T17:03:22.064642 - Pose:
tensor([[[-0.1391, -0.9900, -0.0231,  0.0239],
         [-0.6150,  0.1046, -0.7816, -0.0939],
         [ 0.7762, -0.0944, -0.6234,  0.7547],
         [ 0.0000,  0.0000,  0.0000,  1.0000]]])
2025-04-23T17:03:22.134102 - Final transform:
[[-0.11 -0.99 -0.03  0.02]
 [-0.62  0.09 -0.78 -0.09]
 [ 0.78 -0.07 -0.62  0.76]
 [ 0.    0.    0.    1.  ]]
2025-04-23T17:03:22.134102 - Pose:
tensor([[[-0.1099, -0.9936, -0.0252,  0.0241],
         [-0.6164,  0.0881, -0.7825, -0.0934],
         [ 0.7797, -0.0705, -0.6222,  0.7550],
         [ 0.0000,  0.0000,  0.0000,  1.0000]]])
2025-04-23T17:03:22.198778 - Final transform:
[[-0.11 -0.99 -0.03  0.02]
 [-0.62  0.09 -0.78 -0.09]
 [ 0.78 -0.07 -0.62  0.76]
 [ 0.    0.    0.    1.  ]]
2025-04-23T17:03:22.198778 - Pose:
tensor([[[-0.1084, -0.9937, -0.0272,  0.0241],
         [-0.6181,  0.0888, -0.7811, -0.0938],
         [ 0.7786, -0.0679, -0.6238,  0.7548],
         [ 0.0000,  0.0000,  0.0000,  1.0000]]])
2025-04-23T17:03:22.264275 - Final transform:
[[-0.13 -0.99 -0.02  0.02]
 [-0.62  0.1  -0.78 -0.09]
 [ 0.77 -0.09 -0.63  0.76]
 [ 0.    0.    0.    1.  ]]
2025-04-23T17:03:22.264275 - Pose:
tensor([[[-0.1326, -0.9909, -0.0239,  0.0242],
         [-0.6186,  0.1015, -0.7791, -0.0936],
         [ 0.7744, -0.0885, -0.6265,  0.7544],
         [ 0.0000,  0.0000,  0.0000,  1.0000]]])
2025-04-23T17:03:22.331324 - Final transform:
[[-0.11 -0.99 -0.02  0.02]
 [-0.62  0.09 -0.78 -0.09]
 [ 0.78 -0.07 -0.62  0.76]
 [ 0.    0.    0.    1.  ]]
2025-04-23T17:03:22.331324 - Pose:
tensor([[[-0.1122, -0.9934, -0.0228,  0.0240],
         [-0.6179,  0.0877, -0.7813, -0.0935],
         [ 0.7782, -0.0736, -0.6237,  0.7542],
         [ 0.0000,  0.0000,  0.0000,  1.0000]]])
2025-04-23T17:03:22.395882 - Final transform:
[[-0.13 -0.99 -0.02  0.02]
 [-0.62  0.1  -0.78 -0.09]
 [ 0.77 -0.08 -0.63  0.76]
 [ 0.    0.    0.    1.  ]]
2025-04-23T17:03:22.395882 - Pose:
tensor([[[-0.1251, -0.9919, -0.0226,  0.0240],
         [-0.6201,  0.0959, -0.7787, -0.0937],
         [ 0.7745, -0.0834, -0.6270,  0.7546],
         [ 0.0000,  0.0000,  0.0000,  1.0000]]])
2025-04-23T17:03:22.458762 - Final transform:
[[-0.13 -0.99 -0.02  0.02]
 [-0.62  0.1  -0.78 -0.09]
 [ 0.78 -0.09 -0.63  0.76]
 [ 0.    0.    0.    1.  ]]
2025-04-23T17:03:22.458762 - Pose:
tensor([[[-0.1291, -0.9914, -0.0220,  0.0241],
         [-0.6182,  0.0978, -0.7799, -0.0939],
         [ 0.7753, -0.0871, -0.6255,  0.7546],
         [ 0.0000,  0.0000,  0.0000,  1.0000]]])
2025-04-23T17:03:22.525227 - Final transform:
[[-0.12 -0.99 -0.03  0.02]
 [-0.61  0.1  -0.78 -0.09]
 [ 0.78 -0.08 -0.62  0.76]
 [ 0.    0.    0.    1.  ]]
2025-04-23T17:03:22.525227 - Pose:
tensor([[[-0.1249, -0.9918, -0.0255,  0.0241],
         [-0.6119,  0.0972, -0.7850, -0.0936],
         [ 0.7810, -0.0824, -0.6190,  0.7546],
         [ 0.0000,  0.0000,  0.0000,  1.0000]]])
2025-04-23T17:03:22.590375 - Final transform:
[[-0.1  -0.99 -0.02  0.02]
 [-0.62  0.08 -0.78 -0.09]
 [ 0.78 -0.06 -0.62  0.76]
 [ 0.    0.    0.    1.  ]]
2025-04-23T17:03:22.590375 - Pose:
tensor([[[-0.1005, -0.9946, -0.0242,  0.0240],
         [-0.6190,  0.0815, -0.7811, -0.0935],
         [ 0.7789, -0.0635, -0.6239,  0.7548],
         [ 0.0000,  0.0000,  0.0000,  1.0000]]])
2025-04-23T17:03:22.654354 - Final transform:
[[-0.15 -0.99 -0.02  0.02]
 [-0.62  0.11 -0.78 -0.09]
 [ 0.77 -0.1  -0.63  0.76]
 [ 0.    0.    0.    1.  ]]
2025-04-23T17:03:22.654354 - Pose:
tensor([[[-0.1504, -0.9884, -0.0200,  0.0241],
         [-0.6197,  0.1100, -0.7771, -0.0938],
         [ 0.7703, -0.1045, -0.6291,  0.7544],
         [ 0.0000,  0.0000,  0.0000,  1.0000]]])
2025-04-23T17:03:22.719802 - Final transform:
[[-0.12 -0.99 -0.02  0.02]
 [-0.62  0.09 -0.78 -0.09]
 [ 0.77 -0.08 -0.63  0.76]
 [ 0.    0.    0.    1.  ]]
2025-04-23T17:03:22.719802 - Pose:
tensor([[[-0.1184, -0.9927, -0.0229,  0.0241],
         [-0.6220,  0.0921, -0.7775, -0.0935],
         [ 0.7740, -0.0778, -0.6284,  0.7550],
         [ 0.0000,  0.0000,  0.0000,  1.0000]]])
2025-04-23T17:03:22.789313 - Final transform:
[[-0.1  -0.99 -0.03  0.02]
 [-0.62  0.09 -0.78 -0.09]
 [ 0.77 -0.07 -0.63  0.76]
 [ 0.    0.    0.    1.  ]]
2025-04-23T17:03:22.789313 - Pose:
tensor([[[-0.1046, -0.9942, -0.0258,  0.0240],
         [-0.6236,  0.0858, -0.7770, -0.0934],
         [ 0.7747, -0.0652, -0.6290,  0.7547],
         [ 0.0000,  0.0000,  0.0000,  1.0000]]])
2025-04-23T17:03:22.855684 - Final transform:
[[-0.11 -0.99 -0.02  0.02]
 [-0.62  0.09 -0.78 -0.09]
 [ 0.78 -0.07 -0.63  0.76]
 [ 0.    0.    0.    1.  ]]
2025-04-23T17:03:22.855684 - Pose:
tensor([[[-0.1104, -0.9937, -0.0207,  0.0239],
         [-0.6213,  0.0853, -0.7789, -0.0937],
         [ 0.7758, -0.0731, -0.6268,  0.7551],
         [ 0.0000,  0.0000,  0.0000,  1.0000]]])
2025-04-23T17:03:22.922920 - Final transform:
[[-0.13 -0.99 -0.02  0.02]
 [-0.61  0.1  -0.78 -0.09]
 [ 0.78 -0.09 -0.62  0.76]
 [ 0.    0.    0.    1.  ]]
2025-04-23T17:03:22.922920 - Pose:
tensor([[[-0.1290, -0.9914, -0.0207,  0.0239],
         [-0.6135,  0.0962, -0.7838, -0.0933],
         [ 0.7791, -0.0884, -0.6206,  0.7546],
         [ 0.0000,  0.0000,  0.0000,  1.0000]]])
2025-04-23T17:03:22.991741 - Final transform:
[[-0.11 -0.99 -0.02  0.02]
 [-0.62  0.09 -0.78 -0.09]
 [ 0.77 -0.07 -0.63  0.76]
 [ 0.    0.    0.    1.  ]]
2025-04-23T17:03:22.991741 - Pose:
tensor([[[-0.1074, -0.9940, -0.0226,  0.0239],
         [-0.6245,  0.0851, -0.7764, -0.0936],
         [ 0.7736, -0.0693, -0.6298,  0.7550],
         [ 0.0000,  0.0000,  0.0000,  1.0000]]])
2025-04-23T17:03:23.060236 - Final transform:
[[-0.11 -0.99 -0.02  0.02]
 [-0.62  0.08 -0.78 -0.09]
 [ 0.78 -0.07 -0.62  0.76]
 [ 0.    0.    0.    1.  ]]
2025-04-23T17:03:23.060236 - Pose:
tensor([[[-0.1101, -0.9937, -0.0208,  0.0240],
         [-0.6171,  0.0848, -0.7823, -0.0935],
         [ 0.7791, -0.0733, -0.6226,  0.7548],
         [ 0.0000,  0.0000,  0.0000,  1.0000]]])
2025-04-23T17:03:23.135395 - Final transform:
[[-0.17 -0.99 -0.02  0.02]
 [-0.6   0.12 -0.79 -0.09]
 [ 0.78 -0.12 -0.62  0.76]
 [ 0.    0.    0.    1.  ]]
2025-04-23T17:03:23.135395 - Pose:
tensor([[[-0.1693, -0.9854, -0.0169,  0.0239],
         [-0.6049,  0.1174, -0.7876, -0.0934],
         [ 0.7781, -0.1231, -0.6160,  0.7540],
         [ 0.0000,  0.0000,  0.0000,  1.0000]]])
2025-04-23T17:03:23.198841 - Final transform:
[[-0.15 -0.99 -0.02  0.02]
 [-0.61  0.11 -0.79 -0.09]
 [ 0.78 -0.11 -0.62  0.76]
 [ 0.    0.    0.    1.  ]]
2025-04-23T17:03:23.198841 - Pose:
tensor([[[-0.1526, -0.9881, -0.0197,  0.0239],
         [-0.6082,  0.1096, -0.7862, -0.0940],
         [ 0.7790, -0.1080, -0.6177,  0.7544],
         [ 0.0000,  0.0000,  0.0000,  1.0000]]])
2025-04-23T17:03:23.265376 - Final transform:
[[-0.12 -0.99 -0.02  0.02]
 [-0.62  0.09 -0.78 -0.09]
 [ 0.77 -0.08 -0.63  0.76]
 [ 0.    0.    0.    1.  ]]
2025-04-23T17:03:23.265376 - Pose:
tensor([[[-0.1235, -0.9922, -0.0190,  0.0240],
         [-0.6210,  0.0922, -0.7784, -0.0937],
         [ 0.7740, -0.0843, -0.6275,  0.7542],
         [ 0.0000,  0.0000,  0.0000,  1.0000]]])
2025-04-23T17:03:23.327952 - Final transform:
[[-0.13 -0.99 -0.02  0.02]
 [-0.61  0.1  -0.79 -0.09]
 [ 0.78 -0.09 -0.62  0.76]
 [ 0.    0.    0.    1.  ]]
2025-04-23T17:03:23.327952 - Pose:
tensor([[[-0.1307, -0.9912, -0.0216,  0.0239],
         [-0.6111,  0.0977, -0.7855, -0.0933],
         [ 0.7807, -0.0894, -0.6185,  0.7546],
         [ 0.0000,  0.0000,  0.0000,  1.0000]]])
2025-04-23T17:03:23.395676 - Final transform:
[[-0.15 -0.99 -0.02  0.02]
 [-0.61  0.11 -0.78 -0.09]
 [ 0.78 -0.1  -0.62  0.76]
 [ 0.    0.    0.    1.  ]]
2025-04-23T17:03:23.395676 - Pose:
tensor([[[-0.1501, -0.9884, -0.0211,  0.0242],
         [-0.6134,  0.1098, -0.7821, -0.0931],
         [ 0.7753, -0.1045, -0.6228,  0.7547],
         [ 0.0000,  0.0000,  0.0000,  1.0000]]])
2025-04-23T17:03:23.461409 - Final transform:
[[-0.14 -0.99 -0.02  0.02]
 [-0.61  0.1  -0.78 -0.09]
 [ 0.78 -0.09 -0.62  0.76]
 [ 0.    0.    0.    1.  ]]
2025-04-23T17:03:23.461409 - Pose:
tensor([[[-0.1357, -0.9905, -0.0200,  0.0240],
         [-0.6130,  0.0998, -0.7837, -0.0935],
         [ 0.7783, -0.0941, -0.6208,  0.7549],
         [ 0.0000,  0.0000,  0.0000,  1.0000]]])
2025-04-23T17:03:23.525854 - Final transform:
[[-0.12 -0.99 -0.02  0.02]
 [-0.62  0.09 -0.78 -0.09]
 [ 0.78 -0.08 -0.62  0.76]
 [ 0.    0.    0.    1.  ]]
2025-04-23T17:03:23.525854 - Pose:
tensor([[[-0.1169, -0.9929, -0.0212,  0.0239],
         [-0.6164,  0.0893, -0.7824, -0.0935],
         [ 0.7787, -0.0784, -0.6225,  0.7540],
         [ 0.0000,  0.0000,  0.0000,  1.0000]]])
2025-04-23T17:03:23.599342 - Final transform:
[[-0.12 -0.99 -0.02  0.02]
 [-0.62  0.09 -0.78 -0.09]
 [ 0.77 -0.08 -0.63  0.76]
 [ 0.    0.    0.    1.  ]]
2025-04-23T17:03:23.599342 - Pose:
tensor([[[-0.1160, -0.9931, -0.0197,  0.0239],
         [-0.6214,  0.0881, -0.7785, -0.0936],
         [ 0.7748, -0.0780, -0.6273,  0.7548],
         [ 0.0000,  0.0000,  0.0000,  1.0000]]])
2025-04-23T17:03:23.667066 - Final transform:
[[-0.1  -1.   -0.02  0.02]
 [-0.62  0.08 -0.78 -0.09]
 [ 0.78 -0.06 -0.62  0.76]
 [ 0.    0.    0.    1.  ]]
2025-04-23T17:03:23.667066 - Pose:
tensor([[[-0.0970, -0.9951, -0.0210,  0.0238],
         [-0.6201,  0.0769, -0.7807, -0.0935],
         [ 0.7785, -0.0627, -0.6245,  0.7549],
         [ 0.0000,  0.0000,  0.0000,  1.0000]]])
2025-04-23T17:03:23.733387 - Final transform:
[[-0.12 -0.99 -0.02  0.02]
 [-0.62  0.09 -0.78 -0.09]
 [ 0.78 -0.08 -0.63  0.76]
 [ 0.    0.    0.    1.  ]]
2025-04-23T17:03:23.733387 - Pose:
tensor([[[-0.1211, -0.9924, -0.0212,  0.0240],
         [-0.6191,  0.0922, -0.7799, -0.0934],
         [ 0.7759, -0.0814, -0.6255,  0.7544],
         [ 0.0000,  0.0000,  0.0000,  1.0000]]])
2025-04-23T17:03:23.798137 - Final transform:
[[-0.13 -0.99 -0.02  0.02]
 [-0.61  0.1  -0.78 -0.09]
 [ 0.78 -0.09 -0.62  0.76]
 [ 0.    0.    0.    1.  ]]
2025-04-23T17:03:23.798137 - Pose:
tensor([[[-0.1319, -0.9911, -0.0207,  0.0242],
         [-0.6144,  0.0981, -0.7829, -0.0933],
         [ 0.7779, -0.0905, -0.6218,  0.7546],
         [ 0.0000,  0.0000,  0.0000,  1.0000]]])
2025-04-23T17:03:23.863140 - Final transform:
[[-0.12 -0.99 -0.02  0.02]
 [-0.62  0.09 -0.78 -0.09]
 [ 0.78 -0.08 -0.63  0.76]
 [ 0.    0.    0.    1.  ]]
2025-04-23T17:03:23.863140 - Pose:
tensor([[[-0.1154, -0.9931, -0.0214,  0.0239],
         [-0.6212,  0.0889, -0.7786, -0.0936],
         [ 0.7751, -0.0765, -0.6271,  0.7546],
         [ 0.0000,  0.0000,  0.0000,  1.0000]]])
2025-04-23T17:03:23.930334 - Final transform:
[[-0.11 -0.99 -0.02  0.02]
 [-0.62  0.09 -0.78 -0.09]
 [ 0.78 -0.08 -0.62  0.76]
 [ 0.    0.    0.    1.  ]]
2025-04-23T17:03:23.930334 - Pose:
tensor([[[-0.1131, -0.9934, -0.0211,  0.0239],
         [-0.6152,  0.0867, -0.7836, -0.0936],
         [ 0.7802, -0.0757, -0.6210,  0.7548],
         [ 0.0000,  0.0000,  0.0000,  1.0000]]])
2025-04-23T17:03:23.997253 - Final transform:
[[-0.12 -0.99 -0.02  0.02]
 [-0.62  0.09 -0.78 -0.09]
 [ 0.78 -0.08 -0.62  0.76]
 [ 0.    0.    0.    1.  ]]
2025-04-23T17:03:23.997253 - Pose:
tensor([[[-0.1233, -0.9921, -0.0228,  0.0239],
         [-0.6160,  0.0945, -0.7821, -0.0936],
         [ 0.7781, -0.0824, -0.6228,  0.7548],
         [ 0.0000,  0.0000,  0.0000,  1.0000]]])
2025-04-23T17:03:24.067219 - Final transform:
[[-0.11 -0.99 -0.02  0.02]
 [-0.63  0.09 -0.77 -0.09]
 [ 0.77 -0.07 -0.63  0.76]
 [ 0.    0.    0.    1.  ]]
2025-04-23T17:03:24.067219 - Pose:
tensor([[[-0.1116, -0.9935, -0.0237,  0.0241],
         [-0.6258,  0.0888, -0.7750, -0.0937],
         [ 0.7720, -0.0717, -0.6316,  0.7547],
         [ 0.0000,  0.0000,  0.0000,  1.0000]]])
2025-04-23T17:03:24.133852 - Final transform:
[[-0.12 -0.99 -0.02  0.02]
 [-0.61  0.09 -0.78 -0.09]
 [ 0.78 -0.08 -0.62  0.76]
 [ 0.    0.    0.    1.  ]]
2025-04-23T17:03:24.133852 - Pose:
tensor([[[-0.1151, -0.9931, -0.0242,  0.0242],
         [-0.6131,  0.0902, -0.7849, -0.0933],
         [ 0.7816, -0.0755, -0.6192,  0.7548],
         [ 0.0000,  0.0000,  0.0000,  1.0000]]])
2025-04-23T17:03:24.200661 - Final transform:
[[-0.1  -0.99 -0.02  0.02]
 [-0.62  0.08 -0.78 -0.09]
 [ 0.78 -0.07 -0.63  0.76]
 [ 0.    0.    0.    1.  ]]
2025-04-23T17:03:24.200661 - Pose:
tensor([[[-0.1039, -0.9943, -0.0231,  0.0241],
         [-0.6228,  0.0831, -0.7780, -0.0938],
         [ 0.7755, -0.0665, -0.6279,  0.7542],
         [ 0.0000,  0.0000,  0.0000,  1.0000]]])
2025-04-23T17:03:24.267232 - Final transform:
[[-0.11 -0.99 -0.02  0.02]
 [-0.62  0.09 -0.78 -0.09]
 [ 0.77 -0.07 -0.63  0.76]
 [ 0.    0.    0.    1.  ]]
2025-04-23T17:03:24.267232 - Pose:
tensor([[[-0.1125, -0.9933, -0.0248,  0.0241],
         [-0.6229,  0.0899, -0.7771, -0.0934],
         [ 0.7742, -0.0720, -0.6289,  0.7546],
         [ 0.0000,  0.0000,  0.0000,  1.0000]]])
2025-04-23T17:03:24.336593 - Final transform:
[[-0.13 -0.99 -0.02  0.02]
 [-0.61  0.1  -0.78 -0.09]
 [ 0.78 -0.08 -0.62  0.76]
 [ 0.    0.    0.    1.  ]]
2025-04-23T17:03:24.336593 - Pose:
tensor([[[-0.1265, -0.9917, -0.0250,  0.0242],
         [-0.6126,  0.0979, -0.7843, -0.0929],
         [ 0.7802, -0.0839, -0.6199,  0.7543],
         [ 0.0000,  0.0000,  0.0000,  1.0000]]])
2025-04-23T17:03:24.400783 - Final transform:
[[-0.12 -0.99 -0.02  0.02]
 [-0.62  0.1  -0.78 -0.09]
 [ 0.78 -0.08 -0.63  0.76]
 [ 0.    0.    0.    1.  ]]
2025-04-23T17:03:24.400783 - Pose:
tensor([[[-0.1224, -0.9922, -0.0244,  0.0239],
         [-0.6199,  0.0956, -0.7788, -0.0937],
         [ 0.7750, -0.0802, -0.6268,  0.7547],
         [ 0.0000,  0.0000,  0.0000,  1.0000]]])
2025-04-23T17:03:24.468343 - Final transform:
[[-0.13 -0.99 -0.02  0.02]
 [-0.62  0.1  -0.78 -0.09]
 [ 0.77 -0.09 -0.63  0.76]
 [ 0.    0.    0.    1.  ]]
2025-04-23T17:03:24.468343 - Pose:
tensor([[[-0.1313, -0.9912, -0.0192,  0.0240],
         [-0.6184,  0.0970, -0.7798, -0.0937],
         [ 0.7748, -0.0906, -0.6257,  0.7548],
         [ 0.0000,  0.0000,  0.0000,  1.0000]]])
2025-04-23T17:03:24.534915 - Final transform:
[[-0.12 -0.99 -0.02  0.02]
 [-0.61  0.09 -0.78 -0.09]
 [ 0.78 -0.08 -0.62  0.76]
 [ 0.    0.    0.    1.  ]]
2025-04-23T17:03:24.534915 - Pose:
tensor([[[-0.1190, -0.9926, -0.0242,  0.0240],
         [-0.6133,  0.0927, -0.7844, -0.0934],
         [ 0.7809, -0.0785, -0.6197,  0.7548],
         [ 0.0000,  0.0000,  0.0000,  1.0000]]])
2025-04-23T17:03:24.601373 - Final transform:
[[-0.15 -0.99 -0.02  0.02]
 [-0.61  0.11 -0.79 -0.09]
 [ 0.78 -0.11 -0.62  0.76]
 [ 0.    0.    0.    1.  ]]
2025-04-23T17:03:24.601373 - Pose:
tensor([[[-0.1530, -0.9879, -0.0245,  0.0243],
         [-0.6074,  0.1136, -0.7862, -0.0932],
         [ 0.7795, -0.1054, -0.6175,  0.7550],
         [ 0.0000,  0.0000,  0.0000,  1.0000]]])
2025-04-23T17:03:24.669813 - Final transform:
[[-0.15 -0.99 -0.02  0.02]
 [-0.61  0.1  -0.79 -0.09]
 [ 0.78 -0.1  -0.62  0.76]
 [ 0.    0.    0.    1.  ]]
2025-04-23T17:03:24.669813 - Pose:
tensor([[[-0.1450, -0.9893, -0.0189,  0.0239],
         [-0.6075,  0.1041, -0.7875, -0.0934],
         [ 0.7810, -0.1027, -0.6161,  0.7543],
         [ 0.0000,  0.0000,  0.0000,  1.0000]]])
2025-04-23T17:03:24.740295 - Final transform:
[[-0.16 -0.99 -0.02  0.02]
 [-0.61  0.12 -0.78 -0.09]
 [ 0.78 -0.11 -0.62  0.76]
 [ 0.    0.    0.    1.  ]]
2025-04-23T17:03:24.740295 - Pose:
tensor([[[-0.1633, -0.9863, -0.0227,  0.0242],
         [-0.6105,  0.1191, -0.7830, -0.0938],
         [ 0.7750, -0.1140, -0.6216,  0.7552],
         [ 0.0000,  0.0000,  0.0000,  1.0000]]])
2025-04-23T17:03:24.804145 - Final transform:
[[-0.11 -0.99 -0.02  0.02]
 [-0.62  0.09 -0.78 -0.09]
 [ 0.78 -0.08 -0.63  0.76]
 [ 0.    0.    0.    1.  ]]
2025-04-23T17:03:24.804145 - Pose:
tensor([[[-0.1145, -0.9932, -0.0221,  0.0240],
         [-0.6199,  0.0888, -0.7796, -0.0938],
         [ 0.7763, -0.0755, -0.6259,  0.7549],
         [ 0.0000,  0.0000,  0.0000,  1.0000]]])
2025-04-23T17:03:24.872252 - Final transform:
[[-0.1  -0.99 -0.02  0.02]
 [-0.62  0.08 -0.78 -0.09]
 [ 0.78 -0.07 -0.63  0.76]
 [ 0.    0.    0.    1.  ]]
2025-04-23T17:03:24.872252 - Pose:
tensor([[[-0.1020, -0.9945, -0.0233,  0.0239],
         [-0.6218,  0.0820, -0.7789, -0.0938],
         [ 0.7765, -0.0650, -0.6268,  0.7543],
         [ 0.0000,  0.0000,  0.0000,  1.0000]]])
2025-04-23T17:03:24.938180 - Final transform:
[[-0.12 -0.99 -0.02  0.02]
 [-0.62  0.09 -0.78 -0.09]
 [ 0.78 -0.08 -0.63  0.76]
 [ 0.    0.    0.    1.  ]]
2025-04-23T17:03:24.938180 - Pose:
tensor([[[-0.1181, -0.9927, -0.0224,  0.0239],
         [-0.6201,  0.0913, -0.7791, -0.0937],
         [ 0.7755, -0.0782, -0.6264,  0.7540],
         [ 0.0000,  0.0000,  0.0000,  1.0000]]])
2025-04-23T17:03:25.004436 - Final transform:
[[-0.13 -0.99 -0.02  0.02]
 [-0.62  0.1  -0.78 -0.09]
