2025-04-17T19:01:50.717289 - Final transform:
[[-0.05  1.   -0.05  0.1 ]
 [-0.94 -0.07 -0.35  0.06]
 [-0.35  0.03  0.94  0.81]
 [ 0.    0.    0.    1.  ]]
2025-04-17T19:01:50.717289 - Pose:
tensor([[[-0.0536,  0.9972, -0.0520,  0.0998],
         [-0.9355, -0.0684, -0.3467,  0.0653],
         [-0.3493,  0.0300,  0.9365,  0.8096],
         [ 0.0000,  0.0000,  0.0000,  1.0000]]])
2025-04-17T19:01:50.802846 - Final transform:
[[-0.06  1.   -0.04  0.1 ]
 [-0.94 -0.07 -0.35  0.06]
 [-0.35  0.02  0.94  0.81]
 [ 0.    0.    0.    1.  ]]
2025-04-17T19:01:50.802846 - Pose:
tensor([[[-0.0617,  0.9972, -0.0418,  0.1000],
         [-0.9354, -0.0724, -0.3460,  0.0653],
         [-0.3481,  0.0178,  0.9373,  0.8100],
         [ 0.0000,  0.0000,  0.0000,  1.0000]]])
2025-04-17T19:01:50.878145 - Final transform:
[[-0.05  1.   -0.05  0.1 ]
 [-0.93 -0.06 -0.35  0.07]
 [-0.35  0.02  0.94  0.81]
 [ 0.    0.    0.    1.  ]]
2025-04-17T19:01:50.878145 - Pose:
tensor([[[-0.0519,  0.9976, -0.0453,  0.0996],
         [-0.9345, -0.0646, -0.3502,  0.0657],
         [-0.3523,  0.0242,  0.9356,  0.8101],
         [ 0.0000,  0.0000,  0.0000,  1.0000]]])
2025-04-17T19:01:50.949854 - Final transform:
[[-0.05  1.   -0.05  0.1 ]
 [-0.93 -0.07 -0.36  0.06]
 [-0.37  0.03  0.93  0.81]
 [ 0.    0.    0.    1.  ]]
2025-04-17T19:01:50.949854 - Pose:
tensor([[[-0.0520,  0.9974, -0.0506,  0.0996],
         [-0.9291, -0.0669, -0.3638,  0.0655],
         [-0.3662,  0.0281,  0.9301,  0.8101],
         [ 0.0000,  0.0000,  0.0000,  1.0000]]])
2025-04-17T19:01:51.022444 - Final transform:
[[-0.05  1.   -0.06  0.1 ]
 [-0.93 -0.07 -0.36  0.07]
 [-0.37  0.04  0.93  0.81]
 [ 0.    0.    0.    1.  ]]
2025-04-17T19:01:51.022444 - Pose:
tensor([[[-0.0483,  0.9972, -0.0571,  0.0995],
         [-0.9296, -0.0658, -0.3626,  0.0656],
         [-0.3654,  0.0356,  0.9302,  0.8099],
         [ 0.0000,  0.0000,  0.0000,  1.0000]]])
2025-04-17T19:01:51.090969 - Final transform:
[[-0.05  1.   -0.06  0.1 ]
 [-0.93 -0.07 -0.36  0.06]
 [-0.37  0.04  0.93  0.81]
 [ 0.    0.    0.    1.  ]]
2025-04-17T19:01:51.090969 - Pose:
tensor([[[-0.0486,  0.9972, -0.0570,  0.0998],
         [-0.9293, -0.0661, -0.3634,  0.0655],
         [-0.3661,  0.0353,  0.9299,  0.8103],
         [ 0.0000,  0.0000,  0.0000,  1.0000]]])
2025-04-17T19:01:51.159386 - Final transform:
[[-0.05  1.   -0.05  0.1 ]
 [-0.93 -0.06 -0.35  0.06]
 [-0.36  0.03  0.93  0.81]
 [ 0.    0.    0.    1.  ]]
2025-04-17T19:01:51.159386 - Pose:
tensor([[[-0.0495,  0.9977, -0.0470,  0.0995],
         [-0.9328, -0.0630, -0.3550,  0.0655],
         [-0.3571,  0.0262,  0.9337,  0.8096],
         [ 0.0000,  0.0000,  0.0000,  1.0000]]])
2025-04-17T19:01:51.225519 - Final transform:
[[-0.06  1.   -0.04  0.1 ]
 [-0.94 -0.07 -0.35  0.06]
 [-0.35  0.02  0.94  0.81]
 [ 0.    0.    0.    1.  ]]
2025-04-17T19:01:51.225519 - Pose:
tensor([[[-0.0566,  0.9975, -0.0413,  0.0999],
         [-0.9352, -0.0674, -0.3477,  0.0655],
         [-0.3496,  0.0190,  0.9367,  0.8103],
         [ 0.0000,  0.0000,  0.0000,  1.0000]]])
2025-04-17T19:01:51.292304 - Final transform:
[[-0.05  1.   -0.05  0.1 ]
 [-0.93 -0.07 -0.37  0.06]
 [-0.37  0.02  0.93  0.81]
 [ 0.    0.    0.    1.  ]]
2025-04-17T19:01:51.292304 - Pose:
tensor([[[-0.0532,  0.9975, -0.0463,  0.0996],
         [-0.9276, -0.0666, -0.3676,  0.0655],
         [-0.3698,  0.0234,  0.9288,  0.8101],
         [ 0.0000,  0.0000,  0.0000,  1.0000]]])
2025-04-17T19:01:51.374009 - Final transform:
[[-0.05  1.   -0.05  0.1 ]
 [-0.93 -0.07 -0.36  0.06]
 [-0.37  0.02  0.93  0.81]
 [ 0.    0.    0.    1.  ]]
2025-04-17T19:01:51.374009 - Pose:
tensor([[[-0.0536,  0.9975, -0.0466,  0.0998],
         [-0.9287, -0.0669, -0.3647,  0.0655],
         [-0.3669,  0.0237,  0.9299,  0.8106],
         [ 0.0000,  0.0000,  0.0000,  1.0000]]])
2025-04-17T19:01:51.444090 - Final transform:
[[-0.05  1.   -0.06  0.1 ]
 [-0.93 -0.07 -0.36  0.06]
 [-0.36  0.04  0.93  0.81]
 [ 0.    0.    0.    1.  ]]
2025-04-17T19:01:51.444090 - Pose:
tensor([[[-0.0489,  0.9970, -0.0597,  0.0996],
         [-0.9301, -0.0672, -0.3610,  0.0655],
         [-0.3640,  0.0379,  0.9306,  0.8100],
         [ 0.0000,  0.0000,  0.0000,  1.0000]]])
2025-04-17T19:01:51.513323 - Final transform:
[[-0.06  1.   -0.04  0.1 ]
 [-0.93 -0.07 -0.35  0.06]
 [-0.36  0.02  0.93  0.81]
 [ 0.    0.    0.    1.  ]]
2025-04-17T19:01:51.513323 - Pose:
tensor([[[-0.0554,  0.9977, -0.0395,  0.0995],
         [-0.9326, -0.0659, -0.3547,  0.0655],
         [-0.3565,  0.0172,  0.9341,  0.8098],
         [ 0.0000,  0.0000,  0.0000,  1.0000]]])
2025-04-17T19:01:51.584083 - Final transform:
[[-0.06  1.   -0.04  0.1 ]
 [-0.93 -0.07 -0.36  0.07]
 [-0.36  0.01  0.93  0.81]
 [ 0.    0.    0.    1.  ]]
2025-04-17T19:01:51.584083 - Pose:
tensor([[[-0.0600,  0.9974, -0.0391,  0.0995],
         [-0.9297, -0.0701, -0.3615,  0.0656],
         [-0.3633,  0.0146,  0.9315,  0.8102],
         [ 0.0000,  0.0000,  0.0000,  1.0000]]])
2025-04-17T19:01:51.656153 - Final transform:
[[-0.05  1.   -0.05  0.1 ]
 [-0.93 -0.07 -0.35  0.07]
 [-0.36  0.03  0.93  0.81]
 [ 0.    0.    0.    1.  ]]
2025-04-17T19:01:51.656153 - Pose:
tensor([[[-0.0533,  0.9975, -0.0473,  0.0997],
         [-0.9325, -0.0666, -0.3549,  0.0657],
         [-0.3571,  0.0252,  0.9337,  0.8103],
         [ 0.0000,  0.0000,  0.0000,  1.0000]]])
2025-04-17T19:01:51.727389 - Final transform:
[[-0.05  1.   -0.05  0.1 ]
 [-0.93 -0.07 -0.36  0.07]
 [-0.37  0.03  0.93  0.81]
 [ 0.    0.    0.    1.  ]]
2025-04-17T19:01:51.727389 - Pose:
tensor([[[-0.0494,  0.9973, -0.0548,  0.0996],
         [-0.9291, -0.0661, -0.3640,  0.0657],
         [-0.3666,  0.0330,  0.9298,  0.8101],
         [ 0.0000,  0.0000,  0.0000,  1.0000]]])
2025-04-17T19:01:51.796097 - Final transform:
[[-0.05  1.   -0.04  0.1 ]
 [-0.93 -0.06 -0.36  0.07]
 [-0.36  0.01  0.93  0.81]
 [ 0.    0.    0.    1.  ]]
2025-04-17T19:01:51.796097 - Pose:
tensor([[[-0.0537,  0.9979, -0.0361,  0.0997],
         [-0.9303, -0.0631, -0.3614,  0.0657],
         [-0.3629,  0.0142,  0.9317,  0.8104],
         [ 0.0000,  0.0000,  0.0000,  1.0000]]])
2025-04-17T19:01:51.864103 - Final transform:
[[-0.05  1.   -0.05  0.1 ]
 [-0.93 -0.07 -0.36  0.06]
 [-0.37  0.03  0.93  0.81]
 [ 0.    0.    0.    1.  ]]
2025-04-17T19:01:51.864103 - Pose:
tensor([[[-0.0531,  0.9972, -0.0518,  0.0997],
         [-0.9287, -0.0684, -0.3645,  0.0653],
         [-0.3670,  0.0287,  0.9298,  0.8101],
         [ 0.0000,  0.0000,  0.0000,  1.0000]]])
2025-04-17T19:01:51.933393 - Final transform:
[[-0.05  1.   -0.05  0.1 ]
 [-0.93 -0.07 -0.36  0.06]
 [-0.36  0.03  0.93  0.81]
 [ 0.    0.    0.    1.  ]]
2025-04-17T19:01:51.933393 - Pose:
tensor([[[-0.0546,  0.9972, -0.0511,  0.0995],
         [-0.9304, -0.0694, -0.3598,  0.0654],
         [-0.3624,  0.0279,  0.9316,  0.8100],
         [ 0.0000,  0.0000,  0.0000,  1.0000]]])
2025-04-17T19:01:52.000717 - Final transform:
[[-0.05  1.   -0.06  0.1 ]
 [-0.93 -0.07 -0.36  0.07]
 [-0.36  0.03  0.93  0.81]
 [ 0.    0.    0.    1.  ]]
2025-04-17T19:01:52.000717 - Pose:
tensor([[[-0.0502,  0.9971, -0.0567,  0.0994],
         [-0.9303, -0.0673, -0.3605,  0.0656],
         [-0.3633,  0.0347,  0.9310,  0.8095],
         [ 0.0000,  0.0000,  0.0000,  1.0000]]])
2025-04-17T19:01:52.070167 - Final transform:
[[-0.05  1.   -0.05  0.1 ]
 [-0.93 -0.07 -0.36  0.07]
 [-0.36  0.03  0.93  0.81]
 [ 0.    0.    0.    1.  ]]
2025-04-17T19:01:52.070167 - Pose:
tensor([[[-0.0517,  0.9975, -0.0485,  0.0994],
         [-0.9312, -0.0657, -0.3585,  0.0656],
         [-0.3608,  0.0266,  0.9323,  0.8099],
         [ 0.0000,  0.0000,  0.0000,  1.0000]]])
2025-04-17T19:01:52.140291 - Final transform:
[[-0.05  1.   -0.05  0.1 ]
 [-0.93 -0.07 -0.36  0.06]
 [-0.36  0.03  0.93  0.81]
 [ 0.    0.    0.    1.  ]]
2025-04-17T19:01:52.140291 - Pose:
tensor([[[-0.0533,  0.9973, -0.0499,  0.0994],
         [-0.9324, -0.0676, -0.3551,  0.0653],
         [-0.3575,  0.0276,  0.9335,  0.8095],
         [ 0.0000,  0.0000,  0.0000,  1.0000]]])
2025-04-17T19:01:52.208223 - Final transform:
[[-0.05  1.   -0.05  0.1 ]
 [-0.93 -0.07 -0.36  0.06]
 [-0.37  0.02  0.93  0.81]
 [ 0.    0.    0.    1.  ]]
2025-04-17T19:01:52.208223 - Pose:
tensor([[[-0.0535,  0.9975, -0.0457,  0.0994],
         [-0.9289, -0.0665, -0.3643,  0.0656],
         [-0.3664,  0.0230,  0.9302,  0.8098],
         [ 0.0000,  0.0000,  0.0000,  1.0000]]])
2025-04-17T19:01:52.283338 - Final transform:
[[-0.05  1.   -0.05  0.1 ]
 [-0.93 -0.07 -0.36  0.07]
 [-0.36  0.02  0.93  0.81]
 [ 0.    0.    0.    1.  ]]
2025-04-17T19:01:52.283338 - Pose:
tensor([[[-0.0541,  0.9975, -0.0462,  0.0997],
         [-0.9306, -0.0672, -0.3598,  0.0656],
         [-0.3620,  0.0235,  0.9319,  0.8106],
         [ 0.0000,  0.0000,  0.0000,  1.0000]]])
2025-04-17T19:01:52.350933 - Final transform:
[[-0.06  1.   -0.04  0.1 ]
 [-0.93 -0.07 -0.36  0.06]
 [-0.36  0.02  0.93  0.81]
 [ 0.    0.    0.    1.  ]]
2025-04-17T19:01:52.350933 - Pose:
tensor([[[-0.0560,  0.9976, -0.0413,  0.0996],
         [-0.9318, -0.0671, -0.3568,  0.0655],
         [-0.3587,  0.0185,  0.9333,  0.8101],
         [ 0.0000,  0.0000,  0.0000,  1.0000]]])
2025-04-17T19:01:52.422808 - Final transform:
[[-0.05  1.   -0.05  0.1 ]
 [-0.93 -0.07 -0.35  0.06]
 [-0.36  0.03  0.93  0.81]
 [ 0.    0.    0.    1.  ]]
2025-04-17T19:01:52.422808 - Pose:
tensor([[[-0.0546,  0.9972, -0.0513,  0.0996],
         [-0.9324, -0.0693, -0.3548,  0.0655],
         [-0.3573,  0.0285,  0.9335,  0.8101],
         [ 0.0000,  0.0000,  0.0000,  1.0000]]])
2025-04-17T19:01:52.492985 - Final transform:
[[-0.05  1.   -0.05  0.1 ]
 [-0.93 -0.07 -0.36  0.07]
 [-0.37  0.03  0.93  0.81]
 [ 0.    0.    0.    1.  ]]
2025-04-17T19:01:52.492985 - Pose:
tensor([[[-0.0522,  0.9974, -0.0496,  0.0996],
         [-0.9295, -0.0667, -0.3628,  0.0656],
         [-0.3651,  0.0271,  0.9306,  0.8100],
         [ 0.0000,  0.0000,  0.0000,  1.0000]]])
2025-04-17T19:01:52.568852 - Final transform:
[[-0.05  1.   -0.05  0.1 ]
 [-0.93 -0.07 -0.36  0.07]
 [-0.36  0.03  0.93  0.81]
 [ 0.    0.    0.    1.  ]]
2025-04-17T19:01:52.568852 - Pose:
tensor([[[-0.0490,  0.9974, -0.0534,  0.0996],
         [-0.9298, -0.0650, -0.3624,  0.0657],
         [-0.3649,  0.0319,  0.9305,  0.8102],
         [ 0.0000,  0.0000,  0.0000,  1.0000]]])
2025-04-17T19:01:52.643161 - Final transform:
[[-0.05  1.   -0.04  0.1 ]
 [-0.93 -0.07 -0.36  0.07]
 [-0.36  0.02  0.93  0.81]
 [ 0.    0.    0.    1.  ]]
2025-04-17T19:01:52.643161 - Pose:
tensor([[[-0.0543,  0.9976, -0.0420,  0.0996],
         [-0.9310, -0.0658, -0.3590,  0.0657],
         [-0.3609,  0.0196,  0.9324,  0.8103],
         [ 0.0000,  0.0000,  0.0000,  1.0000]]])
2025-04-17T19:01:52.719804 - Final transform:
[[-0.05  1.   -0.06  0.1 ]
 [-0.93 -0.07 -0.36  0.07]
 [-0.37  0.03  0.93  0.81]
 [ 0.    0.    0.    1.  ]]
2025-04-17T19:01:52.719804 - Pose:
tensor([[[-0.0488,  0.9972, -0.0567,  0.0994],
         [-0.9294, -0.0661, -0.3630,  0.0658],
         [-0.3657,  0.0350,  0.9301,  0.8102],
         [ 0.0000,  0.0000,  0.0000,  1.0000]]])
2025-04-17T19:01:52.788803 - Final transform:
[[-0.05  1.   -0.06  0.1 ]
 [-0.93 -0.07 -0.37  0.07]
 [-0.37  0.03  0.93  0.81]
 [ 0.    0.    0.    1.  ]]
2025-04-17T19:01:52.788803 - Pose:
tensor([[[-0.0495,  0.9972, -0.0567,  0.0993],
         [-0.9276, -0.0669, -0.3675,  0.0657],
         [-0.3703,  0.0344,  0.9283,  0.8101],
         [ 0.0000,  0.0000,  0.0000,  1.0000]]])
2025-04-17T19:01:52.857824 - Final transform:
[[-0.05  1.   -0.04  0.1 ]
 [-0.93 -0.07 -0.36  0.07]
 [-0.37  0.02  0.93  0.81]
 [ 0.    0.    0.    1.  ]]
2025-04-17T19:01:52.857824 - Pose:
tensor([[[-0.0530,  0.9977, -0.0429,  0.0992],
         [-0.9291, -0.0650, -0.3640,  0.0658],
         [-0.3659,  0.0206,  0.9304,  0.8097],
         [ 0.0000,  0.0000,  0.0000,  1.0000]]])
2025-04-17T19:01:52.926992 - Final transform:
[[-0.06  1.   -0.05  0.1 ]
 [-0.93 -0.07 -0.36  0.06]
 [-0.36  0.02  0.93  0.81]
 [ 0.    0.    0.    1.  ]]
2025-04-17T19:01:52.926992 - Pose:
tensor([[[-0.0600,  0.9971, -0.0463,  0.0999],
         [-0.9310, -0.0727, -0.3576,  0.0652],
         [-0.3599,  0.0217,  0.9327,  0.8099],
         [ 0.0000,  0.0000,  0.0000,  1.0000]]])
2025-04-17T19:01:52.999331 - Final transform:
[[-0.05  1.   -0.04  0.1 ]
 [-0.93 -0.06 -0.35  0.07]
 [-0.36  0.01  0.93  0.81]
 [ 0.    0.    0.    1.  ]]
2025-04-17T19:01:52.999331 - Pose:
tensor([[[-0.0539,  0.9979, -0.0362,  0.0994],
         [-0.9328, -0.0633, -0.3548,  0.0656],
         [-0.3564,  0.0146,  0.9342,  0.8098],
         [ 0.0000,  0.0000,  0.0000,  1.0000]]])
2025-04-17T19:01:53.068251 - Final transform:
[[-0.05  1.   -0.06  0.1 ]
 [-0.93 -0.07 -0.37  0.07]
 [-0.37  0.04  0.93  0.81]
 [ 0.    0.    0.    1.  ]]
2025-04-17T19:01:53.068251 - Pose:
tensor([[[-0.0468,  0.9969, -0.0634,  0.0994],
         [-0.9285, -0.0668, -0.3653,  0.0656],
         [-0.3684,  0.0417,  0.9287,  0.8100],
         [ 0.0000,  0.0000,  0.0000,  1.0000]]])
2025-04-17T19:01:53.140963 - Final transform:
[[-0.06  1.   -0.04  0.1 ]
 [-0.93 -0.07 -0.36  0.07]
 [-0.36  0.02  0.93  0.81]
 [ 0.    0.    0.    1.  ]]
2025-04-17T19:01:53.140963 - Pose:
tensor([[[-0.0552,  0.9976, -0.0429,  0.0996],
         [-0.9316, -0.0669, -0.3573,  0.0659],
         [-0.3593,  0.0202,  0.9330,  0.8104],
         [ 0.0000,  0.0000,  0.0000,  1.0000]]])
2025-04-17T19:01:53.211730 - Final transform:
[[-0.05  1.   -0.05  0.1 ]
 [-0.93 -0.07 -0.36  0.06]
 [-0.36  0.03  0.93  0.81]
 [ 0.    0.    0.    1.  ]]
2025-04-17T19:01:53.211730 - Pose:
tensor([[[-0.0488,  0.9973, -0.0543,  0.0996],
         [-0.9318, -0.0650, -0.3571,  0.0654],
         [-0.3597,  0.0332,  0.9325,  0.8096],
         [ 0.0000,  0.0000,  0.0000,  1.0000]]])
2025-04-17T19:01:53.281279 - Final transform:
[[-0.05  1.   -0.05  0.1 ]
 [-0.93 -0.07 -0.36  0.06]
 [-0.37  0.03  0.93  0.81]
 [ 0.    0.    0.    1.  ]]
2025-04-17T19:01:53.281279 - Pose:
tensor([[[-0.0513,  0.9972, -0.0541,  0.0995],
         [-0.9292, -0.0675, -0.3634,  0.0656],
         [-0.3661,  0.0317,  0.9301,  0.8099],
         [ 0.0000,  0.0000,  0.0000,  1.0000]]])
2025-04-17T19:01:53.353498 - Final transform:
[[-0.06  1.   -0.05  0.1 ]
 [-0.93 -0.07 -0.35  0.06]
 [-0.36  0.02  0.93  0.81]
 [ 0.    0.    0.    1.  ]]
2025-04-17T19:01:53.353498 - Pose:
tensor([[[-0.0576,  0.9973, -0.0459,  0.0996],
         [-0.9326, -0.0702, -0.3541,  0.0653],
         [-0.3564,  0.0224,  0.9341,  0.8101],
         [ 0.0000,  0.0000,  0.0000,  1.0000]]])
2025-04-17T19:01:53.423437 - Final transform:
[[-0.05  1.   -0.05  0.1 ]
 [-0.93 -0.06 -0.36  0.07]
 [-0.36  0.03  0.93  0.81]
 [ 0.    0.    0.    1.  ]]
2025-04-17T19:01:53.423437 - Pose:
tensor([[[-0.0485,  0.9975, -0.0510,  0.0994],
         [-0.9312, -0.0637, -0.3588,  0.0658],
         [-0.3612,  0.0301,  0.9320,  0.8100],
         [ 0.0000,  0.0000,  0.0000,  1.0000]]])
2025-04-17T19:01:53.492370 - Final transform:
[[-0.05  1.   -0.06  0.1 ]
 [-0.93 -0.06 -0.36  0.07]
 [-0.37  0.03  0.93  0.81]
 [ 0.    0.    0.    1.  ]]
2025-04-17T19:01:53.492370 - Pose:
tensor([[[-0.0461,  0.9974, -0.0555,  0.0994],
         [-0.9289, -0.0632, -0.3648,  0.0660],
         [-0.3673,  0.0347,  0.9294,  0.8099],
         [ 0.0000,  0.0000,  0.0000,  1.0000]]])
2025-04-17T19:01:53.559921 - Final transform:
[[-0.05  1.   -0.05  0.1 ]
 [-0.93 -0.07 -0.36  0.07]
 [-0.36  0.02  0.93  0.81]
 [ 0.    0.    0.    1.  ]]
2025-04-17T19:01:53.559921 - Pose:
tensor([[[-0.0538,  0.9975, -0.0457,  0.0996],
         [-0.9298, -0.0667, -0.3619,  0.0660],
         [-0.3640,  0.0230,  0.9311,  0.8104],
         [ 0.0000,  0.0000,  0.0000,  1.0000]]])
2025-04-17T19:01:53.626759 - Final transform:
[[-0.05  1.   -0.04  0.1 ]
 [-0.93 -0.06 -0.35  0.07]
 [-0.35  0.02  0.93  0.81]
 [ 0.    0.    0.    1.  ]]
2025-04-17T19:01:53.626759 - Pose:
tensor([[[-0.0516,  0.9977, -0.0443,  0.0994],
         [-0.9337, -0.0640, -0.3523,  0.0657],
         [-0.3543,  0.0231,  0.9348,  0.8098],
         [ 0.0000,  0.0000,  0.0000,  1.0000]]])
2025-04-17T19:01:53.699942 - Final transform:
[[-0.05  1.   -0.04  0.1 ]
 [-0.93 -0.06 -0.36  0.07]
 [-0.36  0.02  0.93  0.81]
 [ 0.    0.    0.    1.  ]]
2025-04-17T19:01:53.699942 - Pose:
tensor([[[-0.0522,  0.9977, -0.0433,  0.0994],
         [-0.9319, -0.0643, -0.3569,  0.0656],
         [-0.3589,  0.0217,  0.9331,  0.8098],
         [ 0.0000,  0.0000,  0.0000,  1.0000]]])
2025-04-17T19:01:53.773757 - Final transform:
[[-0.05  1.   -0.04  0.1 ]
 [-0.93 -0.06 -0.36  0.07]
 [-0.36  0.02  0.93  0.81]
 [ 0.    0.    0.    1.  ]]
2025-04-17T19:01:53.773757 - Pose:
tensor([[[-0.0509,  0.9977, -0.0441,  0.0992],
         [-0.9309, -0.0634, -0.3598,  0.0657],
         [-0.3618,  0.0227,  0.9320,  0.8101],
         [ 0.0000,  0.0000,  0.0000,  1.0000]]])
2025-04-17T19:01:53.842639 - Final transform:
[[-0.05  1.   -0.06  0.1 ]
 [-0.93 -0.07 -0.36  0.07]
 [-0.37  0.04  0.93  0.81]
 [ 0.    0.    0.    1.  ]]
2025-04-17T19:01:53.842639 - Pose:
tensor([[[-0.0503,  0.9970, -0.0593,  0.0994],
         [-0.9290, -0.0685, -0.3638,  0.0657],
         [-0.3668,  0.0367,  0.9296,  0.8105],
         [ 0.0000,  0.0000,  0.0000,  1.0000]]])
2025-04-17T19:01:53.913413 - Final transform:
[[-0.05  1.   -0.04  0.1 ]
 [-0.93 -0.06 -0.36  0.07]
 [-0.36  0.02  0.93  0.81]
 [ 0.    0.    0.    1.  ]]
2025-04-17T19:01:53.913413 - Pose:
tensor([[[-0.0520,  0.9977, -0.0444,  0.0994],
         [-0.9318, -0.0645, -0.3571,  0.0659],
         [-0.3591,  0.0228,  0.9330,  0.8103],
         [ 0.0000,  0.0000,  0.0000,  1.0000]]])
2025-04-17T19:01:53.987687 - Final transform:
[[-0.05  1.   -0.05  0.1 ]
 [-0.93 -0.07 -0.36  0.06]
 [-0.36  0.03  0.93  0.81]
 [ 0.    0.    0.    1.  ]]
2025-04-17T19:01:53.987687 - Pose:
tensor([[[-0.0538,  0.9973, -0.0499,  0.0997],
         [-0.9323, -0.0681, -0.3551,  0.0653],
         [-0.3576,  0.0274,  0.9335,  0.8100],
         [ 0.0000,  0.0000,  0.0000,  1.0000]]])
2025-04-17T19:01:54.057739 - Final transform:
[[-0.06  1.   -0.04  0.1 ]
 [-0.93 -0.07 -0.36  0.06]
 [-0.36  0.02  0.93  0.81]
 [ 0.    0.    0.    1.  ]]
2025-04-17T19:01:54.057739 - Pose:
tensor([[[-0.0553,  0.9975, -0.0435,  0.0995],
         [-0.9313, -0.0673, -0.3579,  0.0654],
         [-0.3600,  0.0207,  0.9327,  0.8098],
         [ 0.0000,  0.0000,  0.0000,  1.0000]]])
2025-04-17T19:01:54.128954 - Final transform:
[[-0.05  1.   -0.05  0.1 ]
 [-0.93 -0.07 -0.36  0.06]
 [-0.36  0.03  0.93  0.81]
 [ 0.    0.    0.    1.  ]]
2025-04-17T19:01:54.128954 - Pose:
tensor([[[-0.0519,  0.9975, -0.0487,  0.0994],
         [-0.9304, -0.0661, -0.3605,  0.0655],
         [-0.3628,  0.0266,  0.9315,  0.8098],
         [ 0.0000,  0.0000,  0.0000,  1.0000]]])
2025-04-17T19:01:54.200286 - Final transform:
[[-0.05  1.   -0.05  0.1 ]
 [-0.93 -0.07 -0.37  0.06]
 [-0.37  0.03  0.93  0.81]
 [ 0.    0.    0.    1.  ]]
2025-04-17T19:01:54.200286 - Pose:
tensor([[[-0.0529,  0.9973, -0.0511,  0.0995],
         [-0.9279, -0.0680, -0.3667,  0.0655],
         [-0.3692,  0.0280,  0.9289,  0.8102],
         [ 0.0000,  0.0000,  0.0000,  1.0000]]])
2025-04-17T19:01:54.270756 - Final transform:
[[-0.05  1.   -0.06  0.1 ]
 [-0.93 -0.07 -0.36  0.06]
 [-0.37  0.04  0.93  0.81]
 [ 0.    0.    0.    1.  ]]
2025-04-17T19:01:54.270756 - Pose:
tensor([[[-0.0484,  0.9972, -0.0565,  0.0996],
         [-0.9297, -0.0657, -0.3624,  0.0655],
         [-0.3651,  0.0350,  0.9303,  0.8102],
         [ 0.0000,  0.0000,  0.0000,  1.0000]]])
2025-04-17T19:01:54.340768 - Final transform:
[[-0.05  1.   -0.05  0.1 ]
 [-0.93 -0.07 -0.36  0.07]
 [-0.36  0.03  0.93  0.81]
 [ 0.    0.    0.    1.  ]]
2025-04-17T19:01:54.340768 - Pose:
tensor([[[-0.0523,  0.9974, -0.0487,  0.0995],
         [-0.9319, -0.0663, -0.3567,  0.0657],
         [-0.3590,  0.0268,  0.9329,  0.8107],
         [ 0.0000,  0.0000,  0.0000,  1.0000]]])
2025-04-17T19:01:54.410157 - Final transform:
[[-0.06  1.   -0.05  0.1 ]
 [-0.93 -0.07 -0.35  0.07]
 [-0.36  0.03  0.93  0.81]
 [ 0.    0.    0.    1.  ]]
2025-04-17T19:01:54.410157 - Pose:
tensor([[[-0.0552,  0.9973, -0.0480,  0.0997],
         [-0.9329, -0.0686, -0.3535,  0.0657],
         [-0.3558,  0.0252,  0.9342,  0.8100],
         [ 0.0000,  0.0000,  0.0000,  1.0000]]])
2025-04-17T19:01:54.478187 - Final transform:
[[-0.05  1.   -0.05  0.1 ]
 [-0.93 -0.06 -0.36  0.07]
 [-0.36  0.03  0.93  0.81]
 [ 0.    0.    0.    1.  ]]
2025-04-17T19:01:54.478187 - Pose:
tensor([[[-0.0508,  0.9976, -0.0479,  0.0996],
         [-0.9316, -0.0646, -0.3577,  0.0658],
         [-0.3599,  0.0265,  0.9326,  0.8098],
         [ 0.0000,  0.0000,  0.0000,  1.0000]]])
2025-04-17T19:01:54.550100 - Final transform:
[[-0.05  1.   -0.05  0.1 ]
 [-0.93 -0.07 -0.36  0.07]
 [-0.37  0.02  0.93  0.81]
 [ 0.    0.    0.    1.  ]]
2025-04-17T19:01:54.550100 - Pose:
tensor([[[-0.0544,  0.9975, -0.0460,  0.0994],
         [-0.9294, -0.0674, -0.3629,  0.0659],
         [-0.3651,  0.0230,  0.9307,  0.8096],
         [ 0.0000,  0.0000,  0.0000,  1.0000]]])
2025-04-17T19:01:54.628656 - Final transform:
[[-0.05  1.   -0.04  0.1 ]
 [-0.93 -0.06 -0.36  0.07]
 [-0.37  0.02  0.93  0.81]
 [ 0.    0.    0.    1.  ]]
2025-04-17T19:01:54.628656 - Pose:
tensor([[[-0.0526,  0.9978, -0.0407,  0.0994],
         [-0.9294, -0.0638, -0.3636,  0.0661],
         [-0.3654,  0.0187,  0.9307,  0.8101],
         [ 0.0000,  0.0000,  0.0000,  1.0000]]])
2025-04-17T19:01:54.702841 - Final transform:
[[-0.05  1.   -0.04  0.1 ]
 [-0.93 -0.06 -0.36  0.07]
 [-0.37  0.01  0.93  0.81]
 [ 0.    0.    0.    1.  ]]
2025-04-17T19:01:54.702841 - Pose:
tensor([[[-0.0541,  0.9979, -0.0363,  0.0994],
         [-0.9294, -0.0636, -0.3635,  0.0659],
         [-0.3650,  0.0141,  0.9309,  0.8109],
         [ 0.0000,  0.0000,  0.0000,  1.0000]]])
2025-04-17T19:01:54.774282 - Final transform:
[[-0.05  1.   -0.04  0.1 ]
 [-0.93 -0.06 -0.35  0.07]
 [-0.35  0.02  0.94  0.81]
 [ 0.    0.    0.    1.  ]]
2025-04-17T19:01:54.774282 - Pose:
tensor([[[-0.0534,  0.9977, -0.0422,  0.0998],
         [-0.9342, -0.0649, -0.3507,  0.0656],
         [-0.3527,  0.0207,  0.9355,  0.8103],
         [ 0.0000,  0.0000,  0.0000,  1.0000]]])
2025-04-17T19:01:54.844240 - Final transform:
[[-0.05  1.   -0.04  0.1 ]
 [-0.93 -0.06 -0.36  0.07]
 [-0.36  0.02  0.93  0.81]
 [ 0.    0.    0.    1.  ]]
2025-04-17T19:01:54.844240 - Pose:
tensor([[[-0.0517,  0.9978, -0.0416,  0.0988],
         [-0.9315, -0.0633, -0.3582,  0.0663],
         [-0.3601,  0.0202,  0.9327,  0.8104],
         [ 0.0000,  0.0000,  0.0000,  1.0000]]])
2025-04-17T19:01:54.913937 - Final transform:
[[-0.05  1.   -0.06  0.1 ]
 [-0.93 -0.07 -0.35  0.06]
 [-0.35  0.04  0.93  0.81]
 [ 0.    0.    0.    1.  ]]
2025-04-17T19:01:54.913937 - Pose:
tensor([[[-0.0484,  0.9971, -0.0588,  0.0993],
         [-0.9345, -0.0660, -0.3497,  0.0654],
         [-0.3526,  0.0381,  0.9350,  0.8097],
         [ 0.0000,  0.0000,  0.0000,  1.0000]]])
2025-04-17T19:01:54.985946 - Final transform:
[[-0.05  1.   -0.05  0.1 ]
 [-0.93 -0.07 -0.36  0.07]
 [-0.37  0.03  0.93  0.81]
 [ 0.    0.    0.    1.  ]]
2025-04-17T19:01:54.985946 - Pose:
tensor([[[-0.0509,  0.9973, -0.0532,  0.0995],
         [-0.9294, -0.0668, -0.3629,  0.0659],
         [-0.3654,  0.0310,  0.9303,  0.8105],
         [ 0.0000,  0.0000,  0.0000,  1.0000]]])
2025-04-17T19:01:55.058531 - Final transform:
[[-0.05  1.   -0.04  0.1 ]
 [-0.93 -0.07 -0.36  0.07]
 [-0.36  0.02  0.93  0.81]
 [ 0.    0.    0.    1.  ]]
2025-04-17T19:01:55.058531 - Pose:
tensor([[[-0.0537,  0.9977, -0.0423,  0.0994],
         [-0.9324, -0.0652, -0.3556,  0.0660],
         [-0.3575,  0.0203,  0.9337,  0.8103],
         [ 0.0000,  0.0000,  0.0000,  1.0000]]])
2025-04-17T19:01:55.126744 - Final transform:
[[-0.06  1.   -0.03  0.1 ]
 [-0.93 -0.06 -0.35  0.07]
 [-0.35  0.01  0.94  0.81]
 [ 0.    0.    0.    1.  ]]
2025-04-17T19:01:55.126744 - Pose:
tensor([[[-0.0554,  0.9979, -0.0346,  0.1000],
         [-0.9346, -0.0640, -0.3498,  0.0657],
         [-0.3513,  0.0129,  0.9362,  0.8103],
         [ 0.0000,  0.0000,  0.0000,  1.0000]]])
2025-04-17T19:01:55.206718 - Final transform:
[[-0.05  1.   -0.05  0.1 ]
 [-0.93 -0.07 -0.35  0.07]
 [-0.36  0.03  0.93  0.81]
 [ 0.    0.    0.    1.  ]]
2025-04-17T19:01:55.206718 - Pose:
tensor([[[-0.0526,  0.9975, -0.0482,  0.0997],
         [-0.9333, -0.0663, -0.3530,  0.0658],
         [-0.3553,  0.0264,  0.9344,  0.8099],
         [ 0.0000,  0.0000,  0.0000,  1.0000]]])
2025-04-17T19:01:55.274412 - Final transform:
[[-0.05  1.   -0.04  0.1 ]
 [-0.93 -0.07 -0.36  0.07]
 [-0.37  0.02  0.93  0.81]
 [ 0.    0.    0.    1.  ]]
2025-04-17T19:01:55.274412 - Pose:
tensor([[[-0.0542,  0.9976, -0.0433,  0.0993],
         [-0.9288, -0.0663, -0.3645,  0.0657],
         [-0.3665,  0.0204,  0.9302,  0.8099],
         [ 0.0000,  0.0000,  0.0000,  1.0000]]])
2025-04-17T19:01:55.343103 - Final transform:
[[-0.06  1.   -0.05  0.1 ]
 [-0.93 -0.07 -0.36  0.06]
 [-0.36  0.02  0.93  0.81]
 [ 0.    0.    0.    1.  ]]
2025-04-17T19:01:55.343103 - Pose:
tensor([[[-0.0585,  0.9972, -0.0465,  0.0996],
         [-0.9320, -0.0712, -0.3555,  0.0653],
         [-0.3578,  0.0225,  0.9335,  0.8098],
         [ 0.0000,  0.0000,  0.0000,  1.0000]]])
2025-04-17T19:01:55.410757 - Final transform:
[[-0.05  1.   -0.04  0.1 ]
 [-0.93 -0.07 -0.36  0.07]
 [-0.37  0.02  0.93  0.81]
 [ 0.    0.    0.    1.  ]]
2025-04-17T19:01:55.410757 - Pose:
tensor([[[-0.0531,  0.9976, -0.0435,  0.0994],
         [-0.9292, -0.0654, -0.3637,  0.0657],
         [-0.3657,  0.0211,  0.9305,  0.8102],
         [ 0.0000,  0.0000,  0.0000,  1.0000]]])
2025-04-17T19:01:55.488663 - Final transform:
[[-0.05  1.   -0.05  0.1 ]
 [-0.93 -0.07 -0.36  0.07]
 [-0.36  0.03  0.93  0.81]
 [ 0.    0.    0.    1.  ]]
2025-04-17T19:01:55.488663 - Pose:
tensor([[[-0.0538,  0.9973, -0.0495,  0.0996],
         [-0.9316, -0.0680, -0.3570,  0.0656],
         [-0.3595,  0.0269,  0.9328,  0.8094],
         [ 0.0000,  0.0000,  0.0000,  1.0000]]])
2025-04-17T19:01:55.559245 - Final transform:
[[-0.05  1.   -0.05  0.1 ]
 [-0.93 -0.07 -0.36  0.06]
 [-0.36  0.03  0.93  0.81]
 [ 0.    0.    0.    1.  ]]
2025-04-17T19:01:55.559245 - Pose:
tensor([[[-0.0531,  0.9974, -0.0492,  0.0996],
         [-0.9303, -0.0673, -0.3605,  0.0655],
         [-0.3629,  0.0266,  0.9315,  0.8100],
         [ 0.0000,  0.0000,  0.0000,  1.0000]]])
2025-04-17T19:01:55.628588 - Final transform:
[[-0.05  1.   -0.05  0.1 ]
 [-0.93 -0.07 -0.35  0.06]
 [-0.35  0.03  0.94  0.81]
 [ 0.    0.    0.    1.  ]]
2025-04-17T19:01:55.628588 - Pose:
tensor([[[-0.0532,  0.9972, -0.0533,  0.0997],
         [-0.9341, -0.0685, -0.3502,  0.0653],
         [-0.3529,  0.0312,  0.9351,  0.8095],
         [ 0.0000,  0.0000,  0.0000,  1.0000]]])
2025-04-17T19:01:55.699063 - Final transform:
[[-0.05  1.   -0.04  0.1 ]
 [-0.94 -0.06 -0.35  0.07]
 [-0.35  0.02  0.94  0.81]
 [ 0.    0.    0.    1.  ]]
2025-04-17T19:01:55.699063 - Pose:
tensor([[[-0.0516,  0.9977, -0.0446,  0.0995],
         [-0.9358, -0.0639, -0.3468,  0.0658],
         [-0.3489,  0.0239,  0.9369,  0.8103],
         [ 0.0000,  0.0000,  0.0000,  1.0000]]])
2025-04-17T19:01:55.773943 - Final transform:
[[-0.05  1.   -0.05  0.1 ]
 [-0.93 -0.07 -0.35  0.06]
 [-0.35  0.03  0.94  0.81]
 [ 0.    0.    0.    1.  ]]
2025-04-17T19:01:55.773943 - Pose:
tensor([[[-0.0528,  0.9974, -0.0498,  0.0996],
         [-0.9341, -0.0669, -0.3506,  0.0655],
         [-0.3530,  0.0280,  0.9352,  0.8100],
         [ 0.0000,  0.0000,  0.0000,  1.0000]]])
2025-04-17T19:01:55.843395 - Final transform:
[[-0.05  1.   -0.05  0.1 ]
 [-0.93 -0.07 -0.36  0.06]
 [-0.36  0.03  0.93  0.81]
 [ 0.    0.    0.    1.  ]]
2025-04-17T19:01:55.843395 - Pose:
tensor([[[-0.0527,  0.9972, -0.0533,  0.0995],
         [-0.9302, -0.0685, -0.3607,  0.0654],
         [-0.3633,  0.0306,  0.9312,  0.8098],
         [ 0.0000,  0.0000,  0.0000,  1.0000]]])
2025-04-17T19:01:55.911757 - Final transform:
[[-0.05  1.   -0.05  0.1 ]
 [-0.93 -0.06 -0.36  0.07]
 [-0.36  0.03  0.93  0.81]
 [ 0.    0.    0.    1.  ]]
2025-04-17T19:01:55.911757 - Pose:
tensor([[[-0.0503,  0.9975, -0.0493,  0.0997],
         [-0.9310, -0.0647, -0.3592,  0.0658],
         [-0.3615,  0.0278,  0.9320,  0.8103],
         [ 0.0000,  0.0000,  0.0000,  1.0000]]])
2025-04-17T19:01:55.981462 - Final transform:
[[-0.05  1.   -0.06  0.1 ]
 [-0.93 -0.07 -0.37  0.07]
 [-0.37  0.04  0.93  0.81]
 [ 0.    0.    0.    1.  ]]
2025-04-17T19:01:55.981462 - Pose:
tensor([[[-0.0520,  0.9969, -0.0585,  0.0988],
         [-0.9271, -0.0699, -0.3682,  0.0659],
         [-0.3712,  0.0351,  0.9279,  0.8100],
         [ 0.0000,  0.0000,  0.0000,  1.0000]]])
2025-04-17T19:01:56.052955 - Final transform:
[[-0.05  1.   -0.04  0.1 ]
 [-0.93 -0.07 -0.35  0.06]
 [-0.36  0.02  0.93  0.81]
 [ 0.    0.    0.    1.  ]]
2025-04-17T19:01:56.052955 - Pose:
tensor([[[-0.0531,  0.9976, -0.0440,  0.0991],
         [-0.9329, -0.0652, -0.3543,  0.0655],
         [-0.3563,  0.0223,  0.9341,  0.8098],
         [ 0.0000,  0.0000,  0.0000,  1.0000]]])
2025-04-17T19:01:56.122711 - Final transform:
[[-0.05  1.   -0.06  0.1 ]
 [-0.93 -0.07 -0.37  0.07]
 [-0.37  0.03  0.93  0.81]
 [ 0.    0.    0.    1.  ]]
2025-04-17T19:01:56.122711 - Pose:
tensor([[[-0.0488,  0.9973, -0.0555,  0.0993],
         [-0.9280, -0.0658, -0.3668,  0.0657],
         [-0.3694,  0.0336,  0.9287,  0.8098],
         [ 0.0000,  0.0000,  0.0000,  1.0000]]])
2025-04-17T19:01:56.193142 - Final transform:
[[-0.05  1.   -0.05  0.1 ]
 [-0.93 -0.07 -0.36  0.07]
 [-0.36  0.03  0.93  0.81]
 [ 0.    0.    0.    1.  ]]
2025-04-17T19:01:56.193142 - Pose:
tensor([[[-0.0528,  0.9975, -0.0479,  0.0996],
         [-0.9296, -0.0666, -0.3626,  0.0657],
         [-0.3649,  0.0254,  0.9307,  0.8101],
         [ 0.0000,  0.0000,  0.0000,  1.0000]]])
2025-04-17T19:01:56.259474 - Final transform:
[[-0.05  1.   -0.05  0.1 ]
 [-0.93 -0.07 -0.36  0.06]
 [-0.37  0.03  0.93  0.81]
 [ 0.    0.    0.    1.  ]]
2025-04-17T19:01:56.259474 - Pose:
tensor([[[-0.0519,  0.9973, -0.0512,  0.0995],
         [-0.9287, -0.0671, -0.3648,  0.0654],
         [-0.3673,  0.0286,  0.9297,  0.8094],
         [ 0.0000,  0.0000,  0.0000,  1.0000]]])
2025-04-17T19:01:56.328203 - Final transform:
[[-0.05  1.   -0.06  0.1 ]
 [-0.93 -0.07 -0.36  0.07]
 [-0.37  0.03  0.93  0.81]
 [ 0.    0.    0.    1.  ]]
2025-04-17T19:01:56.328203 - Pose:
tensor([[[-0.0482,  0.9973, -0.0562,  0.0996],
         [-0.9290, -0.0654, -0.3643,  0.0657],
         [-0.3669,  0.0346,  0.9296,  0.8099],
         [ 0.0000,  0.0000,  0.0000,  1.0000]]])
2025-04-17T19:01:56.398618 - Final transform:
[[-0.05  1.   -0.05  0.1 ]
 [-0.93 -0.07 -0.36  0.07]
 [-0.36  0.03  0.93  0.81]
 [ 0.    0.    0.    1.  ]]
2025-04-17T19:01:56.398618 - Pose:
tensor([[[-0.0508,  0.9974, -0.0512,  0.0995],
         [-0.9300, -0.0659, -0.3616,  0.0657],
         [-0.3641,  0.0293,  0.9309,  0.8099],
         [ 0.0000,  0.0000,  0.0000,  1.0000]]])
2025-04-17T19:01:56.471196 - Final transform:
[[-0.05  1.   -0.05  0.1 ]
 [-0.93 -0.07 -0.36  0.06]
 [-0.36  0.02  0.93  0.81]
 [ 0.    0.    0.    1.  ]]
2025-04-17T19:01:56.471196 - Pose:
tensor([[[-0.0521,  0.9976, -0.0455,  0.0994],
         [-0.9298, -0.0651, -0.3623,  0.0655],
         [-0.3644,  0.0234,  0.9309,  0.8095],
         [ 0.0000,  0.0000,  0.0000,  1.0000]]])
2025-04-17T19:01:56.548402 - Final transform:
[[-0.05  1.   -0.05  0.1 ]
 [-0.93 -0.07 -0.36  0.06]
 [-0.36  0.03  0.93  0.81]
 [ 0.    0.    0.    1.  ]]
2025-04-17T19:01:56.548402 - Pose:
tensor([[[-0.0517,  0.9973, -0.0531,  0.0994],
         [-0.9308, -0.0674, -0.3594,  0.0656],
         [-0.3620,  0.0308,  0.9317,  0.8100],
         [ 0.0000,  0.0000,  0.0000,  1.0000]]])
2025-04-17T19:01:56.616945 - Final transform:
[[-0.06  1.   -0.04  0.1 ]
 [-0.93 -0.07 -0.36  0.06]
 [-0.36  0.02  0.93  0.81]
 [ 0.    0.    0.    1.  ]]
2025-04-17T19:01:56.616945 - Pose:
tensor([[[-0.0561,  0.9977, -0.0393,  0.0997],
         [-0.9298, -0.0665, -0.3620,  0.0655],
         [-0.3637,  0.0162,  0.9314,  0.8099],
         [ 0.0000,  0.0000,  0.0000,  1.0000]]])
2025-04-17T19:01:56.682847 - Final transform:
[[-0.05  1.   -0.05  0.1 ]
 [-0.93 -0.07 -0.36  0.07]
 [-0.36  0.03  0.93  0.81]
 [ 0.    0.    0.    1.  ]]
2025-04-17T19:01:56.682847 - Pose:
tensor([[[-0.0502,  0.9972, -0.0550,  0.0995],
         [-0.9297, -0.0668, -0.3622,  0.0656],
         [-0.3648,  0.0329,  0.9305,  0.8100],
         [ 0.0000,  0.0000,  0.0000,  1.0000]]])
2025-04-17T19:01:56.752823 - Final transform:
[[-0.05  1.   -0.05  0.1 ]
 [-0.93 -0.06 -0.36  0.07]
 [-0.37  0.03  0.93  0.81]
 [ 0.    0.    0.    1.  ]]
2025-04-17T19:01:56.752823 - Pose:
tensor([[[-0.0492,  0.9977, -0.0476,  0.0994],
         [-0.9292, -0.0632, -0.3640,  0.0658],
         [-0.3662,  0.0263,  0.9302,  0.8098],
         [ 0.0000,  0.0000,  0.0000,  1.0000]]])
2025-04-17T19:01:56.822802 - Final transform:
[[-0.05  1.   -0.05  0.1 ]
 [-0.93 -0.07 -0.36  0.07]
 [-0.36  0.03  0.93  0.81]
 [ 0.    0.    0.    1.  ]]
2025-04-17T19:01:56.822802 - Pose:
tensor([[[-0.0514,  0.9973, -0.0522,  0.0994],
         [-0.9302, -0.0668, -0.3609,  0.0657],
         [-0.3634,  0.0301,  0.9312,  0.8099],
         [ 0.0000,  0.0000,  0.0000,  1.0000]]])
2025-04-17T19:01:56.892348 - Final transform:
[[-0.06  1.   -0.04  0.1 ]
 [-0.93 -0.07 -0.36  0.07]
 [-0.36  0.02  0.93  0.81]
 [ 0.    0.    0.    1.  ]]
2025-04-17T19:01:56.892348 - Pose:
tensor([[[-0.0560,  0.9975, -0.0427,  0.0996],
         [-0.9305, -0.0676, -0.3599,  0.0657],
         [-0.3619,  0.0196,  0.9320,  0.8100],
         [ 0.0000,  0.0000,  0.0000,  1.0000]]])
2025-04-17T19:01:56.960122 - Final transform:
[[-0.06  1.   -0.04  0.1 ]
 [-0.93 -0.07 -0.36  0.07]
 [-0.36  0.02  0.93  0.81]
 [ 0.    0.    0.    1.  ]]
2025-04-17T19:01:56.960122 - Pose:
tensor([[[-0.0568,  0.9976, -0.0405,  0.0996],
         [-0.9320, -0.0675, -0.3561,  0.0656],
         [-0.3580,  0.0175,  0.9336,  0.8104],
         [ 0.0000,  0.0000,  0.0000,  1.0000]]])
2025-04-17T19:01:57.030794 - Final transform:
[[-0.05  1.   -0.04  0.1 ]
 [-0.93 -0.07 -0.36  0.06]
 [-0.36  0.02  0.93  0.81]
 [ 0.    0.    0.    1.  ]]
2025-04-17T19:01:57.030794 - Pose:
tensor([[[-0.0532,  0.9977, -0.0429,  0.0996],
         [-0.9308, -0.0651, -0.3597,  0.0654],
         [-0.3616,  0.0208,  0.9321,  0.8101],
         [ 0.0000,  0.0000,  0.0000,  1.0000]]])
2025-04-17T19:01:57.100139 - Final transform:
[[-0.05  1.   -0.05  0.1 ]
 [-0.93 -0.07 -0.35  0.07]
 [-0.35  0.03  0.93  0.81]
 [ 0.    0.    0.    1.  ]]
2025-04-17T19:01:57.100139 - Pose:
tensor([[[-0.0513,  0.9974, -0.0502,  0.0995],
         [-0.9339, -0.0658, -0.3514,  0.0657],
         [-0.3538,  0.0289,  0.9349,  0.8098],
         [ 0.0000,  0.0000,  0.0000,  1.0000]]])
2025-04-17T19:01:57.178910 - Final transform:
[[-0.06  1.   -0.04  0.1 ]
 [-0.93 -0.07 -0.36  0.06]
 [-0.37  0.02  0.93  0.81]
 [ 0.    0.    0.    1.  ]]
2025-04-17T19:01:57.178910 - Pose:
tensor([[[-0.0574,  0.9976, -0.0387,  0.0995],
         [-0.9292, -0.0675, -0.3633,  0.0655],
         [-0.3651,  0.0152,  0.9308,  0.8105],
         [ 0.0000,  0.0000,  0.0000,  1.0000]]])
2025-04-17T19:01:57.280518 - Final transform:
[[-0.05  1.   -0.05  0.1 ]
 [-0.93 -0.07 -0.36  0.06]
 [-0.36  0.03  0.93  0.81]
 [ 0.    0.    0.    1.  ]]
2025-04-17T19:01:57.280518 - Pose:
tensor([[[-0.0505,  0.9974, -0.0515,  0.0997],
         [-0.9300, -0.0658, -0.3616,  0.0655],
         [-0.3640,  0.0296,  0.9309,  0.8099],
         [ 0.0000,  0.0000,  0.0000,  1.0000]]])
2025-04-17T19:01:57.363532 - Final transform:
[[-0.06  1.   -0.04  0.1 ]
 [-0.93 -0.07 -0.36  0.07]
 [-0.36  0.02  0.93  0.81]
 [ 0.    0.    0.    1.  ]]
2025-04-17T19:01:57.363532 - Pose:
tensor([[[-0.0577,  0.9975, -0.0412,  0.0998],
         [-0.9320, -0.0686, -0.3560,  0.0657],
         [-0.3579,  0.0178,  0.9336,  0.8102],
         [ 0.0000,  0.0000,  0.0000,  1.0000]]])
2025-04-17T19:01:57.433134 - Final transform:
[[-0.05  1.   -0.04  0.1 ]
 [-0.94 -0.06 -0.35  0.07]
 [-0.35  0.02  0.94  0.81]
 [ 0.    0.    0.    1.  ]]
2025-04-17T19:01:57.433134 - Pose:
tensor([[[-0.0528,  0.9976, -0.0443,  0.0999],
         [-0.9352, -0.0649, -0.3482,  0.0657],
         [-0.3503,  0.0230,  0.9364,  0.8094],
         [ 0.0000,  0.0000,  0.0000,  1.0000]]])
2025-04-17T19:01:57.502494 - Final transform:
[[-0.05  1.   -0.05  0.1 ]
 [-0.93 -0.06 -0.35  0.07]
 [-0.36  0.03  0.93  0.81]
 [ 0.    0.    0.    1.  ]]
2025-04-17T19:01:57.502494 - Pose:
tensor([[[-0.0501,  0.9975, -0.0505,  0.0994],
         [-0.9333, -0.0648, -0.3532,  0.0658],
         [-0.3556,  0.0294,  0.9342,  0.8099],
         [ 0.0000,  0.0000,  0.0000,  1.0000]]])
2025-04-17T19:01:57.569947 - Final transform:
[[-0.06  1.   -0.04  0.1 ]
 [-0.93 -0.07 -0.35  0.07]
 [-0.36  0.02  0.93  0.81]
 [ 0.    0.    0.    1.  ]]
2025-04-17T19:01:57.569947 - Pose:
tensor([[[-0.0576,  0.9974, -0.0423,  0.0986],
         [-0.9324, -0.0689, -0.3549,  0.0658],
         [-0.3569,  0.0190,  0.9340,  0.8100],
         [ 0.0000,  0.0000,  0.0000,  1.0000]]])
2025-04-17T19:01:57.639186 - Final transform:
[[-0.04  1.   -0.03  0.1 ]
 [-0.93 -0.05 -0.36  0.07]
 [-0.36  0.01  0.93  0.81]
 [ 0.    0.    0.    1.  ]]
2025-04-17T19:01:57.639186 - Pose:
tensor([[[-0.0426,  0.9987, -0.0276,  0.0983],
         [-0.9308, -0.0497, -0.3622,  0.0664],
         [-0.3631,  0.0103,  0.9317,  0.8097],
         [ 0.0000,  0.0000,  0.0000,  1.0000]]])
2025-04-17T19:01:57.707861 - Final transform:
[[-0.03  1.    0.02  0.1 ]
 [-0.92 -0.02 -0.4   0.07]
 [-0.4  -0.03  0.92  0.8 ]
 [ 0.    0.    0.    1.  ]]
2025-04-17T19:01:57.707861 - Pose:
tensor([[[-0.0343,  0.9993,  0.0177,  0.0996],
         [-0.9153, -0.0243, -0.4021,  0.0684],
         [-0.4014, -0.0300,  0.9154,  0.8023],
         [ 0.0000,  0.0000,  0.0000,  1.0000]]])
2025-04-17T19:01:57.776366 - Final transform:
[[-0.04  1.    0.02  0.1 ]
 [-0.89 -0.03 -0.46  0.07]
 [-0.46 -0.04  0.89  0.8 ]
 [ 0.    0.    0.    1.  ]]
2025-04-17T19:01:57.776366 - Pose:
tensor([[[-0.0405,  0.9990,  0.0197,  0.0992],
         [-0.8868, -0.0269, -0.4615,  0.0689],
         [-0.4605, -0.0362,  0.8869,  0.7986],
         [ 0.0000,  0.0000,  0.0000,  1.0000]]])
2025-04-17T19:01:57.844811 - Final transform:
[[-0.06  1.    0.04  0.1 ]
 [-0.85 -0.03 -0.52  0.07]
 [-0.52 -0.07  0.85  0.8 ]
 [ 0.    0.    0.    1.  ]]
2025-04-17T19:01:57.844811 - Pose:
tensor([[[-0.0641,  0.9972,  0.0376,  0.0983],
         [-0.8514, -0.0350, -0.5234,  0.0699],
         [-0.5206, -0.0655,  0.8513,  0.7943],
         [ 0.0000,  0.0000,  0.0000,  1.0000]]])
2025-04-17T19:01:57.911628 - Final transform:
[[-0.06  1.    0.04  0.1 ]
 [-0.82 -0.03 -0.57  0.07]
 [-0.57 -0.07  0.82  0.79]
 [ 0.    0.    0.    1.  ]]
2025-04-17T19:01:57.911628 - Pose:
tensor([[[-0.0599,  0.9975,  0.0384,  0.0976],
         [-0.8226, -0.0275, -0.5679,  0.0712],
         [-0.5654, -0.0656,  0.8222,  0.7899],
         [ 0.0000,  0.0000,  0.0000,  1.0000]]])
2025-04-17T19:01:57.976592 - Final transform:
[[-0.07  1.    0.04  0.1 ]
 [-0.79 -0.03 -0.61  0.07]
 [-0.61 -0.07  0.79  0.79]
 [ 0.    0.    0.    1.  ]]
2025-04-17T19:01:57.976592 - Pose:
tensor([[[-0.0658,  0.9970,  0.0395,  0.0973],
         [-0.7928, -0.0282, -0.6088,  0.0722],
         [-0.6059, -0.0714,  0.7923,  0.7871],
         [ 0.0000,  0.0000,  0.0000,  1.0000]]])
2025-04-17T19:01:58.047685 - Final transform:
[[-0.06  1.    0.01  0.1 ]
 [-0.77 -0.04 -0.64  0.07]
 [-0.63 -0.05  0.77  0.79]
 [ 0.    0.    0.    1.  ]]
2025-04-17T19:01:58.047685 - Pose:
tensor([[[-0.0586,  0.9982,  0.0146,  0.0973],
         [-0.7712, -0.0359, -0.6356,  0.0732],
         [-0.6339, -0.0485,  0.7719,  0.7843],
         [ 0.0000,  0.0000,  0.0000,  1.0000]]])
2025-04-17T19:01:58.121026 - Final transform:
[[-0.07  1.    0.02  0.1 ]
 [-0.75 -0.04 -0.66  0.07]
 [-0.65 -0.06  0.75  0.78]
 [ 0.    0.    0.    1.  ]]
2025-04-17T19:01:58.121026 - Pose:
tensor([[[-0.0692,  0.9975,  0.0157,  0.0978],
         [-0.7538, -0.0420, -0.6558,  0.0739],
         [-0.6534, -0.0572,  0.7548,  0.7813],
         [ 0.0000,  0.0000,  0.0000,  1.0000]]])
2025-04-17T19:01:58.188816 - Final transform:
[[-0.06  1.    0.01  0.1 ]
 [-0.73 -0.04 -0.68  0.07]
