2025-04-23T17:10:41.023097 - Final transform:
[[-0.14 -0.99 -0.01  0.01]
 [-0.62  0.09 -0.78 -0.07]
 [ 0.77 -0.1  -0.63  0.75]
 [ 0.    0.    0.    1.  ]]
2025-04-23T17:10:41.023097 - Pose:
tensor([[[-0.1351, -0.9908, -0.0113,  0.0138],
         [-0.6217,  0.0936, -0.7776, -0.0809],
         [ 0.7715, -0.0980, -0.6286,  0.7423],
         [ 0.0000,  0.0000,  0.0000,  1.0000]]])
2025-04-23T17:10:41.089585 - Final transform:
[[-0.12 -0.99 -0.01  0.01]
 [-0.62  0.08 -0.78 -0.07]
 [ 0.77 -0.09 -0.63  0.75]
 [ 0.    0.    0.    1.  ]]
2025-04-23T17:10:41.089585 - Pose:
tensor([[[-0.1223, -0.9924, -0.0102,  0.0138],
         [-0.6210,  0.0846, -0.7792, -0.0811],
         [ 0.7742, -0.0890, -0.6267,  0.7425],
         [ 0.0000,  0.0000,  0.0000,  1.0000]]])
2025-04-23T17:10:41.153503 - Final transform:
[[-0.11 -0.99 -0.01  0.01]
 [-0.62  0.07 -0.78 -0.07]
 [ 0.78 -0.08 -0.62  0.75]
 [ 0.    0.    0.    1.  ]]
2025-04-23T17:10:41.153503 - Pose:
tensor([[[-0.1068, -0.9942, -0.0089,  0.0136],
         [-0.6172,  0.0734, -0.7834, -0.0807],
         [ 0.7795, -0.0782, -0.6215,  0.7428],
         [ 0.0000,  0.0000,  0.0000,  1.0000]]])
2025-04-23T17:10:41.220575 - Final transform:
[[-0.1  -0.99 -0.01  0.01]
 [-0.62  0.07 -0.78 -0.07]
 [ 0.78 -0.07 -0.63  0.75]
 [ 0.    0.    0.    1.  ]]
2025-04-23T17:10:41.220575 - Pose:
tensor([[[-0.0995, -0.9950, -0.0093,  0.0139],
         [-0.6231,  0.0696, -0.7790, -0.0808],
         [ 0.7758, -0.0718, -0.6269,  0.7427],
         [ 0.0000,  0.0000,  0.0000,  1.0000]]])
2025-04-23T17:10:41.278975 - Final transform:
[[-0.1  -0.99 -0.01  0.01]
 [-0.62  0.07 -0.78 -0.07]
 [ 0.78 -0.07 -0.62  0.75]
 [ 0.    0.    0.    1.  ]]
2025-04-23T17:10:41.278975 - Pose:
tensor([[[-0.0997, -0.9950, -0.0063,  0.0136],
         [-0.6190,  0.0670, -0.7825, -0.0806],
         [ 0.7791, -0.0741, -0.6226,  0.7427],
         [ 0.0000,  0.0000,  0.0000,  1.0000]]])
2025-04-23T17:10:41.347570 - Final transform:
[[-0.11 -0.99 -0.01  0.01]
 [-0.62  0.08 -0.78 -0.07]
 [ 0.78 -0.08 -0.62  0.75]
 [ 0.    0.    0.    1.  ]]
2025-04-23T17:10:41.347570 - Pose:
tensor([[[-0.1062, -0.9943, -0.0124,  0.0137],
         [-0.6174,  0.0757, -0.7830, -0.0808],
         [ 0.7795, -0.0755, -0.6219,  0.7422],
         [ 0.0000,  0.0000,  0.0000,  1.0000]]])
2025-04-23T17:10:41.424933 - Final transform:
[[-0.11 -0.99 -0.01  0.01]
 [-0.62  0.08 -0.78 -0.07]
 [ 0.78 -0.08 -0.62  0.75]
 [ 0.    0.    0.    1.  ]]
2025-04-23T17:10:41.424933 - Pose:
tensor([[[-0.1064, -0.9943, -0.0122,  0.0138],
         [-0.6185,  0.0758, -0.7821, -0.0809],
         [ 0.7786, -0.0756, -0.6230,  0.7422],
         [ 0.0000,  0.0000,  0.0000,  1.0000]]])
2025-04-23T17:10:41.501935 - Final transform:
[[-0.1  -1.   -0.01  0.01]
 [-0.62  0.07 -0.78 -0.07]
 [ 0.78 -0.07 -0.62  0.75]
 [ 0.    0.    0.    1.  ]]
2025-04-23T17:10:41.501935 - Pose:
tensor([[[-0.0976, -0.9952, -0.0078,  0.0137],
         [-0.6170,  0.0667, -0.7841, -0.0809],
         [ 0.7808, -0.0717, -0.6206,  0.7423],
         [ 0.0000,  0.0000,  0.0000,  1.0000]]])
2025-04-23T17:10:41.569771 - Final transform:
[[-0.09 -1.   -0.01  0.01]
 [-0.63  0.07 -0.77 -0.07]
 [ 0.77 -0.07 -0.63  0.75]
 [ 0.    0.    0.    1.  ]]
2025-04-23T17:10:41.569771 - Pose:
tensor([[[-0.0947, -0.9955, -0.0082,  0.0136],
         [-0.6295,  0.0663, -0.7742, -0.0810],
         [ 0.7712, -0.0681, -0.6329,  0.7427],
         [ 0.0000,  0.0000,  0.0000,  1.0000]]])
2025-04-23T17:10:41.637328 - Final transform:
[[-0.09 -1.   -0.01  0.01]
 [-0.63  0.06 -0.78 -0.07]
 [ 0.77 -0.06 -0.63  0.75]
 [ 0.    0.    0.    1.  ]]
2025-04-23T17:10:41.637328 - Pose:
tensor([[[-0.0878, -0.9961, -0.0090,  0.0136],
         [-0.6274,  0.0623, -0.7762, -0.0812],
         [ 0.7737, -0.0625, -0.6304,  0.7425],
         [ 0.0000,  0.0000,  0.0000,  1.0000]]])
2025-04-23T17:10:41.703112 - Final transform:
[[-0.1  -0.99 -0.01  0.01]
 [-0.62  0.07 -0.78 -0.07]
 [ 0.77 -0.07 -0.63  0.75]
 [ 0.    0.    0.    1.  ]]
2025-04-23T17:10:41.703112 - Pose:
tensor([[[-0.1020, -0.9947, -0.0135,  0.0135],
         [-0.6238,  0.0745, -0.7780, -0.0809],
         [ 0.7749, -0.0710, -0.6281,  0.7424],
         [ 0.0000,  0.0000,  0.0000,  1.0000]]])
2025-04-23T17:10:41.769018 - Final transform:
[[-0.1  -1.   -0.01  0.01]
 [-0.63  0.07 -0.78 -0.07]
 [ 0.77 -0.07 -0.63  0.75]
 [ 0.    0.    0.    1.  ]]
2025-04-23T17:10:41.769018 - Pose:
tensor([[[-0.0971, -0.9952, -0.0079,  0.0136],
         [-0.6278,  0.0674, -0.7755, -0.0811],
         [ 0.7723, -0.0703, -0.6313,  0.7419],
         [ 0.0000,  0.0000,  0.0000,  1.0000]]])
2025-04-23T17:10:41.838117 - Final transform:
[[-0.1  -0.99 -0.01  0.01]
 [-0.63  0.07 -0.78 -0.07]
 [ 0.77 -0.08 -0.63  0.75]
 [ 0.    0.    0.    1.  ]]
2025-04-23T17:10:41.838117 - Pose:
tensor([[[-0.1030, -0.9947, -0.0073,  0.0136],
         [-0.6259,  0.0705, -0.7767, -0.0810],
         [ 0.7730, -0.0754, -0.6299,  0.7423],
         [ 0.0000,  0.0000,  0.0000,  1.0000]]])
2025-04-23T17:10:41.907594 - Final transform:
[[-0.12 -0.99 -0.01  0.01]
 [-0.62  0.08 -0.78 -0.07]
 [ 0.77 -0.08 -0.63  0.75]
 [ 0.    0.    0.    1.  ]]
2025-04-23T17:10:41.907594 - Pose:
tensor([[[-0.1166, -0.9931, -0.0094,  0.0137],
         [-0.6229,  0.0805, -0.7781, -0.0809],
         [ 0.7735, -0.0848, -0.6280,  0.7420],
         [ 0.0000,  0.0000,  0.0000,  1.0000]]])
2025-04-23T17:10:41.976765 - Final transform:
[[-0.11 -0.99 -0.01  0.01]
 [-0.63  0.07 -0.78 -0.07]
 [ 0.77 -0.08 -0.63  0.75]
 [ 0.    0.    0.    1.  ]]
2025-04-23T17:10:41.976765 - Pose:
tensor([[[-0.1054, -0.9944, -0.0066,  0.0137],
         [-0.6255,  0.0714, -0.7770, -0.0812],
         [ 0.7731, -0.0777, -0.6295,  0.7423],
         [ 0.0000,  0.0000,  0.0000,  1.0000]]])
2025-04-23T17:10:42.043087 - Final transform:
[[-0.1  -1.   -0.01  0.01]
 [-0.62  0.07 -0.78 -0.07]
 [ 0.78 -0.07 -0.63  0.75]
 [ 0.    0.    0.    1.  ]]
2025-04-23T17:10:42.043087 - Pose:
tensor([[[-0.0981, -0.9951, -0.0134,  0.0140],
         [-0.6235,  0.0720, -0.7785, -0.0810],
         [ 0.7756, -0.0680, -0.6275,  0.7430],
         [ 0.0000,  0.0000,  0.0000,  1.0000]]])
2025-04-23T17:10:42.106738 - Final transform:
[[-0.09 -1.   -0.01  0.01]
 [-0.62  0.06 -0.78 -0.07]
 [ 0.78 -0.06 -0.63  0.75]
 [ 0.    0.    0.    1.  ]]
2025-04-23T17:10:42.106738 - Pose:
tensor([[[-0.0895, -0.9959, -0.0097,  0.0138],
         [-0.6243,  0.0637, -0.7786, -0.0811],
         [ 0.7760, -0.0636, -0.6275,  0.7419],
         [ 0.0000,  0.0000,  0.0000,  1.0000]]])
2025-04-23T17:10:42.172548 - Final transform:
[[-0.1  -0.99 -0.01  0.01]
 [-0.63  0.07 -0.78 -0.07]
 [ 0.77 -0.07 -0.63  0.75]
 [ 0.    0.    0.    1.  ]]
2025-04-23T17:10:42.172548 - Pose:
tensor([[[-0.1010, -0.9948, -0.0116,  0.0139],
         [-0.6255,  0.0725, -0.7769, -0.0812],
         [ 0.7737, -0.0712, -0.6295,  0.7428],
         [ 0.0000,  0.0000,  0.0000,  1.0000]]])
2025-04-23T17:10:42.237436 - Final transform:
[[-0.13 -0.99 -0.01  0.01]
 [-0.62  0.09 -0.78 -0.07]
 [ 0.77 -0.1  -0.63  0.75]
 [ 0.    0.    0.    1.  ]]
2025-04-23T17:10:42.237436 - Pose:
tensor([[[-0.1323, -0.9912, -0.0060,  0.0135],
         [-0.6226,  0.0877, -0.7776, -0.0810],
         [ 0.7713, -0.0991, -0.6287,  0.7419],
         [ 0.0000,  0.0000,  0.0000,  1.0000]]])
2025-04-23T17:10:42.300289 - Final transform:
[[-0.1  -1.   -0.01  0.01]
 [-0.63  0.07 -0.77 -0.07]
 [ 0.77 -0.07 -0.63  0.75]
 [ 0.    0.    0.    1.  ]]
2025-04-23T17:10:42.300289 - Pose:
tensor([[[-0.0988, -0.9951, -0.0079,  0.0136],
         [-0.6296,  0.0686, -0.7739, -0.0812],
         [ 0.7706, -0.0715, -0.6333,  0.7418],
         [ 0.0000,  0.0000,  0.0000,  1.0000]]])
2025-04-23T17:10:42.366424 - Final transform:
[[-0.1  -1.   -0.01  0.01]
 [-0.63  0.07 -0.78 -0.07]
 [ 0.77 -0.07 -0.63  0.75]
 [ 0.    0.    0.    1.  ]]
2025-04-23T17:10:42.366424 - Pose:
tensor([[[-0.0959, -0.9953, -0.0108,  0.0136],
         [-0.6272,  0.0689, -0.7758, -0.0809],
         [ 0.7729, -0.0676, -0.6309,  0.7424],
         [ 0.0000,  0.0000,  0.0000,  1.0000]]])
2025-04-23T17:10:42.435394 - Final transform:
[[-0.14 -0.99 -0.    0.01]
 [-0.62  0.09 -0.78 -0.07]
 [ 0.77 -0.11 -0.63  0.75]
 [ 0.    0.    0.    1.  ]]
2025-04-23T17:10:42.435394 - Pose:
tensor([[[-0.1395, -0.9902, -0.0025,  0.0136],
         [-0.6233,  0.0898, -0.7768, -0.0813],
         [ 0.7694, -0.1068, -0.6297,  0.7422],
         [ 0.0000,  0.0000,  0.0000,  1.0000]]])
2025-04-23T17:10:42.500374 - Final transform:
[[-0.09 -1.   -0.01  0.01]
 [-0.62  0.07 -0.78 -0.07]
 [ 0.78 -0.07 -0.63  0.75]
 [ 0.    0.    0.    1.  ]]
2025-04-23T17:10:42.500374 - Pose:
tensor([[[-0.0946, -0.9955, -0.0090,  0.0137],
         [-0.6229,  0.0663, -0.7795, -0.0808],
         [ 0.7766, -0.0681, -0.6263,  0.7423],
         [ 0.0000,  0.0000,  0.0000,  1.0000]]])
2025-04-23T17:10:42.566914 - Final transform:
[[-0.09 -1.   -0.01  0.01]
 [-0.62  0.06 -0.78 -0.07]
 [ 0.78 -0.07 -0.63  0.75]
 [ 0.    0.    0.    1.  ]]
2025-04-23T17:10:42.566914 - Pose:
tensor([[[-0.0919, -0.9957, -0.0094,  0.0136],
         [-0.6243,  0.0650, -0.7785, -0.0811],
         [ 0.7758, -0.0657, -0.6276,  0.7425],
         [ 0.0000,  0.0000,  0.0000,  1.0000]]])
2025-04-23T17:10:42.635350 - Final transform:
[[-0.07 -1.   -0.01  0.01]
 [-0.63  0.05 -0.78 -0.07]
 [ 0.78 -0.05 -0.63  0.75]
 [ 0.    0.    0.    1.  ]]
2025-04-23T17:10:42.635350 - Pose:
tensor([[[-0.0691, -0.9975, -0.0126,  0.0138],
         [-0.6268,  0.0532, -0.7773, -0.0806],
         [ 0.7761, -0.0458, -0.6289,  0.7426],
         [ 0.0000,  0.0000,  0.0000,  1.0000]]])
2025-04-23T17:10:42.701010 - Final transform:
[[-0.1  -0.99 -0.01  0.01]
 [-0.62  0.08 -0.78 -0.07]
 [ 0.78 -0.07 -0.63  0.75]
 [ 0.    0.    0.    1.  ]]
2025-04-23T17:10:42.701010 - Pose:
tensor([[[-0.1045, -0.9944, -0.0138,  0.0136],
         [-0.6227,  0.0763, -0.7787, -0.0806],
         [ 0.7755, -0.0728, -0.6272,  0.7426],
         [ 0.0000,  0.0000,  0.0000,  1.0000]]])
2025-04-23T17:10:42.764867 - Final transform:
[[-0.05 -1.   -0.02  0.01]
 [-0.62  0.05 -0.78 -0.07]
 [ 0.78 -0.03 -0.62  0.75]
 [ 0.    0.    0.    1.  ]]
2025-04-23T17:10:42.764867 - Pose:
tensor([[[-0.0503, -0.9985, -0.0192,  0.0137],
         [-0.6191,  0.0463, -0.7839, -0.0806],
         [ 0.7837, -0.0276, -0.6206,  0.7424],
         [ 0.0000,  0.0000,  0.0000,  1.0000]]])
2025-04-23T17:10:42.832492 - Final transform:
[[-0.08 -1.   -0.01  0.01]
 [-0.62  0.06 -0.78 -0.07]
 [ 0.78 -0.05 -0.62  0.75]
 [ 0.    0.    0.    1.  ]]
2025-04-23T17:10:42.832492 - Pose:
tensor([[[-0.0754, -0.9971, -0.0119,  0.0139],
         [-0.6221,  0.0564, -0.7809, -0.0801],
         [ 0.7793, -0.0515, -0.6246,  0.7426],
         [ 0.0000,  0.0000,  0.0000,  1.0000]]])
2025-04-23T17:10:42.899922 - Final transform:
[[-0.11 -0.99 -0.01  0.01]
 [-0.61  0.08 -0.79 -0.07]
 [ 0.78 -0.08 -0.62  0.75]
 [ 0.    0.    0.    1.  ]]
2025-04-23T17:10:42.899922 - Pose:
tensor([[[-0.1138, -0.9934, -0.0114,  0.0136],
         [-0.6111,  0.0790, -0.7876, -0.0806],
         [ 0.7833, -0.0826, -0.6161,  0.7427],
         [ 0.0000,  0.0000,  0.0000,  1.0000]]])
2025-04-23T17:10:42.970475 - Final transform:
[[-0.1  -0.99 -0.01  0.01]
 [-0.62  0.07 -0.78 -0.07]
 [ 0.78 -0.07 -0.62  0.75]
 [ 0.    0.    0.    1.  ]]
2025-04-23T17:10:42.970475 - Pose:
tensor([[[-0.1015, -0.9948, -0.0112,  0.0137],
         [-0.6175,  0.0718, -0.7833, -0.0804],
         [ 0.7800, -0.0726, -0.6215,  0.7428],
         [ 0.0000,  0.0000,  0.0000,  1.0000]]])
2025-04-23T17:10:43.036641 - Final transform:
[[-0.07 -1.   -0.02  0.01]
 [-0.61  0.05 -0.79 -0.07]
 [ 0.79 -0.04 -0.61  0.75]
 [ 0.    0.    0.    1.  ]]
2025-04-23T17:10:43.036641 - Pose:
tensor([[[-0.0652, -0.9977, -0.0180,  0.0139],
         [-0.6127,  0.0543, -0.7884, -0.0806],
         [ 0.7876, -0.0404, -0.6149,  0.7424],
         [ 0.0000,  0.0000,  0.0000,  1.0000]]])
2025-04-23T17:10:43.101142 - Final transform:
[[-0.09 -1.   -0.02  0.01]
 [-0.62  0.07 -0.78 -0.07]
 [ 0.78 -0.06 -0.62  0.75]
 [ 0.    0.    0.    1.  ]]
2025-04-23T17:10:43.101142 - Pose:
tensor([[[-0.0898, -0.9958, -0.0159,  0.0138],
         [-0.6184,  0.0683, -0.7829, -0.0805],
         [ 0.7807, -0.0605, -0.6220,  0.7423],
         [ 0.0000,  0.0000,  0.0000,  1.0000]]])
2025-04-23T17:10:43.167140 - Final transform:
[[-0.08 -1.   -0.02  0.01]
 [-0.62  0.06 -0.79 -0.07]
 [ 0.78 -0.05 -0.62  0.75]
 [ 0.    0.    0.    1.  ]]
2025-04-23T17:10:43.167140 - Pose:
tensor([[[-0.0804, -0.9966, -0.0166,  0.0138],
         [-0.6161,  0.0628, -0.7851, -0.0806],
         [ 0.7835, -0.0529, -0.6191,  0.7425],
         [ 0.0000,  0.0000,  0.0000,  1.0000]]])
2025-04-23T17:10:43.234801 - Final transform:
[[-0.07 -1.   -0.02  0.01]
 [-0.62  0.06 -0.78 -0.07]
 [ 0.78 -0.05 -0.62  0.75]
 [ 0.    0.    0.    1.  ]]
2025-04-23T17:10:43.234801 - Pose:
tensor([[[-0.0719, -0.9973, -0.0157,  0.0138],
         [-0.6172,  0.0569, -0.7848, -0.0802],
         [ 0.7835, -0.0467, -0.6196,  0.7428],
         [ 0.0000,  0.0000,  0.0000,  1.0000]]])
2025-04-23T17:10:43.301180 - Final transform:
[[-0.1  -0.99 -0.01  0.01]
 [-0.62  0.07 -0.78 -0.07]
 [ 0.78 -0.07 -0.62  0.75]
 [ 0.    0.    0.    1.  ]]
2025-04-23T17:10:43.301180 - Pose:
tensor([[[-0.1000, -0.9949, -0.0116,  0.0139],
         [-0.6192,  0.0714, -0.7820, -0.0811],
         [ 0.7788, -0.0710, -0.6232,  0.7422],
         [ 0.0000,  0.0000,  0.0000,  1.0000]]])
2025-04-23T17:10:43.367602 - Final transform:
[[-0.06 -1.   -0.02  0.01]
 [-0.62  0.05 -0.78 -0.07]
 [ 0.78 -0.04 -0.62  0.75]
 [ 0.    0.    0.    1.  ]]
2025-04-23T17:10:43.367602 - Pose:
tensor([[[-0.0568, -0.9983, -0.0150,  0.0142],
         [-0.6230,  0.0472, -0.7808, -0.0809],
         [ 0.7801, -0.0350, -0.6246,  0.7423],
         [ 0.0000,  0.0000,  0.0000,  1.0000]]])
2025-04-23T17:10:43.441273 - Final transform:
[[-0.11 -0.99 -0.01  0.01]
 [-0.62  0.08 -0.78 -0.07]
 [ 0.77 -0.08 -0.63  0.75]
 [ 0.    0.    0.    1.  ]]
2025-04-23T17:10:43.441273 - Pose:
tensor([[[-0.1076, -0.9941, -0.0135,  0.0137],
         [-0.6232,  0.0781, -0.7781, -0.0807],
         [ 0.7746, -0.0753, -0.6279,  0.7421],
         [ 0.0000,  0.0000,  0.0000,  1.0000]]])
2025-04-23T17:10:43.506651 - Final transform:
[[-0.07 -1.   -0.02  0.01]
 [-0.62  0.06 -0.78 -0.07]
 [ 0.78 -0.05 -0.62  0.75]
 [ 0.    0.    0.    1.  ]]
2025-04-23T17:10:43.506651 - Pose:
tensor([[[-0.0721, -0.9973, -0.0158,  0.0140],
         [-0.6215,  0.0573, -0.7813, -0.0805],
         [ 0.7800, -0.0466, -0.6240,  0.7423],
         [ 0.0000,  0.0000,  0.0000,  1.0000]]])
2025-04-23T17:10:43.572335 - Final transform:
[[-0.09 -1.   -0.01  0.01]
 [-0.62  0.06 -0.78 -0.07]
 [ 0.78 -0.06 -0.62  0.75]
 [ 0.    0.    0.    1.  ]]
2025-04-23T17:10:43.572335 - Pose:
tensor([[[-0.0872, -0.9961, -0.0124,  0.0139],
         [-0.6191,  0.0639, -0.7827, -0.0810],
         [ 0.7804, -0.0606, -0.6223,  0.7423],
         [ 0.0000,  0.0000,  0.0000,  1.0000]]])
2025-04-23T17:10:43.637879 - Final transform:
[[-0.07 -1.   -0.02  0.01]
 [-0.62  0.06 -0.78 -0.07]
 [ 0.78 -0.04 -0.62  0.75]
 [ 0.    0.    0.    1.  ]]
2025-04-23T17:10:43.637879 - Pose:
tensor([[[-0.0724, -0.9972, -0.0210,  0.0137],
         [-0.6208,  0.0615, -0.7815, -0.0802],
         [ 0.7806, -0.0435, -0.6235,  0.7430],
         [ 0.0000,  0.0000,  0.0000,  1.0000]]])
2025-04-23T17:10:43.701385 - Final transform:
[[-0.07 -1.   -0.02  0.01]
 [-0.61  0.06 -0.79 -0.07]
 [ 0.79 -0.05 -0.62  0.75]
 [ 0.    0.    0.    1.  ]]
2025-04-23T17:10:43.701385 - Pose:
tensor([[[-0.0741, -0.9970, -0.0203,  0.0138],
         [-0.6144,  0.0617, -0.7866, -0.0803],
         [ 0.7855, -0.0459, -0.6172,  0.7434],
         [ 0.0000,  0.0000,  0.0000,  1.0000]]])
2025-04-23T17:10:43.766449 - Final transform:
[[-0.08 -1.   -0.02  0.01]
 [-0.61  0.06 -0.79 -0.07]
 [ 0.78 -0.06 -0.62  0.75]
 [ 0.    0.    0.    1.  ]]
2025-04-23T17:10:43.766449 - Pose:
tensor([[[-0.0818, -0.9965, -0.0151,  0.0140],
         [-0.6142,  0.0623, -0.7867, -0.0803],
         [ 0.7849, -0.0551, -0.6171,  0.7426],
         [ 0.0000,  0.0000,  0.0000,  1.0000]]])
2025-04-23T17:10:43.833541 - Final transform:
[[-0.11 -0.99 -0.02  0.01]
 [-0.61  0.08 -0.79 -0.07]
 [ 0.78 -0.07 -0.62  0.75]
 [ 0.    0.    0.    1.  ]]
2025-04-23T17:10:43.833541 - Pose:
tensor([[[-0.1051, -0.9943, -0.0151,  0.0134],
         [-0.6146,  0.0769, -0.7851, -0.0805],
         [ 0.7818, -0.0733, -0.6192,  0.7432],
         [ 0.0000,  0.0000,  0.0000,  1.0000]]])
2025-04-23T17:10:43.904295 - Final transform:
[[-0.09 -1.   -0.01  0.01]
 [-0.62  0.07 -0.78 -0.07]
 [ 0.78 -0.07 -0.62  0.75]
 [ 0.    0.    0.    1.  ]]
2025-04-23T17:10:43.904295 - Pose:
tensor([[[-0.0950, -0.9954, -0.0147,  0.0138],
         [-0.6190,  0.0706, -0.7822, -0.0809],
         [ 0.7796, -0.0652, -0.6228,  0.7423],
         [ 0.0000,  0.0000,  0.0000,  1.0000]]])
2025-04-23T17:10:43.970634 - Final transform:
[[-0.08 -1.   -0.01  0.01]
 [-0.62  0.06 -0.78 -0.07]
 [ 0.78 -0.05 -0.63  0.75]
 [ 0.    0.    0.    1.  ]]
2025-04-23T17:10:43.970634 - Pose:
tensor([[[-0.0775, -0.9969, -0.0135,  0.0139],
         [-0.6229,  0.0590, -0.7801, -0.0807],
         [ 0.7784, -0.0520, -0.6256,  0.7425],
         [ 0.0000,  0.0000,  0.0000,  1.0000]]])
2025-04-23T17:10:44.036459 - Final transform:
[[-0.09 -1.   -0.01  0.01]
 [-0.61  0.07 -0.79 -0.07]
 [ 0.78 -0.07 -0.62  0.75]
 [ 0.    0.    0.    1.  ]]
2025-04-23T17:10:44.036459 - Pose:
tensor([[[-0.0940, -0.9955, -0.0122,  0.0138],
         [-0.6148,  0.0676, -0.7858, -0.0805],
         [ 0.7830, -0.0664, -0.6184,  0.7434],
         [ 0.0000,  0.0000,  0.0000,  1.0000]]])
2025-04-23T17:10:44.100204 - Final transform:
[[-0.09 -1.   -0.01  0.01]
 [-0.62  0.07 -0.78 -0.07]
 [ 0.78 -0.07 -0.63  0.75]
 [ 0.    0.    0.    1.  ]]
2025-04-23T17:10:44.100204 - Pose:
tensor([[[-0.0926, -0.9957, -0.0096,  0.0137],
         [-0.6249,  0.0656, -0.7780, -0.0812],
         [ 0.7752, -0.0661, -0.6282,  0.7425],
         [ 0.0000,  0.0000,  0.0000,  1.0000]]])
2025-04-23T17:10:44.166044 - Final transform:
[[-0.1  -0.99 -0.01  0.01]
 [-0.61  0.07 -0.79 -0.07]
 [ 0.78 -0.07 -0.62  0.75]
 [ 0.    0.    0.    1.  ]]
2025-04-23T17:10:44.166044 - Pose:
tensor([[[-0.1005, -0.9948, -0.0141,  0.0136],
         [-0.6132,  0.0731, -0.7865, -0.0804],
         [ 0.7835, -0.0704, -0.6174,  0.7427],
         [ 0.0000,  0.0000,  0.0000,  1.0000]]])
2025-04-23T17:10:44.230661 - Final transform:
[[-0.09 -1.   -0.01  0.01]
 [-0.62  0.07 -0.78 -0.07]
 [ 0.78 -0.07 -0.63  0.75]
 [ 0.    0.    0.    1.  ]]
2025-04-23T17:10:44.230661 - Pose:
tensor([[[-0.0927, -0.9956, -0.0112,  0.0138],
         [-0.6234,  0.0668, -0.7791, -0.0806],
         [ 0.7764, -0.0653, -0.6268,  0.7423],
         [ 0.0000,  0.0000,  0.0000,  1.0000]]])
2025-04-23T17:10:44.295854 - Final transform:
[[-0.05 -1.   -0.02  0.01]
 [-0.62  0.05 -0.78 -0.07]
 [ 0.78 -0.03 -0.62  0.75]
 [ 0.    0.    0.    1.  ]]
2025-04-23T17:10:44.295854 - Pose:
tensor([[[-0.0537, -0.9984, -0.0161,  0.0141],
         [-0.6191,  0.0459, -0.7840, -0.0806],
         [ 0.7835, -0.0321, -0.6206,  0.7430],
         [ 0.0000,  0.0000,  0.0000,  1.0000]]])
2025-04-23T17:10:44.364055 - Final transform:
[[-0.05 -1.   -0.02  0.01]
 [-0.62  0.05 -0.78 -0.07]
 [ 0.78 -0.03 -0.63  0.75]
 [ 0.    0.    0.    1.  ]]
2025-04-23T17:10:44.364055 - Pose:
tensor([[[-0.0534, -0.9984, -0.0192,  0.0140],
         [-0.6241,  0.0484, -0.7799, -0.0803],
         [ 0.7795, -0.0297, -0.6256,  0.7427],
         [ 0.0000,  0.0000,  0.0000,  1.0000]]])
2025-04-23T17:10:44.435959 - Final transform:
[[-0.08 -1.   -0.02  0.01]
 [-0.62  0.07 -0.78 -0.07]
 [ 0.78 -0.05 -0.62  0.75]
 [ 0.    0.    0.    1.  ]]
2025-04-23T17:10:44.435959 - Pose:
tensor([[[-0.0833, -0.9963, -0.0197,  0.0136],
         [-0.6190,  0.0672, -0.7825, -0.0805],
         [ 0.7809, -0.0530, -0.6224,  0.7430],
         [ 0.0000,  0.0000,  0.0000,  1.0000]]])
2025-04-23T17:10:44.499530 - Final transform:
[[-0.11 -0.99 -0.01  0.01]
 [-0.62  0.08 -0.78 -0.07]
 [ 0.78 -0.08 -0.62  0.75]
 [ 0.    0.    0.    1.  ]]
2025-04-23T17:10:44.499530 - Pose:
tensor([[[-0.1107, -0.9937, -0.0145,  0.0138],
         [-0.6178,  0.0803, -0.7823, -0.0809],
         [ 0.7785, -0.0776, -0.6228,  0.7427],
         [ 0.0000,  0.0000,  0.0000,  1.0000]]])
2025-04-23T17:10:44.566543 - Final transform:
[[-0.08 -1.   -0.01  0.01]
 [-0.62  0.06 -0.78 -0.07]
 [ 0.78 -0.05 -0.63  0.75]
 [ 0.    0.    0.    1.  ]]
2025-04-23T17:10:44.566543 - Pose:
tensor([[[-0.0805, -0.9966, -0.0145,  0.0136],
         [-0.6229,  0.0617, -0.7798, -0.0808],
         [ 0.7781, -0.0538, -0.6258,  0.7428],
         [ 0.0000,  0.0000,  0.0000,  1.0000]]])
2025-04-23T17:10:44.630835 - Final transform:
[[-0.1  -1.   -0.01  0.01]
 [-0.62  0.07 -0.78 -0.07]
 [ 0.78 -0.07 -0.62  0.75]
 [ 0.    0.    0.    1.  ]]
2025-04-23T17:10:44.630835 - Pose:
tensor([[[-0.0965, -0.9952, -0.0135,  0.0138],
         [-0.6195,  0.0706, -0.7818, -0.0807],
         [ 0.7790, -0.0671, -0.6234,  0.7427],
         [ 0.0000,  0.0000,  0.0000,  1.0000]]])
2025-04-23T17:10:44.694608 - Final transform:
[[-0.08 -1.   -0.01  0.01]
 [-0.62  0.06 -0.79 -0.07]
 [ 0.78 -0.06 -0.62  0.75]
 [ 0.    0.    0.    1.  ]]
2025-04-23T17:10:44.694608 - Pose:
tensor([[[-0.0829, -0.9965, -0.0145,  0.0139],
         [-0.6156,  0.0626, -0.7856, -0.0804],
         [ 0.7837, -0.0562, -0.6186,  0.7429],
         [ 0.0000,  0.0000,  0.0000,  1.0000]]])
2025-04-23T17:10:44.766196 - Final transform:
[[-0.11 -0.99 -0.01  0.01]
 [-0.62  0.08 -0.78 -0.07]
 [ 0.78 -0.08 -0.62  0.75]
 [ 0.    0.    0.    1.  ]]
2025-04-23T17:10:44.766196 - Pose:
tensor([[[-0.1138, -0.9934, -0.0138,  0.0138],
         [-0.6160,  0.0814, -0.7835, -0.0811],
         [ 0.7795, -0.0807, -0.6212,  0.7420],
         [ 0.0000,  0.0000,  0.0000,  1.0000]]])
2025-04-23T17:10:44.832281 - Final transform:
[[-0.09 -1.   -0.02  0.01]
 [-0.62  0.07 -0.78 -0.07]
 [ 0.78 -0.06 -0.63  0.75]
 [ 0.    0.    0.    1.  ]]
2025-04-23T17:10:44.832281 - Pose:
tensor([[[-0.0931, -0.9955, -0.0150,  0.0139],
         [-0.6235,  0.0700, -0.7787, -0.0809],
         [ 0.7763, -0.0631, -0.6272,  0.7425],
         [ 0.0000,  0.0000,  0.0000,  1.0000]]])
2025-04-23T17:10:44.898157 - Final transform:
[[-0.08 -1.   -0.01  0.01]
 [-0.62  0.06 -0.79 -0.07]
 [ 0.78 -0.05 -0.62  0.75]
 [ 0.    0.    0.    1.  ]]
2025-04-23T17:10:44.898157 - Pose:
tensor([[[-0.0791, -0.9968, -0.0131,  0.0139],
         [-0.6155,  0.0592, -0.7859, -0.0804],
         [ 0.7842, -0.0541, -0.6182,  0.7434],
         [ 0.0000,  0.0000,  0.0000,  1.0000]]])
2025-04-23T17:10:44.962995 - Final transform:
[[-0.09 -1.   -0.02  0.01]
 [-0.62  0.07 -0.78 -0.07]
 [ 0.78 -0.06 -0.63  0.75]
 [ 0.    0.    0.    1.  ]]
2025-04-23T17:10:44.962995 - Pose:
tensor([[[-0.0920, -0.9956, -0.0163,  0.0138],
         [-0.6223,  0.0703, -0.7796, -0.0812],
         [ 0.7773, -0.0616, -0.6261,  0.7421],
         [ 0.0000,  0.0000,  0.0000,  1.0000]]])
2025-04-23T17:10:45.028362 - Final transform:
[[-0.09 -1.   -0.02  0.01]
 [-0.62  0.07 -0.78 -0.07]
 [ 0.78 -0.06 -0.62  0.75]
 [ 0.    0.    0.    1.  ]]
2025-04-23T17:10:45.028362 - Pose:
tensor([[[-0.0935, -0.9954, -0.0186,  0.0137],
         [-0.6170,  0.0726, -0.7836, -0.0806],
         [ 0.7814, -0.0618, -0.6210,  0.7426],
         [ 0.0000,  0.0000,  0.0000,  1.0000]]])
2025-04-23T17:10:45.092679 - Final transform:
[[-0.09 -1.   -0.02  0.01]
 [-0.62  0.07 -0.78 -0.07]
 [ 0.78 -0.06 -0.62  0.75]
 [ 0.    0.    0.    1.  ]]
2025-04-23T17:10:45.092679 - Pose:
tensor([[[-0.0876, -0.9959, -0.0202,  0.0137],
         [-0.6179,  0.0702, -0.7831, -0.0803],
         [ 0.7814, -0.0561, -0.6215,  0.7432],
         [ 0.0000,  0.0000,  0.0000,  1.0000]]])
2025-04-23T17:10:45.156248 - Final transform:
[[-0.1  -1.   -0.01  0.01]
 [-0.61  0.07 -0.79 -0.07]
 [ 0.78 -0.07 -0.62  0.75]
 [ 0.    0.    0.    1.  ]]
2025-04-23T17:10:45.156248 - Pose:
tensor([[[-0.0957, -0.9953, -0.0145,  0.0138],
         [-0.6149,  0.0706, -0.7855, -0.0806],
         [ 0.7828, -0.0662, -0.6187,  0.7425],
         [ 0.0000,  0.0000,  0.0000,  1.0000]]])
2025-04-23T17:10:45.222014 - Final transform:
[[-0.07 -1.   -0.02  0.01]
 [-0.62  0.06 -0.78 -0.07]
 [ 0.78 -0.05 -0.62  0.75]
 [ 0.    0.    0.    1.  ]]
2025-04-23T17:10:45.222014 - Pose:
tensor([[[-0.0736, -0.9971, -0.0171,  0.0138],
         [-0.6192,  0.0591, -0.7830, -0.0802],
         [ 0.7818, -0.0470, -0.6218,  0.7430],
         [ 0.0000,  0.0000,  0.0000,  1.0000]]])
2025-04-23T17:10:45.288227 - Final transform:
[[-0.09 -1.   -0.02  0.01]
 [-0.62  0.07 -0.78 -0.07]
 [ 0.78 -0.06 -0.62  0.75]
 [ 0.    0.    0.    1.  ]]
2025-04-23T17:10:45.288227 - Pose:
tensor([[[-0.0883, -0.9960, -0.0153,  0.0138],
         [-0.6192,  0.0669, -0.7824, -0.0802],
         [ 0.7803, -0.0596, -0.6226,  0.7425],
         [ 0.0000,  0.0000,  0.0000,  1.0000]]])
2025-04-23T17:10:45.353999 - Final transform:
[[-0.1  -0.99 -0.01  0.01]
 [-0.62  0.07 -0.78 -0.07]
 [ 0.78 -0.07 -0.62  0.75]
 [ 0.    0.    0.    1.  ]]
2025-04-23T17:10:45.353999 - Pose:
tensor([[[-0.1026, -0.9947, -0.0115,  0.0138],
         [-0.6159,  0.0726, -0.7845, -0.0804],
         [ 0.7811, -0.0734, -0.6200,  0.7434],
         [ 0.0000,  0.0000,  0.0000,  1.0000]]])
2025-04-23T17:10:45.420193 - Final transform:
[[-0.08 -1.   -0.02  0.01]
 [-0.62  0.06 -0.78 -0.07]
 [ 0.78 -0.05 -0.62  0.75]
 [ 0.    0.    0.    1.  ]]
2025-04-23T17:10:45.420193 - Pose:
tensor([[[-0.0818, -0.9965, -0.0160,  0.0138],
         [-0.6206,  0.0635, -0.7815, -0.0806],
         [ 0.7798, -0.0540, -0.6237,  0.7420],
         [ 0.0000,  0.0000,  0.0000,  1.0000]]])
2025-04-23T17:10:45.491912 - Final transform:
[[-0.07 -1.   -0.02  0.01]
 [-0.62  0.05 -0.79 -0.07]
 [ 0.79 -0.04 -0.62  0.75]
 [ 0.    0.    0.    1.  ]]
2025-04-23T17:10:45.491912 - Pose:
tensor([[[-0.0653, -0.9977, -0.0164,  0.0135],
         [-0.6154,  0.0532, -0.7865, -0.0805],
         [ 0.7855, -0.0413, -0.6174,  0.7423],
         [ 0.0000,  0.0000,  0.0000,  1.0000]]])
2025-04-23T17:10:45.560780 - Final transform:
[[-0.07 -1.   -0.02  0.01]
 [-0.62  0.06 -0.78 -0.07]
 [ 0.78 -0.04 -0.62  0.75]
 [ 0.    0.    0.    1.  ]]
2025-04-23T17:10:45.560780 - Pose:
tensor([[[-0.0672, -0.9976, -0.0171,  0.0138],
         [-0.6201,  0.0552, -0.7826, -0.0805],
         [ 0.7817, -0.0420, -0.6223,  0.7427],
         [ 0.0000,  0.0000,  0.0000,  1.0000]]])
2025-04-23T17:10:45.633434 - Final transform:
[[-0.08 -1.   -0.01  0.01]
 [-0.62  0.06 -0.79 -0.07]
 [ 0.78 -0.06 -0.62  0.75]
 [ 0.    0.    0.    1.  ]]
2025-04-23T17:10:45.633434 - Pose:
tensor([[[-0.0816, -0.9966, -0.0144,  0.0138],
         [-0.6150,  0.0617, -0.7861, -0.0803],
         [ 0.7843, -0.0553, -0.6180,  0.7427],
         [ 0.0000,  0.0000,  0.0000,  1.0000]]])
2025-04-23T17:10:45.701454 - Final transform:
[[-0.09 -1.   -0.01  0.01]
 [-0.62  0.07 -0.78 -0.07]
 [ 0.78 -0.06 -0.62  0.75]
 [ 0.    0.    0.    1.  ]]
2025-04-23T17:10:45.701454 - Pose:
tensor([[[-0.0909, -0.9958, -0.0138,  0.0137],
         [-0.6159,  0.0671, -0.7850, -0.0806],
         [ 0.7826, -0.0628, -0.6194,  0.7424],
         [ 0.0000,  0.0000,  0.0000,  1.0000]]])
2025-04-23T17:10:45.768841 - Final transform:
[[-0.09 -1.   -0.01  0.01]
 [-0.61  0.06 -0.79 -0.07]
 [ 0.78 -0.06 -0.62  0.75]
 [ 0.    0.    0.    1.  ]]
2025-04-23T17:10:45.768841 - Pose:
tensor([[[-0.0881, -0.9961, -0.0098,  0.0136],
         [-0.6141,  0.0620, -0.7868, -0.0805],
         [ 0.7843, -0.0633, -0.6172,  0.7425],
         [ 0.0000,  0.0000,  0.0000,  1.0000]]])
2025-04-23T17:10:45.835354 - Final transform:
[[-0.09 -1.   -0.01  0.01]
 [-0.62  0.06 -0.78 -0.07]
 [ 0.78 -0.06 -0.62  0.75]
 [ 0.    0.    0.    1.  ]]
2025-04-23T17:10:45.835354 - Pose:
tensor([[[-0.0885, -0.9960, -0.0128,  0.0138],
         [-0.6169,  0.0649, -0.7844, -0.0802],
         [ 0.7821, -0.0615, -0.6201,  0.7425],
         [ 0.0000,  0.0000,  0.0000,  1.0000]]])
2025-04-23T17:10:45.903164 - Final transform:
[[-0.08 -1.   -0.02  0.01]
 [-0.62  0.06 -0.78 -0.07]
 [ 0.78 -0.06 -0.63  0.75]
 [ 0.    0.    0.    1.  ]]
2025-04-23T17:10:45.903164 - Pose:
tensor([[[-0.0844, -0.9963, -0.0157,  0.0139],
         [-0.6219,  0.0650, -0.7804, -0.0805],
         [ 0.7786, -0.0561, -0.6251,  0.7425],
         [ 0.0000,  0.0000,  0.0000,  1.0000]]])
2025-04-23T17:10:45.970001 - Final transform:
[[-0.08 -1.   -0.02  0.01]
 [-0.62  0.06 -0.78 -0.07]
 [ 0.78 -0.06 -0.62  0.75]
 [ 0.    0.    0.    1.  ]]
2025-04-23T17:10:45.970001 - Pose:
tensor([[[-0.0841, -0.9963, -0.0155,  0.0139],
         [-0.6179,  0.0644, -0.7836, -0.0804],
         [ 0.7817, -0.0563, -0.6211,  0.7432],
         [ 0.0000,  0.0000,  0.0000,  1.0000]]])
2025-04-23T17:10:46.038355 - Final transform:
[[-0.09 -1.   -0.01  0.01]
 [-0.62  0.06 -0.79 -0.07]
 [ 0.78 -0.06 -0.62  0.75]
 [ 0.    0.    0.    1.  ]]
2025-04-23T17:10:46.038355 - Pose:
tensor([[[-0.0875, -0.9961, -0.0121,  0.0137],
         [-0.6156,  0.0636, -0.7855, -0.0806],
         [ 0.7832, -0.0613, -0.6188,  0.7427],
         [ 0.0000,  0.0000,  0.0000,  1.0000]]])
2025-04-23T17:10:46.102941 - Final transform:
[[-0.07 -1.   -0.02  0.01]
 [-0.62  0.06 -0.78 -0.07]
 [ 0.78 -0.05 -0.62  0.75]
 [ 0.    0.    0.    1.  ]]
2025-04-23T17:10:46.102941 - Pose:
tensor([[[-0.0731, -0.9972, -0.0168,  0.0137],
         [-0.6188,  0.0586, -0.7834, -0.0804],
         [ 0.7821, -0.0469, -0.6214,  0.7426],
         [ 0.0000,  0.0000,  0.0000,  1.0000]]])
2025-04-23T17:10:46.168061 - Final transform:
[[-0.07 -1.   -0.02  0.01]
 [-0.62  0.06 -0.78 -0.07]
 [ 0.78 -0.05 -0.62  0.75]
 [ 0.    0.    0.    1.  ]]
2025-04-23T17:10:46.168061 - Pose:
tensor([[[-0.0731, -0.9972, -0.0168,  0.0141],
         [-0.6204,  0.0587, -0.7821, -0.0804],
         [ 0.7809, -0.0468, -0.6229,  0.7423],
         [ 0.0000,  0.0000,  0.0000,  1.0000]]])
2025-04-23T17:10:46.240369 - Final transform:
[[-0.09 -1.   -0.02  0.01]
 [-0.62  0.07 -0.78 -0.07]
 [ 0.78 -0.06 -0.62  0.75]
 [ 0.    0.    0.    1.  ]]
2025-04-23T17:10:46.240369 - Pose:
tensor([[[-0.0912, -0.9957, -0.0179,  0.0140],
         [-0.6189,  0.0707, -0.7823, -0.0804],
         [ 0.7802, -0.0603, -0.6227,  0.7426],
         [ 0.0000,  0.0000,  0.0000,  1.0000]]])
2025-04-23T17:10:46.308790 - Final transform:
[[-0.09 -1.   -0.02  0.01]
 [-0.62  0.07 -0.78 -0.07]
 [ 0.78 -0.06 -0.62  0.75]
 [ 0.    0.    0.    1.  ]]
2025-04-23T17:10:46.308790 - Pose:
tensor([[[-0.0894, -0.9959, -0.0164,  0.0140],
         [-0.6174,  0.0683, -0.7837, -0.0804],
         [ 0.7816, -0.0599, -0.6209,  0.7425],
         [ 0.0000,  0.0000,  0.0000,  1.0000]]])
2025-04-23T17:10:46.383285 - Final transform:
[[-0.09 -1.   -0.01  0.01]
 [-0.62  0.07 -0.78 -0.07]
 [ 0.78 -0.06 -0.62  0.75]
 [ 0.    0.    0.    1.  ]]
2025-04-23T17:10:46.383285 - Pose:
tensor([[[-0.0921, -0.9956, -0.0141,  0.0139],
         [-0.6202,  0.0684, -0.7815, -0.0808],
         [ 0.7790, -0.0633, -0.6238,  0.7423],
         [ 0.0000,  0.0000,  0.0000,  1.0000]]])
2025-04-23T17:10:46.446530 - Final transform:
[[-0.07 -1.   -0.02  0.01]
 [-0.62  0.06 -0.78 -0.07]
 [ 0.78 -0.05 -0.62  0.75]
 [ 0.    0.    0.    1.  ]]
2025-04-23T17:10:46.446530 - Pose:
tensor([[[-0.0725, -0.9972, -0.0181,  0.0139],
         [-0.6179,  0.0592, -0.7840, -0.0806],
         [ 0.7829, -0.0457, -0.6205,  0.7428],
         [ 0.0000,  0.0000,  0.0000,  1.0000]]])
2025-04-23T17:10:46.507192 - Final transform:
[[-0.08 -1.   -0.01  0.01]
 [-0.62  0.06 -0.78 -0.07]
 [ 0.78 -0.05 -0.62  0.75]
 [ 0.    0.    0.    1.  ]]
2025-04-23T17:10:46.507192 - Pose:
tensor([[[-0.0799, -0.9967, -0.0123,  0.0139],
         [-0.6195,  0.0593, -0.7828, -0.0807],
         [ 0.7810, -0.0549, -0.6222,  0.7422],
         [ 0.0000,  0.0000,  0.0000,  1.0000]]])
2025-04-23T17:10:46.571946 - Final transform:
[[-0.1  -0.99 -0.01  0.01]
 [-0.62  0.07 -0.78 -0.07]
 [ 0.78 -0.07 -0.62  0.75]
 [ 0.    0.    0.    1.  ]]
2025-04-23T17:10:46.571946 - Pose:
tensor([[[-0.1001, -0.9949, -0.0141,  0.0137],
         [-0.6166,  0.0731, -0.7839, -0.0807],
         [ 0.7809, -0.0698, -0.6207,  0.7423],
         [ 0.0000,  0.0000,  0.0000,  1.0000]]])
2025-04-23T17:10:46.636504 - Final transform:
[[-0.1  -0.99 -0.01  0.01]
 [-0.62  0.07 -0.78 -0.07]
 [ 0.78 -0.07 -0.63  0.75]
 [ 0.    0.    0.    1.  ]]
2025-04-23T17:10:46.636504 - Pose:
tensor([[[-0.1048, -0.9944, -0.0111,  0.0137],
         [-0.6208,  0.0742, -0.7804, -0.0808],
         [ 0.7769, -0.0749, -0.6252,  0.7423],
         [ 0.0000,  0.0000,  0.0000,  1.0000]]])
2025-04-23T17:10:46.699601 - Final transform:
[[-0.1  -0.99 -0.01  0.01]
 [-0.62  0.08 -0.78 -0.07]
 [ 0.78 -0.07 -0.62  0.75]
 [ 0.    0.    0.    1.  ]]
2025-04-23T17:10:46.699601 - Pose:
tensor([[[-0.1035, -0.9945, -0.0143,  0.0139],
         [-0.6190,  0.0757, -0.7817, -0.0808],
         [ 0.7785, -0.0720, -0.6235,  0.7420],
         [ 0.0000,  0.0000,  0.0000,  1.0000]]])
2025-04-23T17:10:46.763308 - Final transform:
[[-0.06 -1.   -0.02  0.01]
 [-0.61  0.05 -0.79 -0.07]
 [ 0.79 -0.04 -0.62  0.75]
 [ 0.    0.    0.    1.  ]]
2025-04-23T17:10:46.763308 - Pose:
tensor([[[-0.0591, -0.9981, -0.0179,  0.0137],
         [-0.6149,  0.0505, -0.7870, -0.0805],
         [ 0.7864, -0.0355, -0.6167,  0.7433],
         [ 0.0000,  0.0000,  0.0000,  1.0000]]])
2025-04-23T17:10:46.827410 - Final transform:
[[-0.09 -1.   -0.01  0.01]
 [-0.62  0.06 -0.78 -0.07]
 [ 0.78 -0.06 -0.62  0.75]
 [ 0.    0.    0.    1.  ]]
2025-04-23T17:10:46.827410 - Pose:
tensor([[[-0.0858, -0.9962, -0.0131,  0.0137],
         [-0.6176,  0.0634, -0.7840, -0.0807],
         [ 0.7818, -0.0592, -0.6207,  0.7421],
         [ 0.0000,  0.0000,  0.0000,  1.0000]]])
2025-04-23T17:10:46.891426 - Final transform:
[[-0.09 -1.   -0.01  0.01]
 [-0.61  0.06 -0.79 -0.07]
 [ 0.79 -0.06 -0.61  0.75]
 [ 0.    0.    0.    1.  ]]
2025-04-23T17:10:46.891426 - Pose:
tensor([[[-0.0874, -0.9961, -0.0124,  0.0136],
         [-0.6118,  0.0635, -0.7885, -0.0805],
         [ 0.7862, -0.0613, -0.6150,  0.7426],
         [ 0.0000,  0.0000,  0.0000,  1.0000]]])
2025-04-23T17:10:46.955916 - Final transform:
[[-0.09 -1.   -0.01  0.01]
 [-0.62  0.07 -0.78 -0.07]
 [ 0.78 -0.06 -0.62  0.75]
 [ 0.    0.    0.    1.  ]]
2025-04-23T17:10:46.955916 - Pose:
tensor([[[-0.0944, -0.9954, -0.0150,  0.0137],
         [-0.6197,  0.0705, -0.7817, -0.0810],
         [ 0.7791, -0.0645, -0.6235,  0.7419],
         [ 0.0000,  0.0000,  0.0000,  1.0000]]])
2025-04-23T17:10:47.020106 - Final transform:
[[-0.1  -1.   -0.01  0.01]
 [-0.62  0.07 -0.78 -0.07]
 [ 0.78 -0.07 -0.62  0.75]
 [ 0.    0.    0.    1.  ]]
2025-04-23T17:10:47.020106 - Pose:
tensor([[[-0.0951, -0.9954, -0.0147,  0.0137],
         [-0.6194,  0.0707, -0.7819, -0.0809],
         [ 0.7793, -0.0653, -0.6233,  0.7424],
         [ 0.0000,  0.0000,  0.0000,  1.0000]]])
2025-04-23T17:10:47.083503 - Final transform:
[[-0.09 -1.   -0.02  0.01]
 [-0.62  0.07 -0.79 -0.07]
 [ 0.78 -0.06 -0.62  0.75]
 [ 0.    0.    0.    1.  ]]
2025-04-23T17:10:47.083503 - Pose:
tensor([[[-0.0890, -0.9959, -0.0169,  0.0137],
         [-0.6155,  0.0683, -0.7852, -0.0805],
         [ 0.7831, -0.0594, -0.6190,  0.7423],
         [ 0.0000,  0.0000,  0.0000,  1.0000]]])
2025-04-23T17:10:47.146607 - Final transform:
[[-0.09 -1.   -0.01  0.01]
 [-0.62  0.06 -0.78 -0.07]
 [ 0.78 -0.06 -0.62  0.75]
 [ 0.    0.    0.    1.  ]]
2025-04-23T17:10:47.146607 - Pose:
tensor([[[-0.0868, -0.9962, -0.0117,  0.0136],
         [-0.6175,  0.0630, -0.7841, -0.0807],
         [ 0.7818, -0.0608, -0.6206,  0.7431],
         [ 0.0000,  0.0000,  0.0000,  1.0000]]])
2025-04-23T17:10:47.213179 - Final transform:
[[-0.1  -0.99 -0.01  0.01]
 [-0.62  0.08 -0.78 -0.07]
 [ 0.78 -0.07 -0.63  0.75]
 [ 0.    0.    0.    1.  ]]
2025-04-23T17:10:47.213179 - Pose:
tensor([[[-0.1045, -0.9944, -0.0126,  0.0138],
         [-0.6224,  0.0752, -0.7791, -0.0810],
         [ 0.7757, -0.0735, -0.6268,  0.7425],
         [ 0.0000,  0.0000,  0.0000,  1.0000]]])
2025-04-23T17:10:47.281501 - Final transform:
[[-0.08 -1.   -0.01  0.01]
 [-0.62  0.06 -0.78 -0.07]
 [ 0.78 -0.05 -0.62  0.75]
 [ 0.    0.    0.    1.  ]]
2025-04-23T17:10:47.281501 - Pose:
tensor([[[-0.0760, -0.9970, -0.0136,  0.0136],
         [-0.6213,  0.0580, -0.7814, -0.0808],
         [ 0.7799, -0.0509, -0.6239,  0.7425],
         [ 0.0000,  0.0000,  0.0000,  1.0000]]])
2025-04-23T17:10:47.354644 - Final transform:
[[-0.09 -1.   -0.02  0.01]
 [-0.62  0.07 -0.78 -0.07]
 [ 0.78 -0.06 -0.62  0.75]
 [ 0.    0.    0.    1.  ]]
2025-04-23T17:10:47.354644 - Pose:
tensor([[[-0.0940, -0.9954, -0.0156,  0.0137],
         [-0.6196,  0.0708, -0.7817, -0.0806],
         [ 0.7793, -0.0638, -0.6234,  0.7423],
         [ 0.0000,  0.0000,  0.0000,  1.0000]]])
2025-04-23T17:10:47.422271 - Final transform:
[[-0.1  -1.   -0.01  0.01]
 [-0.62  0.07 -0.78 -0.07]
 [ 0.78 -0.07 -0.62  0.75]
 [ 0.    0.    0.    1.  ]]
2025-04-23T17:10:47.422271 - Pose:
tensor([[[-0.0964, -0.9952, -0.0140,  0.0137],
         [-0.6206,  0.0711, -0.7809, -0.0809],
         [ 0.7782, -0.0666, -0.6245,  0.7426],
         [ 0.0000,  0.0000,  0.0000,  1.0000]]])
2025-04-23T17:10:47.488553 - Final transform:
[[-0.1  -1.   -0.01  0.01]
 [-0.62  0.07 -0.78 -0.07]
 [ 0.78 -0.07 -0.62  0.75]
 [ 0.    0.    0.    1.  ]]
2025-04-23T17:10:47.488553 - Pose:
tensor([[[-0.0960, -0.9953, -0.0116,  0.0137],
         [-0.6179,  0.0687, -0.7833, -0.0808],
         [ 0.7804, -0.0680, -0.6216,  0.7428],
         [ 0.0000,  0.0000,  0.0000,  1.0000]]])
2025-04-23T17:10:47.557951 - Final transform:
[[-0.1  -0.99 -0.01  0.01]
 [-0.62  0.07 -0.78 -0.07]
 [ 0.78 -0.07 -0.62  0.75]
 [ 0.    0.    0.    1.  ]]
2025-04-23T17:10:47.557951 - Pose:
tensor([[[-0.1016, -0.9948, -0.0115,  0.0137],
         [-0.6181,  0.0721, -0.7828, -0.0806],
         [ 0.7795, -0.0724, -0.6222,  0.7428],
         [ 0.0000,  0.0000,  0.0000,  1.0000]]])
2025-04-23T17:10:47.621815 - Final transform:
[[-0.1  -0.99 -0.01  0.01]
 [-0.62  0.07 -0.78 -0.07]
 [ 0.78 -0.07 -0.63  0.75]
 [ 0.    0.    0.    1.  ]]
2025-04-23T17:10:47.621815 - Pose:
tensor([[[-0.1013, -0.9948, -0.0090,  0.0137],
         [-0.6223,  0.0704, -0.7796, -0.0809],
         [ 0.7762, -0.0734, -0.6262,  0.7427],
         [ 0.0000,  0.0000,  0.0000,  1.0000]]])
2025-04-23T17:10:47.688096 - Final transform:
[[-0.11 -0.99 -0.01  0.01]
 [-0.62  0.07 -0.78 -0.07]
 [ 0.78 -0.08 -0.62  0.75]
 [ 0.    0.    0.    1.  ]]
2025-04-23T17:10:47.688096 - Pose:
tensor([[[-0.1056, -0.9944, -0.0079,  0.0137],
         [-0.6202,  0.0721, -0.7811, -0.0808],
         [ 0.7773, -0.0776, -0.6243,  0.7426],
         [ 0.0000,  0.0000,  0.0000,  1.0000]]])
2025-04-23T17:10:47.753110 - Final transform:
[[-0.09 -1.   -0.01  0.01]
 [-0.62  0.06 -0.79 -0.07]
 [ 0.78 -0.06 -0.62  0.75]
 [ 0.    0.    0.    1.  ]]
2025-04-23T17:10:47.753110 - Pose:
tensor([[[-0.0856, -0.9962, -0.0128,  0.0137],
         [-0.6152,  0.0630, -0.7858, -0.0803],
         [ 0.7837, -0.0594, -0.6183,  0.7425],
         [ 0.0000,  0.0000,  0.0000,  1.0000]]])
2025-04-23T17:10:47.818269 - Final transform:
[[-0.1  -1.   -0.02  0.01]
 [-0.61  0.07 -0.79 -0.07]
 [ 0.79 -0.07 -0.62  0.75]
 [ 0.    0.    0.    1.  ]]
2025-04-23T17:10:47.818269 - Pose:
tensor([[[-0.0958, -0.9953, -0.0154,  0.0138],
         [-0.6119,  0.0710, -0.7878, -0.0803],
         [ 0.7852, -0.0660, -0.6158,  0.7432],
         [ 0.0000,  0.0000,  0.0000,  1.0000]]])
2025-04-23T17:10:47.883060 - Final transform:
[[-0.1  -0.99 -0.01  0.01]
 [-0.62  0.07 -0.78 -0.07]
 [ 0.78 -0.08 -0.62  0.75]
 [ 0.    0.    0.    1.  ]]
2025-04-23T17:10:47.883060 - Pose:
tensor([[[-0.1046, -0.9945, -0.0110,  0.0136],
         [-0.6178,  0.0736, -0.7829, -0.0810],
         [ 0.7794, -0.0750, -0.6220,  0.7421],
         [ 0.0000,  0.0000,  0.0000,  1.0000]]])
2025-04-23T17:10:47.949444 - Final transform:
[[-0.1  -1.   -0.01  0.01]
 [-0.62  0.07 -0.78 -0.07]
 [ 0.78 -0.07 -0.62  0.75]
 [ 0.    0.    0.    1.  ]]
2025-04-23T17:10:47.949444 - Pose:
tensor([[[-0.0966, -0.9952, -0.0138,  0.0137],
         [-0.6155,  0.0706, -0.7849, -0.0806],
         [ 0.7822, -0.0674, -0.6194,  0.7422],
         [ 0.0000,  0.0000,  0.0000,  1.0000]]])
2025-04-23T17:10:48.014248 - Final transform:
[[-0.11 -0.99 -0.01  0.01]
 [-0.62  0.07 -0.78 -0.07]
